# x AR CA ca co phi u v
0.00000e+00 6.00000e-01 3.00000e-01 4.99135e-01 4.99135e-01 8.00000e-01 1.00000e+00 -4.28317e+00
1.90490e-03 6.07403e-01 2.91364e-01 5.31391e-01 5.23328e-01 8.02492e-01 1.07817e+00 -4.28600e+00
3.80980e-03 6.07173e-01 2.91632e-01 5.55477e-01 5.43538e-01 8.02355e-01 1.07382e+00 -4.28585e+00
5.71470e-03 6.06896e-01 2.91955e-01 5.73202e-01 5.60804e-01 8.02267e-01 1.07104e+00 -4.28575e+00
7.61960e-03 6.06700e-01 2.92184e-01 5.86019e-01 5.75625e-01 8.02205e-01 1.06907e+00 -4.28568e+00
9.52450e-03 6.06558e-01 2.92349e-01 5.95189e-01 5.89040e-01 8.02160e-01 1.06766e+00 -4.28563e+00
1.14294e-02 6.06452e-01 2.92473e-01 6.01808e-01 6.01169e-01 8.02126e-01 1.06658e+00 -4.28559e+00
1.33343e-02 6.06365e-01 2.92574e-01 6.06857e-01 6.13345e-01 8.02098e-01 1.06570e+00 -4.28556e+00
1.52392e-02 6.06285e-01 2.92668e-01 6.11249e-01 6.25153e-01 8.02072e-01 1.06487e+00 -4.28553e+00
1.71441e-02 6.06200e-01 2.92767e-01 6.15895e-01 6.38536e-01 8.02043e-01 1.06398e+00 -4.28550e+00
1.90490e-02 6.06098e-01 2.92885e-01 6.21747e-01 6.52165e-01 8.02009e-01 1.06291e+00 -4.28546e+00
2.09539e-02 6.05967e-01 2.93039e-01 6.29873e-01 6.69132e-01 8.01965e-01 1.06151e+00 -4.28541e+00
2.28588e-02 6.05789e-01 2.93246e-01 6.41446e-01 6.86452e-01 8.01905e-01 1.05962e+00 -4.28535e+00
2.47637e-02 6.05547e-01 2.93529e-01 6.57794e-01 7.09333e-01 8.01823e-01 1.05703e+00 -4.28526e+00
2.66686e-02 6.05216e-01 2.93914e-01 6.80289e-01 7.31762e-01 8.01710e-01 1.05349e+00 -4.28513e+00
2.85735e-02 6.04774e-01 2.94430e-01 7.10331e-01 7.62840e-01 8.01559e-01 1.04874e+00 -4.28496e+00
3.04784e-02 6.04196e-01 2.95105e-01 7.49104e-01 7.90977e-01 8.01362e-01 1.04255e+00 -4.28474e+00
3.23833e-02 6.03472e-01 2.95949e-01 7.97497e-01 8.32467e-01 8.01125e-01 1.03510e+00 -4.28447e+00
3.42882e-02 6.02615e-01 2.96949e-01 8.55724e-01 8.65337e-01 8.01018e-01 1.03176e+00 -4.28434e+00
3.61931e-02 6.01687e-01 2.98031e-01 9.23100e-01 9.19133e-01 8.03069e-01 1.09644e+00 -4.28663e+00
3.80980e-02 5.55970e-01 3.32640e-01 9.95788e-01 9.51743e-01 8.20821e-01 1.69912e+00 -4.30177e+00
4.00029e-02 5.63989e-01 3.26754e-01 1.04370e+00 1.00116e+00 8.16581e-01 1.54799e+00 -4.29898e+00
4.19078e-02 5.69413e-01 3.22725e-01 1.07468e+00 1.00816e+00 8.14386e-01 1.47154e+00 -4.29732e+00
4.38127e-02 5.72304e-01 3.20574e-01 1.09536e+00 1.04764e+00 8.13199e-01 1.43072e+00 -4.29636e+00
4.57176e-02 5.73903e-01 3.19385e-01 1.10745e+00 1.04340e+00 8.12526e-01 1.40775e+00 -4.29580e+00
4.76225e-02 5.74795e-01 3.18724e-01 1.11503e+00 1.07605e+00 8.12143e-01 1.39473e+00 -4.29548e+00
4.95274e-02 5.75325e-01 3.18334e-01 1.11840e+00 1.06675e+00 8.11911e-01 1.38684e+00 -4.29528e+00
5.14323e-02 5.75631e-01 3.18108e-01 1.12021e+00 1.09386e+00 8.11775e-01 1.38222e+00 -4.29516e+00
5.33372e-02 5.75827e-01 3.17964e-01 1.12009e+00 1.08261e+00 8.11686e-01 1.37920e+00 -4.29509e+00
5.52421e-02 5.75941e-01 3.17881e-01 1.11980e+00 1.10480e+00 8.11634e-01 1.37744e+00 -4.29504e+00
5.71470e-02 5.76022e-01 3.17822e-01 1.11870e+00 1.09342e+00 8.11596e-01 1.37617e+00 -4.29501e+00
5.90519e-02 5.76067e-01 3.17789e-01 1.11799e+00 1.11105e+00 8.11575e-01 1.37547e+00 -4.29499e+00
6.09568e-02 5.76103e-01 3.17763e-01 1.11694e+00 1.10079e+00 8.11558e-01 1.37489e+00 -4.29498e+00
6.28617e-02 5.76121e-01 3.17750e-01 1.11638e+00 1.11410e+00 8.11550e-01 1.37461e+00 -4.29497e+00
6.47666e-02 5.76138e-01 3.17738e-01 1.11566e+00 1.10584e+00 8.11542e-01 1.37433e+00 -4.29496e+00
6.66715e-02 5.76145e-01 3.17732e-01 1.11533e+00 1.11502e+00 8.11538e-01 1.37422e+00 -4.29496e+00
6.85764e-02 5.76153e-01 3.17727e-01 1.11492e+00 1.10940e+00 8.11534e-01 1.37408e+00 -4.29495e+00
7.04813e-02 5.76156e-01 3.17725e-01 1.11478e+00 1.11460e+00 8.11533e-01 1.37404e+00 -4.29495e+00
7.23862e-02 5.76159e-01 3.17722e-01 1.11461e+00 1.11200e+00 8.11532e-01 1.37399e+00 -4.29495e+00
7.42911e-02 5.76160e-01 3.17722e-01 1.11457e+00 1.11329e+00 8.11531e-01 1.37398e+00 -4.29495e+00
7.61960e-02 5.76160e-01 3.17722e-01 1.11459e+00 1.11389e+00 8.11532e-01 1.37399e+00 -4.29495e+00
7.81009e-02 5.76159e-01 3.17723e-01 1.11463e+00 1.11129e+00 8.11532e-01 1.37400e+00 -4.29495e+00
8.00058e-02 5.76155e-01 3.17725e-01 1.11484e+00 1.11511e+00 8.11534e-01 1.37406e+00 -4.29495e+00
8.19107e-02 5.76152e-01 3.17727e-01 1.11500e+00 1.10858e+00 8.11535e-01 1.37411e+00 -4.29496e+00
8.38156e-02 5.76144e-01 3.17733e-01 1.11546e+00 1.11541e+00 8.11540e-01 1.37426e+00 -4.29496e+00
8.57205e-02 5.76136e-01 3.17739e-01 1.11580e+00 1.10485e+00 8.11543e-01 1.37439e+00 -4.29496e+00
8.76254e-02 5.76118e-01 3.17752e-01 1.11658e+00 1.11429e+00 8.11553e-01 1.37470e+00 -4.29497e+00
8.95303e-02 5.76099e-01 3.17766e-01 1.11716e+00 1.09956e+00 8.11562e-01 1.37503e+00 -4.29498e+00
9.14352e-02 5.76061e-01 3.17794e-01 1.11825e+00 1.11096e+00 8.11582e-01 1.37568e+00 -4.29500e+00
9.33401e-02 5.76014e-01 3.17828e-01 1.11894e+00 1.09189e+00 8.11605e-01 1.37648e+00 -4.29502e+00
9.52450e-02 5.75929e-01 3.17889e-01 1.12000e+00 1.10434e+00 8.11648e-01 1.37792e+00 -4.29505e+00
9.71499e-02 5.75811e-01 3.17977e-01 1.12014e+00 1.08072e+00 8.11708e-01 1.37994e+00 -4.29510e+00
9.90548e-02 5.75607e-01 3.18126e-01 1.12004e+00 1.09294e+00 8.11810e-01 1.38341e+00 -4.29519e+00
1.00960e-01 5.75291e-01 3.18358e-01 1.11783e+00 1.06446e+00 8.11968e-01 1.38876e+00 -4.29533e+00
1.02865e-01 5.74747e-01 3.18760e-01 1.11392e+00 1.07459e+00 8.12239e-01 1.39797e+00 -4.29556e+00
1.04769e-01 5.73838e-01 3.19434e-01 1.10555e+00 1.04070e+00 8.12689e-01 1.41331e+00 -4.29594e+00
1.06674e-01 5.72222e-01 3.20635e-01 1.09251e+00 1.04552e+00 8.13487e-01 1.44060e+00 -4.29660e+00
1.08579e-01 5.69334e-01 3.22785e-01 1.07062e+00 1.00505e+00 8.14899e-01 1.48929e+00 -4.29772e+00
1.10484e-01 5.63939e-01 3.26796e-01 1.03833e+00 9.98125e-01 8.17313e-01 1.57372e+00 -4.29950e+00
1.12389e-01 5.53646e-01 3.34397e-01 9.88817e-01 9.48018e-01 8.19015e-01 1.63418e+00 -4.30065e+00
1.14294e-01 6.00437e-01 2.98970e-01 9.13722e-01 9.14200e-01 8.00520e-01 1.01620e+00 -4.28377e+00
1.16199e-01 6.02621e-01 2.96934e-01 8.45402e-01 8.60028e-01 8.00916e-01 1.02856e+00 -4.28423e+00
1.18104e-01 6.03517e-01 2.95897e-01 7.87514e-01 8.27018e-01 8.01195e-01 1.03730e+00 -4.28455e+00
1.20009e-01 6.04247e-01 2.95045e-01 7.40146e-01 7.86131e-01 8.01427e-01 1.04457e+00 -4.28481e+00
1.21914e-01 6.04822e-01 2.94374e-01 7.02763e-01 7.58645e-01 8.01609e-01 1.05030e+00 -4.28501e+00
1.23818e-01 6.05256e-01 2.93867e-01 6.74239e-01 7.28790e-01 8.01747e-01 1.05463e+00 -4.28517e+00
1.25723e-01 6.05576e-01 2.93495e-01 6.53241e-01 7.07722e-01 8.01848e-01 1.05782e+00 -4.28528e+00
1.27628e-01 6.05805e-01 2.93228e-01 6.38305e-01 6.86740e-01 8.01921e-01 1.06011e+00 -4.28536e+00
1.29533e-01 6.05968e-01 2.93038e-01 6.28074e-01 6.71632e-01 8.01972e-01 1.06174e+00 -4.28542e+00
1.31438e-01 6.06081e-01 2.92905e-01 6.21325e-01 6.57523e-01 8.02009e-01 1.06289e+00 -4.28546e+00
1.33343e-01 6.06161e-01 2.92812e-01 6.17061e-01 6.47343e-01 8.02034e-01 1.06368e+00 -4.28549e+00
1.35248e-01 6.06215e-01 2.92749e-01 6.14487e-01 6.38314e-01 8.02051e-01 1.06423e+00 -4.28551e+00
1.37153e-01 6.06253e-01 2.92705e-01 6.13021e-01 6.31866e-01 8.02063e-01 1.06461e+00 -4.28552e+00
1.39058e-01 6.06279e-01 2.92675e-01 6.12240e-01 6.26390e-01 8.02072e-01 1.06487e+00 -4.28553e+00
1.40963e-01 6.06296e-01 2.92654e-01 6.11866e-01 6.22554e-01 8.02077e-01 1.06505e+00 -4.28554e+00
1.42867e-01 6.06308e-01 2.92641e-01 6.11716e-01 6.19416e-01 8.02081e-01 1.06517e+00 -4.28554e+00
1.44772e-01 6.06316e-01 2.92631e-01 6.11681e-01 6.17274e-01 8.02083e-01 1.06525e+00 -4.28555e+00
1.46677e-01 6.06321e-01 2.92625e-01 6.11696e-01 6.15576e-01 8.02085e-01 1.06530e+00 -4.28555e+00
1.48582e-01 6.06325e-01 2.92621e-01 6.11729e-01 6.14454e-01 8.02086e-01 1.06533e+00 -4.28555e+00
1.50487e-01 6.06327e-01 2.92619e-01 6.11763e-01 6.13586e-01 8.02087e-01 1.06536e+00 -4.28555e+00
1.52392e-01 6.06328e-01 2.92617e-01 6.11792e-01 6.13036e-01 8.02087e-01 1.06537e+00 -4.28555e+00
1.54297e-01 6.06329e-01 2.92616e-01 6.11814e-01 6.12617e-01 8.02088e-01 1.06538e+00 -4.28555e+00
1.56202e-01 6.06330e-01 2.92615e-01 6.11829e-01 6.12365e-01 8.02088e-01 1.06539e+00 -4.28555e+00
1.58107e-01 6.06330e-01 2.92615e-01 6.11840e-01 6.12173e-01 8.02088e-01 1.06539e+00 -4.28555e+00
1.60012e-01 6.06331e-01 2.92614e-01 6.11847e-01 6.12065e-01 8.02088e-01 1.06539e+00 -4.28555e+00
1.61916e-01 6.06331e-01 2.92614e-01 6.11851e-01 6.11981e-01 8.02088e-01 1.06539e+00 -4.28555e+00
1.63821e-01 6.06331e-01 2.92614e-01 6.11854e-01 6.11938e-01 8.02088e-01 1.06540e+00 -4.28555e+00
1.65726e-01 6.06331e-01 2.92614e-01 6.11856e-01 6.11903e-01 8.02088e-01 1.06540e+00 -4.28555e+00
1.67631e-01 6.06331e-01 2.92614e-01 6.11857e-01 6.11888e-01 8.02088e-01 1.06540e+00 -4.28555e+00
1.69536e-01 6.06331e-01 2.92614e-01 6.11857e-01 6.11874e-01 8.02088e-01 1.06540e+00 -4.28555e+00
1.71441e-01 6.06331e-01 2.92614e-01 6.11858e-01 6.11869e-01 8.02088e-01 1.06540e+00 -4.28555e+00
1.73346e-01 6.06331e-01 2.92614e-01 6.11858e-01 6.11863e-01 8.02088e-01 1.06540e+00 -4.28555e+00
1.75251e-01 6.06331e-01 2.92614e-01 6.11858e-01 6.11862e-01 8.02088e-01 1.06540e+00 -4.28555e+00
1.77156e-01 6.06331e-01 2.92614e-01 6.11858e-01 6.11859e-01 8.02088e-01 1.06540e+00 -4.28555e+00
1.79061e-01 6.06331e-01 2.92614e-01 6.11858e-01 6.11859e-01 8.02088e-01 1.06540e+00 -4.28555e+00
1.80965e-01 6.06331e-01 2.92614e-01 6.11858e-01 6.11858e-01 8.02088e-01 1.06540e+00 -4.28555e+00
1.82870e-01 6.06331e-01 2.92614e-01 6.11858e-01 6.11858e-01 8.02088e-01 1.06540e+00 -4.28555e+00
1.84775e-01 6.06331e-01 2.92614e-01 6.11858e-01 6.11858e-01 8.02088e-01 1.06540e+00 -4.28555e+00
1.86680e-01 6.06331e-01 2.92614e-01 6.11858e-01 6.11858e-01 8.02088e-01 1.06540e+00 -4.28555e+00
1.88585e-01 6.06331e-01 2.92614e-01 6.11858e-01 6.11858e-01 8.02088e-01 1.06540e+00 -4.28555e+00
1.90490e-01 6.06331e-01 2.92614e-01 6.11858e-01 6.11858e-01 8.02088e-01 1.06540e+00 -4.28555e+00
1.92395e-01 6.06331e-01 2.92614e-01 6.11858e-01 6.11858e-01 8.02088e-01 1.06540e+00 -4.28555e+00
1.94300e-01 6.06331e-01 2.92614e-01 6.11858e-01 6.11858e-01 8.02088e-01 1.06540e+00 -4.28555e+00
1.96205e-01 6.06331e-01 2.92614e-01 6.11858e-01 6.11858e-01 8.02088e-01 1.06540e+00 -4.28555e+00
1.98110e-01 6.06331e-01 2.92614e-01 6.11858e-01 6.11858e-01 8.02088e-01 1.06540e+00 -4.28555e+00
2.00014e-01 6.06331e-01 2.92614e-01 6.11858e-01 6.11858e-01 8.02088e-01 1.06540e+00 -4.28555e+00
2.01919e-01 6.06331e-01 2.92614e-01 6.11858e-01 6.11858e-01 8.02088e-01 1.06540e+00 -4.28555e+00
2.03824e-01 6.06331e-01 2.92614e-01 6.11858e-01 6.11858e-01 8.02088e-01 1.06540e+00 -4.28555e+00
2.05729e-01 6.06331e-01 2.92614e-01 6.11858e-01 6.11858e-01 8.02088e-01 1.06540e+00 -4.28555e+00
2.07634e-01 6.06331e-01 2.92614e-01 6.11858e-01 6.11858e-01 8.02088e-01 1.06540e+00 -4.28555e+00
2.09539e-01 6.06331e-01 2.92614e-01 6.11858e-01 6.11858e-01 8.02088e-01 1.06540e+00 -4.28555e+00
2.11444e-01 6.06331e-01 2.92614e-01 6.11858e-01 6.11858e-01 8.02088e-01 1.06540e+00 -4.28555e+00
2.13349e-01 6.06331e-01 2.92614e-01 6.11858e-01 6.11858e-01 8.02088e-01 1.06540e+00 -4.28555e+00
2.15254e-01 6.06331e-01 2.92614e-01 6.11858e-01 6.11858e-01 8.02088e-01 1.06540e+00 -4.28555e+00
2.17159e-01 6.06331e-01 2.92614e-01 6.11858e-01 6.11858e-01 8.02088e-01 1.06540e+00 -4.28555e+00
2.19063e-01 6.06331e-01 2.92614e-01 6.11858e-01 6.11858e-01 8.02088e-01 1.06540e+00 -4.28555e+00
2.20968e-01 6.06331e-01 2.92614e-01 6.11858e-01 6.11858e-01 8.02088e-01 1.06540e+00 -4.28555e+00
2.22873e-01 6.06331e-01 2.92614e-01 6.11858e-01 6.11858e-01 8.02088e-01 1.06540e+00 -4.28555e+00
2.24778e-01 6.06331e-01 2.92614e-01 6.11858e-01 6.11858e-01 8.02088e-01 1.06540e+00 -4.28555e+00
2.26683e-01 6.06331e-01 2.92614e-01 6.11858e-01 6.11858e-01 8.02088e-01 1.06540e+00 -4.28555e+00
2.28588e-01 6.06331e-01 2.92614e-01 6.11858e-01 6.11858e-01 8.02088e-01 1.06540e+00 -4.28555e+00
2.30493e-01 6.06331e-01 2.92614e-01 6.11858e-01 6.11858e-01 8.02088e-01 1.06540e+00 -4.28555e+00
2.32398e-01 6.06331e-01 2.92614e-01 6.11858e-01 6.11858e-01 8.02088e-01 1.06540e+00 -4.28555e+00
2.34303e-01 6.06331e-01 2.92614e-01 6.11858e-01 6.11858e-01 8.02088e-01 1.06540e+00 -4.28555e+00
2.36208e-01 6.06331e-01 2.92614e-01 6.11858e-01 6.11858e-01 8.02088e-01 1.06540e+00 -4.28555e+00
2.38112e-01 6.06331e-01 2.92614e-01 6.11858e-01 6.11858e-01 8.02088e-01 1.06540e+00 -4.28555e+00
2.40017e-01 6.06331e-01 2.92614e-01 6.11858e-01 6.11858e-01 8.02088e-01 1.06540e+00 -4.28555e+00
2.41922e-01 6.06331e-01 2.92614e-01 6.11858e-01 6.11858e-01 8.02088e-01 1.06540e+00 -4.28555e+00
2.43827e-01 6.06331e-01 2.92614e-01 6.11858e-01 6.11858e-01 8.02088e-01 1.06540e+00 -4.28555e+00
2.45732e-01 6.06331e-01 2.92614e-01 6.11858e-01 6.11858e-01 8.02088e-01 1.06540e+00 -4.28555e+00
2.47637e-01 6.06331e-01 2.92614e-01 6.11858e-01 6.11858e-01 8.02088e-01 1.06540e+00 -4.28555e+00
2.49542e-01 6.06331e-01 2.92614e-01 6.11858e-01 6.11858e-01 8.02088e-01 1.06540e+00 -4.28555e+00
2.51447e-01 6.06331e-01 2.92614e-01 6.11858e-01 6.11858e-01 8.02088e-01 1.06540e+00 -4.28555e+00
2.53352e-01 6.06331e-01 2.92614e-01 6.11858e-01 6.11858e-01 8.02088e-01 1.06540e+00 -4.28555e+00
2.55257e-01 6.06331e-01 2.92614e-01 6.11858e-01 6.11858e-01 8.02088e-01 1.06540e+00 -4.28555e+00
2.57161e-01 6.06331e-01 2.92614e-01 6.11858e-01 6.11858e-01 8.02088e-01 1.06540e+00 -4.28555e+00
2.59066e-01 6.06331e-01 2.92614e-01 6.11858e-01 6.11858e-01 8.02088e-01 1.06540e+00 -4.28555e+00
2.60971e-01 6.06331e-01 2.92614e-01 6.11858e-01 6.11858e-01 8.02088e-01 1.06540e+00 -4.28555e+00
2.62876e-01 6.06331e-01 2.92614e-01 6.11858e-01 6.11858e-01 8.02088e-01 1.06540e+00 -4.28555e+00
2.64781e-01 6.06331e-01 2.92614e-01 6.11858e-01 6.11858e-01 8.02088e-01 1.06540e+00 -4.28555e+00
2.66686e-01 6.06331e-01 2.92614e-01 6.11858e-01 6.11858e-01 8.02088e-01 1.06540e+00 -4.28555e+00
2.68591e-01 6.06331e-01 2.92614e-01 6.11858e-01 6.11858e-01 8.02088e-01 1.06540e+00 -4.28555e+00
2.70496e-01 6.06331e-01 2.92614e-01 6.11858e-01 6.11858e-01 8.02088e-01 1.06540e+00 -4.28555e+00
2.72401e-01 6.06331e-01 2.92614e-01 6.11858e-01 6.11858e-01 8.02088e-01 1.06540e+00 -4.28555e+00
2.74306e-01 6.06331e-01 2.92614e-01 6.11858e-01 6.11858e-01 8.02088e-01 1.06540e+00 -4.28555e+00
2.76210e-01 6.06331e-01 2.92614e-01 6.11858e-01 6.11858e-01 8.02088e-01 1.06540e+00 -4.28555e+00
2.78115e-01 6.06331e-01 2.92614e-01 6.11858e-01 6.11858e-01 8.02088e-01 1.06540e+00 -4.28555e+00
2.80020e-01 6.06331e-01 2.92614e-01 6.11858e-01 6.11858e-01 8.02088e-01 1.06540e+00 -4.28555e+00
2.81925e-01 6.06331e-01 2.92614e-01 6.11858e-01 6.11858e-01 8.02088e-01 1.06540e+00 -4.28555e+00
2.83830e-01 6.06331e-01 2.92614e-01 6.11858e-01 6.11858e-01 8.02088e-01 1.06540e+00 -4.28555e+00
2.85735e-01 6.06331e-01 2.92614e-01 6.11858e-01 6.11858e-01 8.02088e-01 1.06540e+00 -4.28555e+00
2.87640e-01 6.06331e-01 2.92614e-01 6.11858e-01 6.11858e-01 8.02088e-01 1.06540e+00 -4.28555e+00
2.89545e-01 6.06331e-01 2.92614e-01 6.11858e-01 6.11858e-01 8.02088e-01 1.06540e+00 -4.28555e+00
2.91450e-01 6.06331e-01 2.92614e-01 6.11858e-01 6.11858e-01 8.02088e-01 1.06540e+00 -4.28555e+00
2.93355e-01 6.06331e-01 2.92614e-01 6.11858e-01 6.11858e-01 8.02088e-01 1.06540e+00 -4.28555e+00
2.95259e-01 6.06331e-01 2.92614e-01 6.11858e-01 6.11858e-01 8.02088e-01 1.06540e+00 -4.28555e+00
2.97164e-01 6.06331e-01 2.92614e-01 6.11858e-01 6.11858e-01 8.02088e-01 1.06540e+00 -4.28555e+00
2.99069e-01 6.06331e-01 2.92614e-01 6.11858e-01 6.11858e-01 8.02088e-01 1.06540e+00 -4.28555e+00
3.00974e-01 6.06331e-01 2.92614e-01 6.11858e-01 6.11858e-01 8.02088e-01 1.06540e+00 -4.28555e+00
3.02879e-01 6.06331e-01 2.92614e-01 6.11858e-01 6.11858e-01 8.02088e-01 1.06540e+00 -4.28555e+00
3.04784e-01 6.06331e-01 2.92614e-01 6.11858e-01 6.11858e-01 8.02088e-01 1.06540e+00 -4.28555e+00
3.06689e-01 6.06331e-01 2.92614e-01 6.11858e-01 6.11858e-01 8.02088e-01 1.06540e+00 -4.28555e+00
3.08594e-01 6.06331e-01 2.92614e-01 6.11858e-01 6.11858e-01 8.02088e-01 1.06540e+00 -4.28555e+00
3.10499e-01 6.06331e-01 2.92614e-01 6.11858e-01 6.11858e-01 8.02088e-01 1.06540e+00 -4.28555e+00
3.12404e-01 6.06331e-01 2.92614e-01 6.11858e-01 6.11858e-01 8.02088e-01 1.06540e+00 -4.28555e+00
3.14308e-01 6.06331e-01 2.92614e-01 6.11858e-01 6.11858e-01 8.02088e-01 1.06540e+00 -4.28555e+00
3.16213e-01 6.06331e-01 2.92614e-01 6.11858e-01 6.11858e-01 8.02088e-01 1.06540e+00 -4.28555e+00
3.18118e-01 6.06331e-01 2.92614e-01 6.11858e-01 6.11858e-01 8.02088e-01 1.06540e+00 -4.28555e+00
3.20023e-01 6.06331e-01 2.92614e-01 6.11858e-01 6.11858e-01 8.02088e-01 1.06540e+00 -4.28555e+00
3.21928e-01 6.06331e-01 2.92614e-01 6.11858e-01 6.11858e-01 8.02088e-01 1.06540e+00 -4.28555e+00
3.23833e-01 6.06331e-01 2.92614e-01 6.11858e-01 6.11858e-01 8.02088e-01 1.06540e+00 -4.28555e+00
3.25738e-01 6.06331e-01 2.92614e-01 6.11858e-01 6.11858e-01 8.02088e-01 1.06540e+00 -4.28555e+00
3.27643e-01 6.06331e-01 2.92614e-01 6.11858e-01 6.11858e-01 8.02088e-01 1.06540e+00 -4.28555e+00
3.29548e-01 6.06331e-01 2.92614e-01 6.11858e-01 6.11858e-01 8.02088e-01 1.06540e+00 -4.28555e+00
3.31453e-01 6.06331e-01 2.92614e-01 6.11858e-01 6.11858e-01 8.02088e-01 1.06540e+00 -4.28555e+00
3.33357e-01 6.06331e-01 2.92614e-01 6.11858e-01 6.11858e-01 8.02088e-01 1.06540e+00 -4.28555e+00
3.35262e-01 6.06331e-01 2.92614e-01 6.11858e-01 6.11858e-01 8.02088e-01 1.06540e+00 -4.28555e+00
3.37167e-01 6.06331e-01 2.92614e-01 6.11858e-01 6.11858e-01 8.02088e-01 1.06540e+00 -4.28555e+00
3.39072e-01 6.06331e-01 2.92614e-01 6.11858e-01 6.11858e-01 8.02088e-01 1.06540e+00 -4.28555e+00
3.40977e-01 6.06331e-01 2.92614e-01 6.11858e-01 6.11858e-01 8.02088e-01 1.06540e+00 -4.28555e+00
3.42882e-01 6.06331e-01 2.92614e-01 6.11858e-01 6.11858e-01 8.02088e-01 1.06540e+00 -4.28555e+00
3.44787e-01 6.06331e-01 2.92614e-01 6.11858e-01 6.11858e-01 8.02088e-01 1.06540e+00 -4.28555e+00
3.46692e-01 6.06331e-01 2.92614e-01 6.11858e-01 6.11858e-01 8.02088e-01 1.06540e+00 -4.28555e+00
3.48597e-01 6.06331e-01 2.92614e-01 6.11858e-01 6.11858e-01 8.02088e-01 1.06540e+00 -4.28555e+00
3.50502e-01 6.06331e-01 2.92614e-01 6.11858e-01 6.11858e-01 8.02088e-01 1.06540e+00 -4.28555e+00
3.52406e-01 6.06331e-01 2.92614e-01 6.11858e-01 6.11858e-01 8.02088e-01 1.06540e+00 -4.28555e+00
3.54311e-01 6.06331e-01 2.92614e-01 6.11858e-01 6.11858e-01 8.02088e-01 1.06540e+00 -4.28555e+00
3.56216e-01 6.06331e-01 2.92614e-01 6.11858e-01 6.11858e-01 8.02088e-01 1.06540e+00 -4.28555e+00
3.58121e-01 6.06331e-01 2.92614e-01 6.11858e-01 6.11858e-01 8.02088e-01 1.06540e+00 -4.28555e+00
3.60026e-01 6.06331e-01 2.92614e-01 6.11858e-01 6.11858e-01 8.02088e-01 1.06540e+00 -4.28555e+00
3.61931e-01 6.06331e-01 2.92614e-01 6.11858e-01 6.11858e-01 8.02088e-01 1.06540e+00 -4.28555e+00
3.63836e-01 6.06331e-01 2.92614e-01 6.11858e-01 6.11858e-01 8.02088e-01 1.06540e+00 -4.28555e+00
3.65741e-01 6.06331e-01 2.92614e-01 6.11858e-01 6.11858e-01 8.02088e-01 1.06540e+00 -4.28555e+00
3.67646e-01 6.06331e-01 2.92614e-01 6.11858e-01 6.11858e-01 8.02088e-01 1.06540e+00 -4.28555e+00
3.69551e-01 6.06331e-01 2.92614e-01 6.11858e-01 6.11858e-01 8.02088e-01 1.06540e+00 -4.28555e+00
3.71455e-01 6.06331e-01 2.92614e-01 6.11858e-01 6.11858e-01 8.02088e-01 1.06540e+00 -4.28555e+00
3.73360e-01 6.06331e-01 2.92614e-01 6.11858e-01 6.11858e-01 8.02088e-01 1.06540e+00 -4.28555e+00
3.75265e-01 6.06331e-01 2.92614e-01 6.11858e-01 6.11858e-01 8.02088e-01 1.06540e+00 -4.28555e+00
3.77170e-01 6.06331e-01 2.92614e-01 6.11858e-01 6.11858e-01 8.02088e-01 1.06540e+00 -4.28555e+00
3.79075e-01 6.06331e-01 2.92614e-01 6.11858e-01 6.11858e-01 8.02088e-01 1.06540e+00 -4.28555e+00
