# x AR CA ca co phi u v
0.00000e+00 6.00000e-01 3.00000e-01 4.99135e-01 4.99135e-01 8.00000e-01 1.00000e+00 -4.28317e+00
1.90490e-03 6.09422e-01 2.89008e-01 5.34704e-01 5.26975e-01 8.03180e-01 1.10000e+00 -4.28676e+00
3.80980e-03 6.09100e-01 2.89383e-01 5.62059e-01 5.50895e-01 8.02972e-01 1.09337e+00 -4.28653e+00
5.71470e-03 6.08663e-01 2.89894e-01 5.82977e-01 5.71795e-01 8.02834e-01 1.08900e+00 -4.28638e+00
7.61960e-03 6.08336e-01 2.90275e-01 5.98864e-01 5.90474e-01 8.02732e-01 1.08576e+00 -4.28626e+00
9.52450e-03 6.08089e-01 2.90563e-01 6.10972e-01 6.07464e-01 8.02654e-01 1.08329e+00 -4.28618e+00
1.14294e-02 6.07894e-01 2.90790e-01 6.20439e-01 6.23534e-01 8.02592e-01 1.08133e+00 -4.28611e+00
1.33343e-02 6.07728e-01 2.90984e-01 6.28315e-01 6.39001e-01 8.02539e-01 1.07964e+00 -4.28605e+00
1.52392e-02 6.07573e-01 2.91165e-01 6.35608e-01 6.54705e-01 8.02488e-01 1.07804e+00 -4.28600e+00
1.71441e-02 6.07411e-01 2.91354e-01 6.43308e-01 6.70689e-01 8.02435e-01 1.07634e+00 -4.28594e+00
1.90490e-02 6.07226e-01 2.91570e-01 6.52420e-01 6.87997e-01 8.02373e-01 1.07439e+00 -4.28587e+00
2.09539e-02 6.07000e-01 2.91834e-01 6.63973e-01 7.06248e-01 8.02297e-01 1.07198e+00 -4.28578e+00
2.28588e-02 6.06713e-01 2.92169e-01 6.79031e-01 7.26908e-01 8.02199e-01 1.06890e+00 -4.28568e+00
2.47637e-02 6.06344e-01 2.92599e-01 6.98656e-01 7.48877e-01 8.02074e-01 1.06494e+00 -4.28554e+00
2.66686e-02 6.05872e-01 2.93150e-01 7.23877e-01 7.74414e-01 8.01912e-01 1.05985e+00 -4.28536e+00
2.85735e-02 6.05275e-01 2.93845e-01 7.55597e-01 8.01141e-01 8.01708e-01 1.05341e+00 -4.28513e+00
3.04784e-02 6.04543e-01 2.94700e-01 7.94520e-01 8.32792e-01 8.01457e-01 1.04554e+00 -4.28484e+00
3.23833e-02 6.03676e-01 2.95711e-01 8.40999e-01 8.64638e-01 8.01185e-01 1.03698e+00 -4.28453e+00
3.42882e-02 6.02709e-01 2.96839e-01 8.94923e-01 9.03139e-01 8.01194e-01 1.03728e+00 -4.28455e+00
3.61931e-02 6.01718e-01 2.97996e-01 9.55310e-01 9.39024e-01 8.04148e-01 1.13089e+00 -4.28780e+00
3.80980e-02 5.51289e-01 3.36139e-01 1.01913e+00 9.82687e-01 8.22858e-01 1.77345e+00 -4.30291e+00
4.00029e-02 5.59972e-01 3.29762e-01 1.06177e+00 1.00730e+00 8.18048e-01 1.59975e+00 -4.30001e+00
4.19078e-02 5.66507e-01 3.24908e-01 1.09124e+00 1.03557e+00 8.15496e-01 1.51004e+00 -4.29818e+00
4.38127e-02 5.70105e-01 3.22235e-01 1.11084e+00 1.04817e+00 8.14061e-01 1.46035e+00 -4.29706e+00
4.57176e-02 5.72116e-01 3.20746e-01 1.12379e+00 1.06860e+00 8.13232e-01 1.43185e+00 -4.29639e+00
4.76225e-02 5.73280e-01 3.19889e-01 1.13167e+00 1.07506e+00 8.12735e-01 1.41486e+00 -4.29598e+00
4.95274e-02 5.73970e-01 3.19384e-01 1.13634e+00 1.09047e+00 8.12431e-01 1.40452e+00 -4.29572e+00
5.14323e-02 5.74395e-01 3.19076e-01 1.13854e+00 1.09356e+00 8.12240e-01 1.39799e+00 -4.29556e+00
5.33372e-02 5.74658e-01 3.18886e-01 1.13937e+00 1.10534e+00 8.12118e-01 1.39385e+00 -4.29546e+00
5.52421e-02 5.74828e-01 3.18764e-01 1.13915e+00 1.10650e+00 8.12037e-01 1.39112e+00 -4.29539e+00
5.71470e-02 5.74938e-01 3.18685e-01 1.13852e+00 1.11543e+00 8.11984e-01 1.38933e+00 -4.29534e+00
5.90519e-02 5.75013e-01 3.18632e-01 1.13756e+00 1.11549e+00 8.11948e-01 1.38809e+00 -4.29531e+00
6.09568e-02 5.75062e-01 3.18597e-01 1.13663e+00 1.12205e+00 8.11924e-01 1.38727e+00 -4.29529e+00
6.28617e-02 5.75097e-01 3.18573e-01 1.13567e+00 1.12159e+00 8.11907e-01 1.38669e+00 -4.29528e+00
6.47666e-02 5.75120e-01 3.18556e-01 1.13490e+00 1.12614e+00 8.11895e-01 1.38630e+00 -4.29527e+00
6.66715e-02 5.75136e-01 3.18545e-01 1.13422e+00 1.12557e+00 8.11887e-01 1.38601e+00 -4.29526e+00
6.85764e-02 5.75147e-01 3.18537e-01 1.13373e+00 1.12837e+00 8.11881e-01 1.38583e+00 -4.29525e+00
7.04813e-02 5.75154e-01 3.18532e-01 1.13334e+00 1.12798e+00 8.11877e-01 1.38570e+00 -4.29525e+00
7.23862e-02 5.75158e-01 3.18529e-01 1.13312e+00 1.12920e+00 8.11875e-01 1.38563e+00 -4.29525e+00
7.42911e-02 5.75160e-01 3.18528e-01 1.13302e+00 1.12918e+00 8.11874e-01 1.38559e+00 -4.29525e+00
7.61960e-02 5.75160e-01 3.18528e-01 1.13304e+00 1.12890e+00 8.11875e-01 1.38560e+00 -4.29525e+00
7.81009e-02 5.75158e-01 3.18530e-01 1.13320e+00 1.12929e+00 8.11876e-01 1.38565e+00 -4.29525e+00
8.00058e-02 5.75153e-01 3.18533e-01 1.13346e+00 1.12752e+00 8.11879e-01 1.38574e+00 -4.29525e+00
8.19107e-02 5.75145e-01 3.18539e-01 1.13390e+00 1.12825e+00 8.11883e-01 1.38589e+00 -4.29526e+00
8.38156e-02 5.75133e-01 3.18547e-01 1.13444e+00 1.12488e+00 8.11889e-01 1.38611e+00 -4.29526e+00
8.57205e-02 5.75116e-01 3.18559e-01 1.13518e+00 1.12578e+00 8.11899e-01 1.38644e+00 -4.29527e+00
8.76254e-02 5.75091e-01 3.18577e-01 1.13599e+00 1.12063e+00 8.11912e-01 1.38689e+00 -4.29528e+00
8.95303e-02 5.75055e-01 3.18602e-01 1.13697e+00 1.12139e+00 8.11932e-01 1.38757e+00 -4.29530e+00
9.14352e-02 5.75003e-01 3.18639e-01 1.13789e+00 1.11421e+00 8.11960e-01 1.38851e+00 -4.29532e+00
9.33401e-02 5.74925e-01 3.18694e-01 1.13881e+00 1.11441e+00 8.12003e-01 1.38995e+00 -4.29536e+00
9.52450e-02 5.74810e-01 3.18776e-01 1.13930e+00 1.10487e+00 8.12064e-01 1.39203e+00 -4.29541e+00
9.71499e-02 5.74633e-01 3.18904e-01 1.13930e+00 1.10394e+00 8.12159e-01 1.39525e+00 -4.29549e+00
9.90548e-02 5.74360e-01 3.19100e-01 1.13811e+00 1.09155e+00 8.12303e-01 1.40016e+00 -4.29561e+00
1.00960e-01 5.73924e-01 3.19418e-01 1.13542e+00 1.08866e+00 8.12532e-01 1.40795e+00 -4.29581e+00
1.02865e-01 5.73219e-01 3.19933e-01 1.13006e+00 1.07266e+00 8.12898e-01 1.42044e+00 -4.29611e+00
1.04769e-01 5.72039e-01 3.20802e-01 1.12132e+00 1.06636e+00 8.13504e-01 1.44119e+00 -4.29661e+00
1.06674e-01 5.70023e-01 3.22295e-01 1.10730e+00 1.04540e+00 8.14528e-01 1.47646e+00 -4.29743e+00
1.08579e-01 5.66464e-01 3.24941e-01 1.08645e+00 1.03281e+00 8.16294e-01 1.53792e+00 -4.29877e+00
1.10484e-01 5.60004e-01 3.29746e-01 1.05560e+00 1.00414e+00 8.19080e-01 1.63649e+00 -4.30069e+00
1.12389e-01 5.47883e-01 3.38716e-01 1.01128e+00 9.79120e-01 8.20294e-01 1.68009e+00 -4.30146e+00
1.14294e-01 5.99855e-01 2.99402e-01 9.44785e-01 9.34417e-01 8.00518e-01 1.01613e+00 -4.28377e+00
1.16199e-01 6.02688e-01 2.96848e-01 8.83114e-01 8.97990e-01 8.00967e-01 1.03017e+00 -4.28429e+00
1.18104e-01 6.03723e-01 2.95656e-01 8.29247e-01 8.59796e-01 8.01283e-01 1.04006e+00 -4.28465e+00
1.20009e-01 6.04606e-01 2.94627e-01 7.83588e-01 8.28589e-01 8.01561e-01 1.04879e+00 -4.28496e+00
1.21914e-01 6.05340e-01 2.93770e-01 7.45975e-01 7.98132e-01 8.01792e-01 1.05605e+00 -4.28522e+00
1.23818e-01 6.05927e-01 2.93085e-01 7.15851e-01 7.72955e-01 8.01976e-01 1.06186e+00 -4.28543e+00
1.25723e-01 6.06383e-01 2.92553e-01 6.92382e-01 7.49520e-01 8.02119e-01 1.06638e+00 -4.28559e+00
1.27628e-01 6.06730e-01 2.92149e-01 6.74607e-01 7.30130e-01 8.02228e-01 1.06981e+00 -4.28571e+00
1.29533e-01 6.06989e-01 2.91847e-01 6.61524e-01 7.12711e-01 8.02310e-01 1.07238e+00 -4.28580e+00
1.31438e-01 6.07180e-01 2.91623e-01 6.52182e-01 6.98389e-01 8.02370e-01 1.07429e+00 -4.28587e+00
1.33343e-01 6.07320e-01 2.91460e-01 6.45720e-01 6.85905e-01 8.02414e-01 1.07568e+00 -4.28591e+00
1.35248e-01 6.07422e-01 2.91341e-01 6.41406e-01 6.75759e-01 8.02446e-01 1.07670e+00 -4.28595e+00
1.37153e-01 6.07496e-01 2.91255e-01 6.38639e-01 6.67156e-01 8.02469e-01 1.07744e+00 -4.28598e+00
1.39058e-01 6.07549e-01 2.91193e-01 6.36946e-01 6.60275e-01 8.02486e-01 1.07797e+00 -4.28599e+00
1.40963e-01 6.07587e-01 2.91148e-01 6.35972e-01 6.54593e-01 8.02498e-01 1.07835e+00 -4.28601e+00
1.42867e-01 6.07614e-01 2.91117e-01 6.35458e-01 6.50131e-01 8.02507e-01 1.07862e+00 -4.28602e+00
1.44772e-01 6.07634e-01 2.91094e-01 6.35223e-01 6.46541e-01 8.02513e-01 1.07882e+00 -4.28602e+00
1.46677e-01 6.07647e-01 2.91078e-01 6.35149e-01 6.43781e-01 8.02517e-01 1.07896e+00 -4.28603e+00
1.48582e-01 6.07657e-01 2.91067e-01 6.35157e-01 6.41615e-01 8.02520e-01 1.07906e+00 -4.28603e+00
1.50487e-01 6.07664e-01 2.91059e-01 6.35203e-01 6.39985e-01 8.02523e-01 1.07912e+00 -4.28603e+00
1.52392e-01 6.07669e-01 2.91053e-01 6.35259e-01 6.38738e-01 8.02524e-01 1.07917e+00 -4.28604e+00
1.54297e-01 6.07672e-01 2.91049e-01 6.35312e-01 6.37822e-01 8.02525e-01 1.07920e+00 -4.28604e+00
1.56202e-01 6.07674e-01 2.91047e-01 6.35358e-01 6.37137e-01 8.02526e-01 1.07923e+00 -4.28604e+00
1.58107e-01 6.07676e-01 2.91045e-01 6.35394e-01 6.36646e-01 8.02526e-01 1.07924e+00 -4.28604e+00
1.60012e-01 6.07677e-01 2.91044e-01 6.35421e-01 6.36287e-01 8.02527e-01 1.07925e+00 -4.28604e+00
1.61916e-01 6.07678e-01 2.91043e-01 6.35440e-01 6.36036e-01 8.02527e-01 1.07926e+00 -4.28604e+00
1.63821e-01 6.07678e-01 2.91042e-01 6.35454e-01 6.35856e-01 8.02527e-01 1.07926e+00 -4.28604e+00
1.65726e-01 6.07678e-01 2.91042e-01 6.35464e-01 6.35734e-01 8.02527e-01 1.07927e+00 -4.28604e+00
1.67631e-01 6.07679e-01 2.91042e-01 6.35470e-01 6.35648e-01 8.02527e-01 1.07927e+00 -4.28604e+00
1.69536e-01 6.07679e-01 2.91042e-01 6.35474e-01 6.35592e-01 8.02527e-01 1.07927e+00 -4.28604e+00
1.71441e-01 6.07679e-01 2.91041e-01 6.35477e-01 6.35553e-01 8.02527e-01 1.07927e+00 -4.28604e+00
1.73346e-01 6.07679e-01 2.91041e-01 6.35479e-01 6.35527e-01 8.02527e-01 1.07927e+00 -4.28604e+00
1.75251e-01 6.07679e-01 2.91041e-01 6.35480e-01 6.35510e-01 8.02527e-01 1.07927e+00 -4.28604e+00
1.77156e-01 6.07679e-01 2.91041e-01 6.35480e-01 6.35500e-01 8.02527e-01 1.07927e+00 -4.28604e+00
1.79061e-01 6.07679e-01 2.91041e-01 6.35481e-01 6.35493e-01 8.02527e-01 1.07927e+00 -4.28604e+00
1.80965e-01 6.07679e-01 2.91041e-01 6.35481e-01 6.35488e-01 8.02527e-01 1.07927e+00 -4.28604e+00
1.82870e-01 6.07679e-01 2.91041e-01 6.35481e-01 6.35486e-01 8.02527e-01 1.07927e+00 -4.28604e+00
1.84775e-01 6.07679e-01 2.91041e-01 6.35481e-01 6.35484e-01 8.02527e-01 1.07927e+00 -4.28604e+00
1.86680e-01 6.07679e-01 2.91041e-01 6.35481e-01 6.35483e-01 8.02527e-01 1.07927e+00 -4.28604e+00
1.88585e-01 6.07679e-01 2.91041e-01 6.35481e-01 6.35482e-01 8.02527e-01 1.07927e+00 -4.28604e+00
1.90490e-01 6.07679e-01 2.91041e-01 6.35481e-01 6.35482e-01 8.02527e-01 1.07927e+00 -4.28604e+00
1.92395e-01 6.07679e-01 2.91041e-01 6.35481e-01 6.35482e-01 8.02527e-01 1.07927e+00 -4.28604e+00
1.94300e-01 6.07679e-01 2.91041e-01 6.35481e-01 6.35481e-01 8.02527e-01 1.07927e+00 -4.28604e+00
1.96205e-01 6.07679e-01 2.91041e-01 6.35481e-01 6.35481e-01 8.02527e-01 1.07927e+00 -4.28604e+00
1.98110e-01 6.07679e-01 2.91041e-01 6.35481e-01 6.35481e-01 8.02527e-01 1.07927e+00 -4.28604e+00
2.00014e-01 6.07679e-01 2.91041e-01 6.35481e-01 6.35481e-01 8.02527e-01 1.07927e+00 -4.28604e+00
2.01919e-01 6.07679e-01 2.91041e-01 6.35481e-01 6.35481e-01 8.02527e-01 1.07927e+00 -4.28604e+00
2.03824e-01 6.07679e-01 2.91041e-01 6.35481e-01 6.35481e-01 8.02527e-01 1.07927e+00 -4.28604e+00
2.05729e-01 6.07679e-01 2.91041e-01 6.35481e-01 6.35481e-01 8.02527e-01 1.07927e+00 -4.28604e+00
2.07634e-01 6.07679e-01 2.91041e-01 6.35481e-01 6.35481e-01 8.02527e-01 1.07927e+00 -4.28604e+00
2.09539e-01 6.07679e-01 2.91041e-01 6.35481e-01 6.35481e-01 8.02527e-01 1.07927e+00 -4.28604e+00
2.11444e-01 6.07679e-01 2.91041e-01 6.35481e-01 6.35481e-01 8.02527e-01 1.07927e+00 -4.28604e+00
2.13349e-01 6.07679e-01 2.91041e-01 6.35481e-01 6.35481e-01 8.02527e-01 1.07927e+00 -4.28604e+00
2.15254e-01 6.07679e-01 2.91041e-01 6.35481e-01 6.35481e-01 8.02527e-01 1.07927e+00 -4.28604e+00
2.17159e-01 6.07679e-01 2.91041e-01 6.35481e-01 6.35481e-01 8.02527e-01 1.07927e+00 -4.28604e+00
2.19063e-01 6.07679e-01 2.91041e-01 6.35481e-01 6.35481e-01 8.02527e-01 1.07927e+00 -4.28604e+00
2.20968e-01 6.07679e-01 2.91041e-01 6.35481e-01 6.35481e-01 8.02527e-01 1.07927e+00 -4.28604e+00
2.22873e-01 6.07679e-01 2.91041e-01 6.35481e-01 6.35481e-01 8.02527e-01 1.07927e+00 -4.28604e+00
2.24778e-01 6.07679e-01 2.91041e-01 6.35481e-01 6.35481e-01 8.02527e-01 1.07927e+00 -4.28604e+00
2.26683e-01 6.07679e-01 2.91041e-01 6.35481e-01 6.35481e-01 8.02527e-01 1.07927e+00 -4.28604e+00
2.28588e-01 6.07679e-01 2.91041e-01 6.35481e-01 6.35481e-01 8.02527e-01 1.07927e+00 -4.28604e+00
2.30493e-01 6.07679e-01 2.91041e-01 6.35481e-01 6.35481e-01 8.02527e-01 1.07927e+00 -4.28604e+00
2.32398e-01 6.07679e-01 2.91041e-01 6.35481e-01 6.35481e-01 8.02527e-01 1.07927e+00 -4.28604e+00
2.34303e-01 6.07679e-01 2.91041e-01 6.35481e-01 6.35481e-01 8.02527e-01 1.07927e+00 -4.28604e+00
2.36208e-01 6.07679e-01 2.91041e-01 6.35481e-01 6.35481e-01 8.02527e-01 1.07927e+00 -4.28604e+00
2.38112e-01 6.07679e-01 2.91041e-01 6.35481e-01 6.35481e-01 8.02527e-01 1.07927e+00 -4.28604e+00
2.40017e-01 6.07679e-01 2.91041e-01 6.35481e-01 6.35481e-01 8.02527e-01 1.07927e+00 -4.28604e+00
2.41922e-01 6.07679e-01 2.91041e-01 6.35481e-01 6.35481e-01 8.02527e-01 1.07927e+00 -4.28604e+00
2.43827e-01 6.07679e-01 2.91041e-01 6.35481e-01 6.35481e-01 8.02527e-01 1.07927e+00 -4.28604e+00
2.45732e-01 6.07679e-01 2.91041e-01 6.35481e-01 6.35481e-01 8.02527e-01 1.07927e+00 -4.28604e+00
2.47637e-01 6.07679e-01 2.91041e-01 6.35481e-01 6.35481e-01 8.02527e-01 1.07927e+00 -4.28604e+00
2.49542e-01 6.07679e-01 2.91041e-01 6.35481e-01 6.35481e-01 8.02527e-01 1.07927e+00 -4.28604e+00
2.51447e-01 6.07679e-01 2.91041e-01 6.35481e-01 6.35481e-01 8.02527e-01 1.07927e+00 -4.28604e+00
2.53352e-01 6.07679e-01 2.91041e-01 6.35481e-01 6.35481e-01 8.02527e-01 1.07927e+00 -4.28604e+00
2.55257e-01 6.07679e-01 2.91041e-01 6.35481e-01 6.35481e-01 8.02527e-01 1.07927e+00 -4.28604e+00
2.57161e-01 6.07679e-01 2.91041e-01 6.35481e-01 6.35481e-01 8.02527e-01 1.07927e+00 -4.28604e+00
2.59066e-01 6.07679e-01 2.91041e-01 6.35481e-01 6.35481e-01 8.02527e-01 1.07927e+00 -4.28604e+00
2.60971e-01 6.07679e-01 2.91041e-01 6.35481e-01 6.35481e-01 8.02527e-01 1.07927e+00 -4.28604e+00
2.62876e-01 6.07679e-01 2.91041e-01 6.35481e-01 6.35481e-01 8.02527e-01 1.07927e+00 -4.28604e+00
2.64781e-01 6.07679e-01 2.91041e-01 6.35481e-01 6.35481e-01 8.02527e-01 1.07927e+00 -4.28604e+00
2.66686e-01 6.07679e-01 2.91041e-01 6.35481e-01 6.35481e-01 8.02527e-01 1.07927e+00 -4.28604e+00
2.68591e-01 6.07679e-01 2.91041e-01 6.35481e-01 6.35481e-01 8.02527e-01 1.07927e+00 -4.28604e+00
2.70496e-01 6.07679e-01 2.91041e-01 6.35481e-01 6.35481e-01 8.02527e-01 1.07927e+00 -4.28604e+00
2.72401e-01 6.07679e-01 2.91041e-01 6.35481e-01 6.35481e-01 8.02527e-01 1.07927e+00 -4.28604e+00
2.74306e-01 6.07679e-01 2.91041e-01 6.35481e-01 6.35481e-01 8.02527e-01 1.07927e+00 -4.28604e+00
2.76210e-01 6.07679e-01 2.91041e-01 6.35481e-01 6.35481e-01 8.02527e-01 1.07927e+00 -4.28604e+00
2.78115e-01 6.07679e-01 2.91041e-01 6.35481e-01 6.35481e-01 8.02527e-01 1.07927e+00 -4.28604e+00
2.80020e-01 6.07679e-01 2.91041e-01 6.35481e-01 6.35481e-01 8.02527e-01 1.07927e+00 -4.28604e+00
2.81925e-01 6.07679e-01 2.91041e-01 6.35481e-01 6.35481e-01 8.02527e-01 1.07927e+00 -4.28604e+00
2.83830e-01 6.07679e-01 2.91041e-01 6.35481e-01 6.35481e-01 8.02527e-01 1.07927e+00 -4.28604e+00
2.85735e-01 6.07679e-01 2.91041e-01 6.35481e-01 6.35481e-01 8.02527e-01 1.07927e+00 -4.28604e+00
2.87640e-01 6.07679e-01 2.91041e-01 6.35481e-01 6.35481e-01 8.02527e-01 1.07927e+00 -4.28604e+00
2.89545e-01 6.07679e-01 2.91041e-01 6.35481e-01 6.35481e-01 8.02527e-01 1.07927e+00 -4.28604e+00
2.91450e-01 6.07679e-01 2.91041e-01 6.35481e-01 6.35481e-01 8.02527e-01 1.07927e+00 -4.28604e+00
2.93355e-01 6.07679e-01 2.91041e-01 6.35481e-01 6.35481e-01 8.02527e-01 1.07927e+00 -4.28604e+00
2.95259e-01 6.07679e-01 2.91041e-01 6.35481e-01 6.35481e-01 8.02527e-01 1.07927e+00 -4.28604e+00
2.97164e-01 6.07679e-01 2.91041e-01 6.35481e-01 6.35481e-01 8.02527e-01 1.07927e+00 -4.28604e+00
2.99069e-01 6.07679e-01 2.91041e-01 6.35481e-01 6.35481e-01 8.02527e-01 1.07927e+00 -4.28604e+00
3.00974e-01 6.07679e-01 2.91041e-01 6.35481e-01 6.35481e-01 8.02527e-01 1.07927e+00 -4.28604e+00
3.02879e-01 6.07679e-01 2.91041e-01 6.35481e-01 6.35481e-01 8.02527e-01 1.07927e+00 -4.28604e+00
3.04784e-01 6.07679e-01 2.91041e-01 6.35481e-01 6.35481e-01 8.02527e-01 1.07927e+00 -4.28604e+00
3.06689e-01 6.07679e-01 2.91041e-01 6.35481e-01 6.35481e-01 8.02527e-01 1.07927e+00 -4.28604e+00
3.08594e-01 6.07679e-01 2.91041e-01 6.35481e-01 6.35481e-01 8.02527e-01 1.07927e+00 -4.28604e+00
3.10499e-01 6.07679e-01 2.91041e-01 6.35481e-01 6.35481e-01 8.02527e-01 1.07927e+00 -4.28604e+00
3.12404e-01 6.07679e-01 2.91041e-01 6.35481e-01 6.35481e-01 8.02527e-01 1.07927e+00 -4.28604e+00
3.14308e-01 6.07679e-01 2.91041e-01 6.35481e-01 6.35481e-01 8.02527e-01 1.07927e+00 -4.28604e+00
3.16213e-01 6.07679e-01 2.91041e-01 6.35481e-01 6.35481e-01 8.02527e-01 1.07927e+00 -4.28604e+00
3.18118e-01 6.07679e-01 2.91041e-01 6.35481e-01 6.35481e-01 8.02527e-01 1.07927e+00 -4.28604e+00
3.20023e-01 6.07679e-01 2.91041e-01 6.35481e-01 6.35481e-01 8.02527e-01 1.07927e+00 -4.28604e+00
3.21928e-01 6.07679e-01 2.91041e-01 6.35481e-01 6.35481e-01 8.02527e-01 1.07927e+00 -4.28604e+00
3.23833e-01 6.07679e-01 2.91041e-01 6.35481e-01 6.35481e-01 8.02527e-01 1.07927e+00 -4.28604e+00
3.25738e-01 6.07679e-01 2.91041e-01 6.35481e-01 6.35481e-01 8.02527e-01 1.07927e+00 -4.28604e+00
3.27643e-01 6.07679e-01 2.91041e-01 6.35481e-01 6.35481e-01 8.02527e-01 1.07927e+00 -4.28604e+00
3.29548e-01 6.07679e-01 2.91041e-01 6.35481e-01 6.35481e-01 8.02527e-01 1.07927e+00 -4.28604e+00
3.31453e-01 6.07679e-01 2.91041e-01 6.35481e-01 6.35481e-01 8.02527e-01 1.07927e+00 -4.28604e+00
3.33357e-01 6.07679e-01 2.91041e-01 6.35481e-01 6.35481e-01 8.02527e-01 1.07927e+00 -4.28604e+00
3.35262e-01 6.07679e-01 2.91041e-01 6.35481e-01 6.35481e-01 8.02527e-01 1.07927e+00 -4.28604e+00
3.37167e-01 6.07679e-01 2.91041e-01 6.35481e-01 6.35481e-01 8.02527e-01 1.07927e+00 -4.28604e+00
3.39072e-01 6.07679e-01 2.91041e-01 6.35481e-01 6.35481e-01 8.02527e-01 1.07927e+00 -4.28604e+00
3.40977e-01 6.07679e-01 2.91041e-01 6.35481e-01 6.35481e-01 8.02527e-01 1.07927e+00 -4.28604e+00
3.42882e-01 6.07679e-01 2.91041e-01 6.35481e-01 6.35481e-01 8.02527e-01 1.07927e+00 -4.28604e+00
3.44787e-01 6.07679e-01 2.91041e-01 6.35481e-01 6.35481e-01 8.02527e-01 1.07927e+00 -4.28604e+00
3.46692e-01 6.07679e-01 2.91041e-01 6.35481e-01 6.35481e-01 8.02527e-01 1.07927e+00 -4.28604e+00
3.48597e-01 6.07679e-01 2.91041e-01 6.35481e-01 6.35481e-01 8.02527e-01 1.07927e+00 -4.28604e+00
3.50502e-01 6.07679e-01 2.91041e-01 6.35481e-01 6.35481e-01 8.02527e-01 1.07927e+00 -4.28604e+00
3.52406e-01 6.07679e-01 2.91041e-01 6.35481e-01 6.35481e-01 8.02527e-01 1.07927e+00 -4.28604e+00
3.54311e-01 6.07679e-01 2.91041e-01 6.35481e-01 6.35481e-01 8.02527e-01 1.07927e+00 -4.28604e+00
3.56216e-01 6.07679e-01 2.91041e-01 6.35481e-01 6.35481e-01 8.02527e-01 1.07927e+00 -4.28604e+00
3.58121e-01 6.07679e-01 2.91041e-01 6.35481e-01 6.35481e-01 8.02527e-01 1.07927e+00 -4.28604e+00
3.60026e-01 6.07679e-01 2.91041e-01 6.35481e-01 6.35481e-01 8.02527e-01 1.07927e+00 -4.28604e+00
3.61931e-01 6.07679e-01 2.91041e-01 6.35481e-01 6.35481e-01 8.02527e-01 1.07927e+00 -4.28604e+00
3.63836e-01 6.07679e-01 2.91041e-01 6.35481e-01 6.35481e-01 8.02527e-01 1.07927e+00 -4.28604e+00
3.65741e-01 6.07679e-01 2.91041e-01 6.35481e-01 6.35481e-01 8.02527e-01 1.07927e+00 -4.28604e+00
3.67646e-01 6.07679e-01 2.91041e-01 6.35481e-01 6.35481e-01 8.02527e-01 1.07927e+00 -4.28604e+00
3.69551e-01 6.07679e-01 2.91041e-01 6.35481e-01 6.35481e-01 8.02527e-01 1.07927e+00 -4.28604e+00
3.71455e-01 6.07679e-01 2.91041e-01 6.35481e-01 6.35481e-01 8.02527e-01 1.07927e+00 -4.28604e+00
3.73360e-01 6.07679e-01 2.91041e-01 6.35481e-01 6.35481e-01 8.02527e-01 1.07927e+00 -4.28604e+00
3.75265e-01 6.07679e-01 2.91041e-01 6.35481e-01 6.35481e-01 8.02527e-01 1.07927e+00 -4.28604e+00
3.77170e-01 6.07679e-01 2.91041e-01 6.35481e-01 6.35481e-01 8.02527e-01 1.07927e+00 -4.28604e+00
3.79075e-01 6.07679e-01 2.91041e-01 6.35481e-01 6.35481e-01 8.02527e-01 1.07927e+00 -4.28604e+00
