# x AR CA ca co phi u v
0.00000e+00 6.00000e-01 3.00000e-01 4.99135e-01 4.99135e-01 8.00000e-01 1.00000e+00 -4.28317e+00
1.00000e-06 6.00106e-01 2.99876e-01 5.01047e-01 5.01047e-01 8.00035e-01 1.00110e+00 -4.28321e+00
3.67624e-06 6.00386e-01 2.99550e-01 5.06093e-01 5.06093e-01 8.00129e-01 1.00400e+00 -4.28332e+00
5.79057e-06 6.00603e-01 2.99296e-01 5.10006e-01 5.10006e-01 8.00201e-01 1.00625e+00 -4.28340e+00
7.90491e-06 6.00817e-01 2.99046e-01 5.13855e-01 5.13855e-01 8.00272e-01 1.00846e+00 -4.28349e+00
9.52806e-06 6.00979e-01 2.98857e-01 5.16768e-01 5.16768e-01 8.00326e-01 1.01014e+00 -4.28355e+00
1.11512e-05 6.01140e-01 2.98670e-01 5.19645e-01 5.19645e-01 8.00379e-01 1.01180e+00 -4.28361e+00
1.30871e-05 6.01328e-01 2.98450e-01 5.23030e-01 5.23030e-01 8.00442e-01 1.01375e+00 -4.28368e+00
1.45692e-05 6.01471e-01 2.98284e-01 5.25587e-01 5.25587e-01 8.00489e-01 1.01523e+00 -4.28374e+00
1.60514e-05 6.01612e-01 2.98119e-01 5.28117e-01 5.28117e-01 8.00536e-01 1.01669e+00 -4.28379e+00
1.78779e-05 6.01784e-01 2.97919e-01 5.31195e-01 5.31195e-01 8.00593e-01 1.01846e+00 -4.28386e+00
1.93653e-05 6.01922e-01 2.97758e-01 5.33670e-01 5.33670e-01 8.00639e-01 1.01989e+00 -4.28391e+00
2.08527e-05 6.02059e-01 2.97598e-01 5.36118e-01 5.36118e-01 8.00684e-01 1.02131e+00 -4.28396e+00
2.26114e-05 6.02219e-01 2.97411e-01 5.38978e-01 5.38978e-01 8.00737e-01 1.02296e+00 -4.28402e+00
2.40948e-05 6.02352e-01 2.97256e-01 5.41361e-01 5.41361e-01 8.00781e-01 1.02434e+00 -4.28407e+00
2.55783e-05 6.02484e-01 2.97102e-01 5.43718e-01 5.43718e-01 8.00825e-01 1.02570e+00 -4.28412e+00
2.72923e-05 6.02635e-01 2.96926e-01 5.46409e-01 5.46409e-01 8.00874e-01 1.02726e+00 -4.28418e+00
2.87894e-05 6.02765e-01 2.96774e-01 5.48732e-01 5.48732e-01 8.00917e-01 1.02861e+00 -4.28423e+00
3.02865e-05 6.02894e-01 2.96624e-01 5.51030e-01 5.51030e-01 8.00960e-01 1.02994e+00 -4.28428e+00
3.19692e-05 6.03037e-01 2.96457e-01 5.53583e-01 5.53583e-01 8.01007e-01 1.03142e+00 -4.28433e+00
3.36314e-05 6.03177e-01 2.96293e-01 5.56074e-01 5.56074e-01 8.01053e-01 1.03287e+00 -4.28438e+00
3.51359e-05 6.03302e-01 2.96147e-01 5.58303e-01 5.58303e-01 8.01095e-01 1.03416e+00 -4.28443e+00
3.65864e-05 6.03422e-01 2.96008e-01 5.60429e-01 5.60429e-01 8.01134e-01 1.03539e+00 -4.28448e+00
3.81335e-05 6.03548e-01 2.95861e-01 5.62672e-01 5.62672e-01 8.01176e-01 1.03670e+00 -4.28452e+00
3.97760e-05 6.03681e-01 2.95706e-01 5.65027e-01 5.65027e-01 8.01219e-01 1.03806e+00 -4.28457e+00
4.13747e-05 6.03808e-01 2.95557e-01 5.67293e-01 5.67293e-01 8.01261e-01 1.03938e+00 -4.28462e+00
4.28797e-05 6.03927e-01 2.95419e-01 5.69402e-01 5.69402e-01 8.01300e-01 1.04061e+00 -4.28467e+00
4.43758e-05 6.04044e-01 2.95282e-01 5.71477e-01 5.71477e-01 8.01339e-01 1.04181e+00 -4.28471e+00
4.59436e-05 6.04165e-01 2.95141e-01 5.73627e-01 5.73627e-01 8.01379e-01 1.04307e+00 -4.28475e+00
4.75529e-05 6.04288e-01 2.94997e-01 5.75811e-01 5.75811e-01 8.01419e-01 1.04434e+00 -4.28480e+00
4.91197e-05 6.04407e-01 2.94859e-01 5.77913e-01 5.77913e-01 8.01458e-01 1.04556e+00 -4.28484e+00
5.06353e-05 6.04520e-01 2.94726e-01 5.79924e-01 5.79924e-01 8.01496e-01 1.04673e+00 -4.28489e+00
5.21610e-05 6.04634e-01 2.94594e-01 5.81928e-01 5.81928e-01 8.01533e-01 1.04790e+00 -4.28493e+00
5.37335e-05 6.04749e-01 2.94459e-01 5.83971e-01 5.83971e-01 8.01571e-01 1.04909e+00 -4.28497e+00
5.53190e-05 6.04864e-01 2.94325e-01 5.86009e-01 5.86009e-01 8.01608e-01 1.05028e+00 -4.28501e+00
5.68716e-05 6.04976e-01 2.94195e-01 5.87983e-01 5.87983e-01 8.01645e-01 1.05143e+00 -4.28506e+00
5.83992e-05 6.05085e-01 2.94068e-01 5.89905e-01 5.89905e-01 8.01681e-01 1.05256e+00 -4.28510e+00
5.99418e-05 6.05194e-01 2.93941e-01 5.91826e-01 5.91826e-01 8.01716e-01 1.05368e+00 -4.28514e+00
6.15121e-05 6.05303e-01 2.93813e-01 5.93761e-01 5.93761e-01 8.01752e-01 1.05481e+00 -4.28518e+00
6.30823e-05 6.05412e-01 2.93686e-01 5.95675e-01 5.95675e-01 8.01788e-01 1.05593e+00 -4.28522e+00
6.46299e-05 6.05518e-01 2.93563e-01 5.97543e-01 5.97543e-01 8.01822e-01 1.05702e+00 -4.28525e+00
6.61674e-05 6.05622e-01 2.93441e-01 5.99379e-01 5.99379e-01 8.01857e-01 1.05809e+00 -4.28529e+00
6.77187e-05 6.05726e-01 2.93320e-01 6.01212e-01 6.01212e-01 8.01891e-01 1.05916e+00 -4.28533e+00
6.92845e-05 6.05830e-01 2.93199e-01 6.03044e-01 6.03044e-01 8.01925e-01 1.06023e+00 -4.28537e+00
7.08455e-05 6.05932e-01 2.93079e-01 6.04851e-01 6.04851e-01 8.01958e-01 1.06129e+00 -4.28541e+00
7.23926e-05 6.06033e-01 2.92961e-01 6.06624e-01 6.06624e-01 8.01991e-01 1.06233e+00 -4.28544e+00
7.39372e-05 6.06133e-01 2.92845e-01 6.08376e-01 6.08376e-01 8.02024e-01 1.06336e+00 -4.28548e+00
7.54920e-05 6.06232e-01 2.92729e-01 6.10122e-01 6.10122e-01 8.02056e-01 1.06438e+00 -4.28552e+00
7.70536e-05 6.06331e-01 2.92614e-01 6.11858e-01 6.11858e-01 8.02088e-01 1.06540e+00 -4.28555e+00
7.86097e-05 6.06428e-01 2.92500e-01 6.13571e-01 6.13571e-01 8.02120e-01 1.06640e+00 -4.28559e+00
8.01578e-05 6.06524e-01 2.92388e-01 6.15258e-01 6.15258e-01 8.02151e-01 1.06739e+00 -4.28562e+00
8.17068e-05 6.06620e-01 2.92277e-01 6.16929e-01 6.16929e-01 8.02182e-01 1.06837e+00 -4.28566e+00
8.32626e-05 6.06714e-01 2.92167e-01 6.18591e-01 6.18591e-01 8.02213e-01 1.06935e+00 -4.28569e+00
8.48208e-05 6.06808e-01 2.92057e-01 6.20239e-01 6.20239e-01 8.02244e-01 1.07031e+00 -4.28573e+00
8.63745e-05 6.06901e-01 2.91949e-01 6.21866e-01 6.21866e-01 8.02274e-01 1.07127e+00 -4.28576e+00
8.79241e-05 6.06993e-01 2.91842e-01 6.23473e-01 6.23473e-01 8.02304e-01 1.07221e+00 -4.28579e+00
8.94756e-05 6.07084e-01 2.91736e-01 6.25067e-01 6.25067e-01 8.02334e-01 1.07315e+00 -4.28583e+00
9.10311e-05 6.07174e-01 2.91630e-01 6.26649e-01 6.26649e-01 8.02363e-01 1.07408e+00 -4.28586e+00
9.25870e-05 6.07264e-01 2.91526e-01 6.28216e-01 6.28217e-01 8.02392e-01 1.07500e+00 -4.28589e+00
9.41396e-05 6.07352e-01 2.91423e-01 6.29766e-01 6.29766e-01 8.02421e-01 1.07591e+00 -4.28592e+00
9.56904e-05 6.07440e-01 2.91320e-01 6.31298e-01 6.31299e-01 8.02449e-01 1.07681e+00 -4.28595e+00
9.72431e-05 6.07527e-01 2.91219e-01 6.32818e-01 6.32818e-01 8.02478e-01 1.07771e+00 -4.28598e+00
9.87980e-05 6.07613e-01 2.91118e-01 6.34326e-01 6.34326e-01 8.02506e-01 1.07859e+00 -4.28602e+00
1.00000e-04 6.07679e-01 2.91041e-01 6.35481e-01 6.35482e-01 8.02527e-01 1.07927e+00 -4.28604e+00
