             x            AR           CA           Po           Ca           CO           TE           U            W            OC           OA           Rp
 0.00000D+00  0.60000D+00  0.30000D+00  0.80000D+00  0.50000D+00  0.50000D+00  0.10000D+00  0.10000D+01 -0.42709D+01 -0.44686D+00  0.00000D+00  0.35365D+02
 0.18954D-02  0.60011D+00  0.29988D+00  0.80004D+00  0.50175D+00  0.50163D+00  0.10002D+00  0.10011D+01 -0.42710D+01 -0.44404D+00  0.00000D+00  0.35121D+02
 0.37908D-02  0.60011D+00  0.29988D+00  0.80004D+00  0.50189D+00  0.50186D+00  0.10002D+00  0.10011D+01 -0.42710D+01 -0.44373D+00  0.00000D+00  0.35096D+02
 0.56861D-02  0.60011D+00  0.29988D+00  0.80004D+00  0.50190D+00  0.50190D+00  0.10002D+00  0.10011D+01 -0.42710D+01 -0.44369D+00  0.00000D+00  0.35093D+02
 0.75815D-02  0.60011D+00  0.29988D+00  0.80004D+00  0.50190D+00  0.50190D+00  0.10002D+00  0.10011D+01 -0.42710D+01 -0.44369D+00  0.00000D+00  0.35093D+02
 0.94769D-02  0.60011D+00  0.29988D+00  0.80004D+00  0.50190D+00  0.50190D+00  0.10002D+00  0.10011D+01 -0.42710D+01 -0.44369D+00  0.00000D+00  0.35093D+02
 0.11372D-01  0.60011D+00  0.29988D+00  0.80004D+00  0.50190D+00  0.50190D+00  0.10002D+00  0.10011D+01 -0.42710D+01 -0.44369D+00  0.00000D+00  0.35093D+02
 0.13268D-01  0.60011D+00  0.29988D+00  0.80004D+00  0.50190D+00  0.50190D+00  0.10002D+00  0.10011D+01 -0.42710D+01 -0.44369D+00  0.00000D+00  0.35093D+02
 0.15163D-01  0.60011D+00  0.29988D+00  0.80004D+00  0.50190D+00  0.50190D+00  0.10002D+00  0.10011D+01 -0.42710D+01 -0.44369D+00  0.00000D+00  0.35093D+02
 0.17058D-01  0.60011D+00  0.29988D+00  0.80004D+00  0.50190D+00  0.50190D+00  0.10002D+00  0.10011D+01 -0.42710D+01 -0.44369D+00  0.00000D+00  0.35093D+02
 0.18954D-01  0.60011D+00  0.29988D+00  0.80004D+00  0.50190D+00  0.50190D+00  0.10002D+00  0.10011D+01 -0.42710D+01 -0.44369D+00  0.00000D+00  0.35093D+02
 0.20849D-01  0.60011D+00  0.29988D+00  0.80004D+00  0.50190D+00  0.50190D+00  0.10002D+00  0.10011D+01 -0.42710D+01 -0.44369D+00  0.00000D+00  0.35093D+02
 0.22745D-01  0.60011D+00  0.29988D+00  0.80004D+00  0.50190D+00  0.50190D+00  0.10002D+00  0.10011D+01 -0.42710D+01 -0.44369D+00  0.00000D+00  0.35093D+02
 0.24640D-01  0.60011D+00  0.29988D+00  0.80004D+00  0.50190D+00  0.50190D+00  0.10002D+00  0.10011D+01 -0.42710D+01 -0.44369D+00  0.00000D+00  0.35093D+02
 0.26535D-01  0.60011D+00  0.29988D+00  0.80004D+00  0.50190D+00  0.50190D+00  0.10002D+00  0.10011D+01 -0.42710D+01 -0.44369D+00  0.00000D+00  0.35093D+02
 0.28431D-01  0.60011D+00  0.29988D+00  0.80004D+00  0.50190D+00  0.50191D+00  0.10002D+00  0.10011D+01 -0.42710D+01 -0.44368D+00  0.00000D+00  0.35092D+02
 0.30326D-01  0.60011D+00  0.29988D+00  0.80004D+00  0.50191D+00  0.50192D+00  0.10002D+00  0.10011D+01 -0.42710D+01 -0.44367D+00  0.00000D+00  0.35091D+02
 0.32221D-01  0.60011D+00  0.29988D+00  0.80004D+00  0.50193D+00  0.50204D+00  0.10002D+00  0.10011D+01 -0.42710D+01 -0.44355D+00  0.00000D+00  0.35082D+02
 0.34117D-01  0.60011D+00  0.29988D+00  0.80004D+00  0.50222D+00  0.50285D+00  0.10002D+00  0.10011D+01 -0.42710D+01 -0.44263D+00  0.00000D+00  0.35009D+02
 0.36012D-01  0.60011D+00  0.29988D+00  0.80004D+00  0.50577D+00  0.50841D+00  0.10002D+00  0.10011D+01 -0.42710D+01 -0.43505D+00  0.00000D+00  0.34409D+02
 0.37908D-01  0.59808D+00  0.30139D+00  0.80098D+00  0.54920D+00  0.54656D+00  0.10052D+00  0.10306D+01 -0.42721D+01 -0.36811D+00  0.57799D+00  0.93657D+03
 0.39803D-01  0.59808D+00  0.30139D+00  0.80098D+00  0.55271D+00  0.55208D+00  0.10052D+00  0.10306D+01 -0.42721D+01 -0.36084D+00  0.57214D+00  0.92680D+03
 0.41698D-01  0.59808D+00  0.30139D+00  0.80098D+00  0.55299D+00  0.55288D+00  0.10052D+00  0.10306D+01 -0.42721D+01 -0.35997D+00  0.57144D+00  0.92563D+03
 0.43594D-01  0.59808D+00  0.30139D+00  0.80098D+00  0.55302D+00  0.55300D+00  0.10052D+00  0.10306D+01 -0.42721D+01 -0.35986D+00  0.57134D+00  0.92548D+03
 0.45489D-01  0.59808D+00  0.30139D+00  0.80098D+00  0.55302D+00  0.55301D+00  0.10052D+00  0.10306D+01 -0.42721D+01 -0.35984D+00  0.57133D+00  0.92546D+03
 0.47384D-01  0.59808D+00  0.30139D+00  0.80098D+00  0.55302D+00  0.55302D+00  0.10052D+00  0.10306D+01 -0.42721D+01 -0.35984D+00  0.57133D+00  0.92545D+03
 0.49280D-01  0.59808D+00  0.30139D+00  0.80098D+00  0.55302D+00  0.55302D+00  0.10052D+00  0.10306D+01 -0.42721D+01 -0.35984D+00  0.57133D+00  0.92545D+03
 0.51175D-01  0.59808D+00  0.30139D+00  0.80098D+00  0.55302D+00  0.55302D+00  0.10052D+00  0.10306D+01 -0.42721D+01 -0.35984D+00  0.57133D+00  0.92545D+03
 0.53071D-01  0.59808D+00  0.30139D+00  0.80098D+00  0.55302D+00  0.55302D+00  0.10052D+00  0.10306D+01 -0.42721D+01 -0.35984D+00  0.57133D+00  0.92545D+03
 0.54966D-01  0.59808D+00  0.30139D+00  0.80098D+00  0.55302D+00  0.55302D+00  0.10052D+00  0.10306D+01 -0.42721D+01 -0.35984D+00  0.57133D+00  0.92545D+03
 0.56861D-01  0.59808D+00  0.30139D+00  0.80098D+00  0.55302D+00  0.55302D+00  0.10052D+00  0.10306D+01 -0.42721D+01 -0.35984D+00  0.57133D+00  0.92545D+03
 0.58757D-01  0.59808D+00  0.30139D+00  0.80098D+00  0.55302D+00  0.55302D+00  0.10052D+00  0.10306D+01 -0.42721D+01 -0.35984D+00  0.57133D+00  0.92545D+03
 0.60652D-01  0.59808D+00  0.30139D+00  0.80098D+00  0.55302D+00  0.55302D+00  0.10052D+00  0.10306D+01 -0.42721D+01 -0.35984D+00  0.57133D+00  0.92545D+03
 0.62547D-01  0.59808D+00  0.30139D+00  0.80098D+00  0.55302D+00  0.55302D+00  0.10052D+00  0.10306D+01 -0.42721D+01 -0.35984D+00  0.57133D+00  0.92545D+03
 0.64443D-01  0.59808D+00  0.30139D+00  0.80098D+00  0.55302D+00  0.55302D+00  0.10052D+00  0.10306D+01 -0.42721D+01 -0.35984D+00  0.57133D+00  0.92545D+03
 0.66338D-01  0.59808D+00  0.30139D+00  0.80098D+00  0.55302D+00  0.55302D+00  0.10052D+00  0.10306D+01 -0.42721D+01 -0.35984D+00  0.57133D+00  0.92545D+03
 0.68234D-01  0.59808D+00  0.30139D+00  0.80098D+00  0.55302D+00  0.55302D+00  0.10052D+00  0.10306D+01 -0.42721D+01 -0.35984D+00  0.57133D+00  0.92545D+03
 0.70129D-01  0.59808D+00  0.30139D+00  0.80098D+00  0.55302D+00  0.55302D+00  0.10052D+00  0.10306D+01 -0.42721D+01 -0.35984D+00  0.57133D+00  0.92545D+03
 0.72024D-01  0.59808D+00  0.30139D+00  0.80098D+00  0.55302D+00  0.55302D+00  0.10052D+00  0.10306D+01 -0.42721D+01 -0.35984D+00  0.57133D+00  0.92545D+03
 0.73920D-01  0.59808D+00  0.30139D+00  0.80098D+00  0.55302D+00  0.55302D+00  0.10052D+00  0.10306D+01 -0.42721D+01 -0.35984D+00  0.57133D+00  0.92545D+03
 0.75815D-01  0.59808D+00  0.30139D+00  0.80098D+00  0.55302D+00  0.55302D+00  0.10052D+00  0.10306D+01 -0.42721D+01 -0.35984D+00  0.57133D+00  0.92545D+03
 0.77710D-01  0.59808D+00  0.30139D+00  0.80098D+00  0.55302D+00  0.55302D+00  0.10052D+00  0.10306D+01 -0.42721D+01 -0.35984D+00  0.57133D+00  0.92545D+03
 0.79606D-01  0.59808D+00  0.30139D+00  0.80098D+00  0.55302D+00  0.55302D+00  0.10052D+00  0.10306D+01 -0.42721D+01 -0.35984D+00  0.57133D+00  0.92545D+03
 0.81501D-01  0.59808D+00  0.30139D+00  0.80098D+00  0.55302D+00  0.55302D+00  0.10052D+00  0.10306D+01 -0.42721D+01 -0.35984D+00  0.57133D+00  0.92545D+03
 0.83397D-01  0.59808D+00  0.30139D+00  0.80098D+00  0.55302D+00  0.55302D+00  0.10052D+00  0.10306D+01 -0.42721D+01 -0.35984D+00  0.57133D+00  0.92545D+03
 0.85292D-01  0.59808D+00  0.30139D+00  0.80098D+00  0.55302D+00  0.55302D+00  0.10052D+00  0.10306D+01 -0.42721D+01 -0.35984D+00  0.57133D+00  0.92545D+03
 0.87187D-01  0.59808D+00  0.30139D+00  0.80098D+00  0.55302D+00  0.55302D+00  0.10052D+00  0.10306D+01 -0.42721D+01 -0.35984D+00  0.57133D+00  0.92545D+03
 0.89083D-01  0.59808D+00  0.30139D+00  0.80098D+00  0.55302D+00  0.55302D+00  0.10052D+00  0.10306D+01 -0.42721D+01 -0.35984D+00  0.57133D+00  0.92545D+03
 0.90978D-01  0.59808D+00  0.30139D+00  0.80098D+00  0.55302D+00  0.55302D+00  0.10052D+00  0.10306D+01 -0.42721D+01 -0.35984D+00  0.57133D+00  0.92545D+03
 0.92873D-01  0.59808D+00  0.30139D+00  0.80098D+00  0.55302D+00  0.55302D+00  0.10052D+00  0.10306D+01 -0.42721D+01 -0.35984D+00  0.57133D+00  0.92545D+03
 0.94769D-01  0.59808D+00  0.30139D+00  0.80098D+00  0.55302D+00  0.55302D+00  0.10052D+00  0.10306D+01 -0.42721D+01 -0.35984D+00  0.57133D+00  0.92545D+03
 0.96664D-01  0.59808D+00  0.30139D+00  0.80098D+00  0.55302D+00  0.55302D+00  0.10052D+00  0.10306D+01 -0.42721D+01 -0.35984D+00  0.57133D+00  0.92545D+03
 0.98560D-01  0.59808D+00  0.30139D+00  0.80098D+00  0.55302D+00  0.55302D+00  0.10052D+00  0.10306D+01 -0.42721D+01 -0.35984D+00  0.57133D+00  0.92545D+03
 0.10045D+00  0.59808D+00  0.30139D+00  0.80098D+00  0.55302D+00  0.55302D+00  0.10052D+00  0.10306D+01 -0.42721D+01 -0.35984D+00  0.57133D+00  0.92545D+03
 0.10235D+00  0.59808D+00  0.30139D+00  0.80098D+00  0.55302D+00  0.55302D+00  0.10052D+00  0.10306D+01 -0.42721D+01 -0.35984D+00  0.57133D+00  0.92545D+03
 0.10425D+00  0.59808D+00  0.30139D+00  0.80098D+00  0.55302D+00  0.55302D+00  0.10052D+00  0.10306D+01 -0.42721D+01 -0.35984D+00  0.57133D+00  0.92545D+03
 0.10614D+00  0.59808D+00  0.30139D+00  0.80098D+00  0.55302D+00  0.55301D+00  0.10052D+00  0.10306D+01 -0.42721D+01 -0.35984D+00  0.57133D+00  0.92546D+03
 0.10804D+00  0.59808D+00  0.30139D+00  0.80098D+00  0.55302D+00  0.55300D+00  0.10052D+00  0.10306D+01 -0.42721D+01 -0.35986D+00  0.57135D+00  0.92548D+03
 0.10993D+00  0.59808D+00  0.30139D+00  0.80098D+00  0.55299D+00  0.55288D+00  0.10052D+00  0.10306D+01 -0.42721D+01 -0.35997D+00  0.57144D+00  0.92563D+03
 0.11183D+00  0.59808D+00  0.30139D+00  0.80098D+00  0.55270D+00  0.55207D+00  0.10052D+00  0.10306D+01 -0.42721D+01 -0.36085D+00  0.57215D+00  0.92682D+03
 0.11372D+00  0.59808D+00  0.30139D+00  0.80098D+00  0.54915D+00  0.54651D+00  0.10052D+00  0.10305D+01 -0.42721D+01 -0.36819D+00  0.57805D+00  0.93668D+03
 0.11562D+00  0.60011D+00  0.29988D+00  0.80004D+00  0.50572D+00  0.50837D+00  0.10002D+00  0.10011D+01 -0.42710D+01 -0.43513D+00  0.00000D+00  0.34416D+02
 0.11751D+00  0.60011D+00  0.29988D+00  0.80004D+00  0.50221D+00  0.50284D+00  0.10002D+00  0.10011D+01 -0.42710D+01 -0.44265D+00  0.00000D+00  0.35011D+02
 0.11941D+00  0.60011D+00  0.29988D+00  0.80004D+00  0.50193D+00  0.50204D+00  0.10002D+00  0.10011D+01 -0.42710D+01 -0.44355D+00  0.00000D+00  0.35082D+02
 0.12130D+00  0.60011D+00  0.29988D+00  0.80004D+00  0.50191D+00  0.50192D+00  0.10002D+00  0.10011D+01 -0.42710D+01 -0.44367D+00  0.00000D+00  0.35091D+02
 0.12320D+00  0.60011D+00  0.29988D+00  0.80004D+00  0.50190D+00  0.50191D+00  0.10002D+00  0.10011D+01 -0.42710D+01 -0.44368D+00  0.00000D+00  0.35092D+02
 0.12509D+00  0.60011D+00  0.29988D+00  0.80004D+00  0.50190D+00  0.50190D+00  0.10002D+00  0.10011D+01 -0.42710D+01 -0.44369D+00  0.00000D+00  0.35093D+02
 0.12699D+00  0.60011D+00  0.29988D+00  0.80004D+00  0.50190D+00  0.50190D+00  0.10002D+00  0.10011D+01 -0.42710D+01 -0.44369D+00  0.00000D+00  0.35093D+02
 0.12889D+00  0.60011D+00  0.29988D+00  0.80004D+00  0.50190D+00  0.50190D+00  0.10002D+00  0.10011D+01 -0.42710D+01 -0.44369D+00  0.00000D+00  0.35093D+02
 0.13078D+00  0.60011D+00  0.29988D+00  0.80004D+00  0.50190D+00  0.50190D+00  0.10002D+00  0.10011D+01 -0.42710D+01 -0.44369D+00  0.00000D+00  0.35093D+02
 0.13268D+00  0.60011D+00  0.29988D+00  0.80004D+00  0.50190D+00  0.50190D+00  0.10002D+00  0.10011D+01 -0.42710D+01 -0.44369D+00  0.00000D+00  0.35093D+02
 0.13457D+00  0.60011D+00  0.29988D+00  0.80004D+00  0.50190D+00  0.50190D+00  0.10002D+00  0.10011D+01 -0.42710D+01 -0.44369D+00  0.00000D+00  0.35093D+02
 0.13647D+00  0.60011D+00  0.29988D+00  0.80004D+00  0.50190D+00  0.50190D+00  0.10002D+00  0.10011D+01 -0.42710D+01 -0.44369D+00  0.00000D+00  0.35093D+02
 0.13836D+00  0.60011D+00  0.29988D+00  0.80004D+00  0.50190D+00  0.50190D+00  0.10002D+00  0.10011D+01 -0.42710D+01 -0.44369D+00  0.00000D+00  0.35093D+02
 0.14026D+00  0.60011D+00  0.29988D+00  0.80004D+00  0.50190D+00  0.50190D+00  0.10002D+00  0.10011D+01 -0.42710D+01 -0.44369D+00  0.00000D+00  0.35093D+02
 0.14215D+00  0.60011D+00  0.29988D+00  0.80004D+00  0.50190D+00  0.50190D+00  0.10002D+00  0.10011D+01 -0.42710D+01 -0.44369D+00  0.00000D+00  0.35093D+02
 0.14405D+00  0.60011D+00  0.29988D+00  0.80004D+00  0.50190D+00  0.50190D+00  0.10002D+00  0.10011D+01 -0.42710D+01 -0.44369D+00  0.00000D+00  0.35093D+02
 0.14594D+00  0.60011D+00  0.29988D+00  0.80004D+00  0.50190D+00  0.50190D+00  0.10002D+00  0.10011D+01 -0.42710D+01 -0.44369D+00  0.00000D+00  0.35093D+02
 0.14784D+00  0.60011D+00  0.29988D+00  0.80004D+00  0.50190D+00  0.50190D+00  0.10002D+00  0.10011D+01 -0.42710D+01 -0.44369D+00  0.00000D+00  0.35093D+02
 0.14973D+00  0.60011D+00  0.29988D+00  0.80004D+00  0.50190D+00  0.50190D+00  0.10002D+00  0.10011D+01 -0.42710D+01 -0.44369D+00  0.00000D+00  0.35093D+02
 0.15163D+00  0.60011D+00  0.29988D+00  0.80004D+00  0.50190D+00  0.50190D+00  0.10002D+00  0.10011D+01 -0.42710D+01 -0.44369D+00  0.00000D+00  0.35093D+02
 0.15353D+00  0.60011D+00  0.29988D+00  0.80004D+00  0.50190D+00  0.50190D+00  0.10002D+00  0.10011D+01 -0.42710D+01 -0.44369D+00  0.00000D+00  0.35093D+02
 0.15542D+00  0.60011D+00  0.29988D+00  0.80004D+00  0.50190D+00  0.50190D+00  0.10002D+00  0.10011D+01 -0.42710D+01 -0.44369D+00  0.00000D+00  0.35093D+02
 0.15732D+00  0.60011D+00  0.29988D+00  0.80004D+00  0.50190D+00  0.50190D+00  0.10002D+00  0.10011D+01 -0.42710D+01 -0.44369D+00  0.00000D+00  0.35093D+02
 0.15921D+00  0.60011D+00  0.29988D+00  0.80004D+00  0.50190D+00  0.50190D+00  0.10002D+00  0.10011D+01 -0.42710D+01 -0.44369D+00  0.00000D+00  0.35093D+02
 0.16111D+00  0.60011D+00  0.29988D+00  0.80004D+00  0.50190D+00  0.50190D+00  0.10002D+00  0.10011D+01 -0.42710D+01 -0.44369D+00  0.00000D+00  0.35093D+02
 0.16300D+00  0.60011D+00  0.29988D+00  0.80004D+00  0.50190D+00  0.50190D+00  0.10002D+00  0.10011D+01 -0.42710D+01 -0.44369D+00  0.00000D+00  0.35093D+02
 0.16490D+00  0.60011D+00  0.29988D+00  0.80004D+00  0.50190D+00  0.50190D+00  0.10002D+00  0.10011D+01 -0.42710D+01 -0.44369D+00  0.00000D+00  0.35093D+02
 0.16679D+00  0.60011D+00  0.29988D+00  0.80004D+00  0.50190D+00  0.50190D+00  0.10002D+00  0.10011D+01 -0.42710D+01 -0.44369D+00  0.00000D+00  0.35093D+02
 0.16869D+00  0.60011D+00  0.29988D+00  0.80004D+00  0.50190D+00  0.50190D+00  0.10002D+00  0.10011D+01 -0.42710D+01 -0.44369D+00  0.00000D+00  0.35093D+02
 0.17058D+00  0.60011D+00  0.29988D+00  0.80004D+00  0.50190D+00  0.50190D+00  0.10002D+00  0.10011D+01 -0.42710D+01 -0.44369D+00  0.00000D+00  0.35093D+02
 0.17248D+00  0.60011D+00  0.29988D+00  0.80004D+00  0.50190D+00  0.50190D+00  0.10002D+00  0.10011D+01 -0.42710D+01 -0.44369D+00  0.00000D+00  0.35093D+02
 0.17437D+00  0.60011D+00  0.29988D+00  0.80004D+00  0.50190D+00  0.50190D+00  0.10002D+00  0.10011D+01 -0.42710D+01 -0.44369D+00  0.00000D+00  0.35093D+02
 0.17627D+00  0.60011D+00  0.29988D+00  0.80004D+00  0.50190D+00  0.50190D+00  0.10002D+00  0.10011D+01 -0.42710D+01 -0.44369D+00  0.00000D+00  0.35093D+02
 0.17817D+00  0.60011D+00  0.29988D+00  0.80004D+00  0.50190D+00  0.50190D+00  0.10002D+00  0.10011D+01 -0.42710D+01 -0.44369D+00  0.00000D+00  0.35093D+02
 0.18006D+00  0.60011D+00  0.29988D+00  0.80004D+00  0.50190D+00  0.50190D+00  0.10002D+00  0.10011D+01 -0.42710D+01 -0.44369D+00  0.00000D+00  0.35093D+02
 0.18196D+00  0.60011D+00  0.29988D+00  0.80004D+00  0.50190D+00  0.50190D+00  0.10002D+00  0.10011D+01 -0.42710D+01 -0.44369D+00  0.00000D+00  0.35093D+02
 0.18385D+00  0.60011D+00  0.29988D+00  0.80004D+00  0.50190D+00  0.50190D+00  0.10002D+00  0.10011D+01 -0.42710D+01 -0.44369D+00  0.00000D+00  0.35093D+02
 0.18575D+00  0.60011D+00  0.29988D+00  0.80004D+00  0.50190D+00  0.50190D+00  0.10002D+00  0.10011D+01 -0.42710D+01 -0.44369D+00  0.00000D+00  0.35093D+02
 0.18764D+00  0.60011D+00  0.29988D+00  0.80004D+00  0.50190D+00  0.50190D+00  0.10002D+00  0.10011D+01 -0.42710D+01 -0.44369D+00  0.00000D+00  0.35093D+02
 0.18954D+00  0.60011D+00  0.29988D+00  0.80004D+00  0.50190D+00  0.50190D+00  0.10002D+00  0.10011D+01 -0.42710D+01 -0.44369D+00  0.00000D+00  0.35093D+02
 0.19143D+00  0.60011D+00  0.29988D+00  0.80004D+00  0.50190D+00  0.50190D+00  0.10002D+00  0.10011D+01 -0.42710D+01 -0.44369D+00  0.00000D+00  0.35093D+02
 0.19333D+00  0.60011D+00  0.29988D+00  0.80004D+00  0.50190D+00  0.50190D+00  0.10002D+00  0.10011D+01 -0.42710D+01 -0.44369D+00  0.00000D+00  0.35093D+02
 0.19522D+00  0.60011D+00  0.29988D+00  0.80004D+00  0.50190D+00  0.50190D+00  0.10002D+00  0.10011D+01 -0.42710D+01 -0.44369D+00  0.00000D+00  0.35093D+02
 0.19712D+00  0.60011D+00  0.29988D+00  0.80004D+00  0.50190D+00  0.50190D+00  0.10002D+00  0.10011D+01 -0.42710D+01 -0.44369D+00  0.00000D+00  0.35093D+02
 0.19901D+00  0.60011D+00  0.29988D+00  0.80004D+00  0.50190D+00  0.50190D+00  0.10002D+00  0.10011D+01 -0.42710D+01 -0.44369D+00  0.00000D+00  0.35093D+02
 0.20091D+00  0.60011D+00  0.29988D+00  0.80004D+00  0.50190D+00  0.50190D+00  0.10002D+00  0.10011D+01 -0.42710D+01 -0.44369D+00  0.00000D+00  0.35093D+02
 0.20281D+00  0.60011D+00  0.29988D+00  0.80004D+00  0.50190D+00  0.50190D+00  0.10002D+00  0.10011D+01 -0.42710D+01 -0.44369D+00  0.00000D+00  0.35093D+02
 0.20470D+00  0.60011D+00  0.29988D+00  0.80004D+00  0.50190D+00  0.50190D+00  0.10002D+00  0.10011D+01 -0.42710D+01 -0.44369D+00  0.00000D+00  0.35093D+02
 0.20660D+00  0.60011D+00  0.29988D+00  0.80004D+00  0.50190D+00  0.50190D+00  0.10002D+00  0.10011D+01 -0.42710D+01 -0.44369D+00  0.00000D+00  0.35093D+02
 0.20849D+00  0.60011D+00  0.29988D+00  0.80004D+00  0.50190D+00  0.50190D+00  0.10002D+00  0.10011D+01 -0.42710D+01 -0.44369D+00  0.00000D+00  0.35093D+02
 0.21039D+00  0.60011D+00  0.29988D+00  0.80004D+00  0.50190D+00  0.50190D+00  0.10002D+00  0.10011D+01 -0.42710D+01 -0.44369D+00  0.00000D+00  0.35093D+02
 0.21228D+00  0.60011D+00  0.29988D+00  0.80004D+00  0.50190D+00  0.50190D+00  0.10002D+00  0.10011D+01 -0.42710D+01 -0.44369D+00  0.00000D+00  0.35093D+02
 0.21418D+00  0.60011D+00  0.29988D+00  0.80004D+00  0.50190D+00  0.50190D+00  0.10002D+00  0.10011D+01 -0.42710D+01 -0.44369D+00  0.00000D+00  0.35093D+02
 0.21607D+00  0.60011D+00  0.29988D+00  0.80004D+00  0.50190D+00  0.50190D+00  0.10002D+00  0.10011D+01 -0.42710D+01 -0.44369D+00  0.00000D+00  0.35093D+02
 0.21797D+00  0.60011D+00  0.29988D+00  0.80004D+00  0.50190D+00  0.50190D+00  0.10002D+00  0.10011D+01 -0.42710D+01 -0.44369D+00  0.00000D+00  0.35093D+02
 0.21986D+00  0.60011D+00  0.29988D+00  0.80004D+00  0.50190D+00  0.50190D+00  0.10002D+00  0.10011D+01 -0.42710D+01 -0.44369D+00  0.00000D+00  0.35093D+02
 0.22176D+00  0.60011D+00  0.29988D+00  0.80004D+00  0.50190D+00  0.50190D+00  0.10002D+00  0.10011D+01 -0.42710D+01 -0.44369D+00  0.00000D+00  0.35093D+02
 0.22365D+00  0.60011D+00  0.29988D+00  0.80004D+00  0.50190D+00  0.50190D+00  0.10002D+00  0.10011D+01 -0.42710D+01 -0.44369D+00  0.00000D+00  0.35093D+02
 0.22555D+00  0.60011D+00  0.29988D+00  0.80004D+00  0.50190D+00  0.50190D+00  0.10002D+00  0.10011D+01 -0.42710D+01 -0.44369D+00  0.00000D+00  0.35093D+02
 0.22745D+00  0.60011D+00  0.29988D+00  0.80004D+00  0.50190D+00  0.50190D+00  0.10002D+00  0.10011D+01 -0.42710D+01 -0.44369D+00  0.00000D+00  0.35093D+02
 0.22934D+00  0.60011D+00  0.29988D+00  0.80004D+00  0.50190D+00  0.50190D+00  0.10002D+00  0.10011D+01 -0.42710D+01 -0.44369D+00  0.00000D+00  0.35093D+02
 0.23124D+00  0.60011D+00  0.29988D+00  0.80004D+00  0.50190D+00  0.50190D+00  0.10002D+00  0.10011D+01 -0.42710D+01 -0.44369D+00  0.00000D+00  0.35093D+02
 0.23313D+00  0.60011D+00  0.29988D+00  0.80004D+00  0.50190D+00  0.50190D+00  0.10002D+00  0.10011D+01 -0.42710D+01 -0.44369D+00  0.00000D+00  0.35093D+02
 0.23503D+00  0.60011D+00  0.29988D+00  0.80004D+00  0.50190D+00  0.50190D+00  0.10002D+00  0.10011D+01 -0.42710D+01 -0.44369D+00  0.00000D+00  0.35093D+02
 0.23692D+00  0.60011D+00  0.29988D+00  0.80004D+00  0.50190D+00  0.50190D+00  0.10002D+00  0.10011D+01 -0.42710D+01 -0.44369D+00  0.00000D+00  0.35093D+02
 0.23882D+00  0.60011D+00  0.29988D+00  0.80004D+00  0.50190D+00  0.50190D+00  0.10002D+00  0.10011D+01 -0.42710D+01 -0.44369D+00  0.00000D+00  0.35093D+02
 0.24071D+00  0.60011D+00  0.29988D+00  0.80004D+00  0.50190D+00  0.50190D+00  0.10002D+00  0.10011D+01 -0.42710D+01 -0.44369D+00  0.00000D+00  0.35093D+02
 0.24261D+00  0.60011D+00  0.29988D+00  0.80004D+00  0.50190D+00  0.50190D+00  0.10002D+00  0.10011D+01 -0.42710D+01 -0.44369D+00  0.00000D+00  0.35093D+02
 0.24450D+00  0.60011D+00  0.29988D+00  0.80004D+00  0.50190D+00  0.50190D+00  0.10002D+00  0.10011D+01 -0.42710D+01 -0.44369D+00  0.00000D+00  0.35093D+02
 0.24640D+00  0.60011D+00  0.29988D+00  0.80004D+00  0.50190D+00  0.50190D+00  0.10002D+00  0.10011D+01 -0.42710D+01 -0.44369D+00  0.00000D+00  0.35093D+02
 0.24829D+00  0.60011D+00  0.29988D+00  0.80004D+00  0.50190D+00  0.50190D+00  0.10002D+00  0.10011D+01 -0.42710D+01 -0.44369D+00  0.00000D+00  0.35093D+02
 0.25019D+00  0.60011D+00  0.29988D+00  0.80004D+00  0.50190D+00  0.50190D+00  0.10002D+00  0.10011D+01 -0.42710D+01 -0.44369D+00  0.00000D+00  0.35093D+02
 0.25208D+00  0.60011D+00  0.29988D+00  0.80004D+00  0.50190D+00  0.50190D+00  0.10002D+00  0.10011D+01 -0.42710D+01 -0.44369D+00  0.00000D+00  0.35093D+02
 0.25398D+00  0.60011D+00  0.29988D+00  0.80004D+00  0.50190D+00  0.50190D+00  0.10002D+00  0.10011D+01 -0.42710D+01 -0.44369D+00  0.00000D+00  0.35093D+02
 0.25588D+00  0.60011D+00  0.29988D+00  0.80004D+00  0.50190D+00  0.50190D+00  0.10002D+00  0.10011D+01 -0.42710D+01 -0.44369D+00  0.00000D+00  0.35093D+02
 0.25777D+00  0.60011D+00  0.29988D+00  0.80004D+00  0.50190D+00  0.50190D+00  0.10002D+00  0.10011D+01 -0.42710D+01 -0.44369D+00  0.00000D+00  0.35093D+02
 0.25967D+00  0.60011D+00  0.29988D+00  0.80004D+00  0.50190D+00  0.50190D+00  0.10002D+00  0.10011D+01 -0.42710D+01 -0.44369D+00  0.00000D+00  0.35093D+02
 0.26156D+00  0.60011D+00  0.29988D+00  0.80004D+00  0.50190D+00  0.50190D+00  0.10002D+00  0.10011D+01 -0.42710D+01 -0.44369D+00  0.00000D+00  0.35093D+02
 0.26346D+00  0.60011D+00  0.29988D+00  0.80004D+00  0.50190D+00  0.50190D+00  0.10002D+00  0.10011D+01 -0.42710D+01 -0.44369D+00  0.00000D+00  0.35093D+02
 0.26535D+00  0.60011D+00  0.29988D+00  0.80004D+00  0.50190D+00  0.50190D+00  0.10002D+00  0.10011D+01 -0.42710D+01 -0.44369D+00  0.00000D+00  0.35093D+02
 0.26725D+00  0.60011D+00  0.29988D+00  0.80004D+00  0.50190D+00  0.50190D+00  0.10002D+00  0.10011D+01 -0.42710D+01 -0.44369D+00  0.00000D+00  0.35093D+02
 0.26914D+00  0.60011D+00  0.29988D+00  0.80004D+00  0.50190D+00  0.50190D+00  0.10002D+00  0.10011D+01 -0.42710D+01 -0.44369D+00  0.00000D+00  0.35093D+02
 0.27104D+00  0.60011D+00  0.29988D+00  0.80004D+00  0.50190D+00  0.50190D+00  0.10002D+00  0.10011D+01 -0.42710D+01 -0.44369D+00  0.00000D+00  0.35093D+02
 0.27293D+00  0.60011D+00  0.29988D+00  0.80004D+00  0.50190D+00  0.50190D+00  0.10002D+00  0.10011D+01 -0.42710D+01 -0.44369D+00  0.00000D+00  0.35093D+02
 0.27483D+00  0.60011D+00  0.29988D+00  0.80004D+00  0.50190D+00  0.50190D+00  0.10002D+00  0.10011D+01 -0.42710D+01 -0.44369D+00  0.00000D+00  0.35093D+02
 0.27672D+00  0.60011D+00  0.29988D+00  0.80004D+00  0.50190D+00  0.50190D+00  0.10002D+00  0.10011D+01 -0.42710D+01 -0.44369D+00  0.00000D+00  0.35093D+02
 0.27862D+00  0.60011D+00  0.29988D+00  0.80004D+00  0.50190D+00  0.50190D+00  0.10002D+00  0.10011D+01 -0.42710D+01 -0.44369D+00  0.00000D+00  0.35093D+02
 0.28052D+00  0.60011D+00  0.29988D+00  0.80004D+00  0.50190D+00  0.50190D+00  0.10002D+00  0.10011D+01 -0.42710D+01 -0.44369D+00  0.00000D+00  0.35093D+02
 0.28241D+00  0.60011D+00  0.29988D+00  0.80004D+00  0.50190D+00  0.50190D+00  0.10002D+00  0.10011D+01 -0.42710D+01 -0.44369D+00  0.00000D+00  0.35093D+02
 0.28431D+00  0.60011D+00  0.29988D+00  0.80004D+00  0.50190D+00  0.50190D+00  0.10002D+00  0.10011D+01 -0.42710D+01 -0.44369D+00  0.00000D+00  0.35093D+02
 0.28620D+00  0.60011D+00  0.29988D+00  0.80004D+00  0.50190D+00  0.50190D+00  0.10002D+00  0.10011D+01 -0.42710D+01 -0.44369D+00  0.00000D+00  0.35093D+02
 0.28810D+00  0.60011D+00  0.29988D+00  0.80004D+00  0.50190D+00  0.50190D+00  0.10002D+00  0.10011D+01 -0.42710D+01 -0.44369D+00  0.00000D+00  0.35093D+02
 0.28999D+00  0.60011D+00  0.29988D+00  0.80004D+00  0.50190D+00  0.50190D+00  0.10002D+00  0.10011D+01 -0.42710D+01 -0.44369D+00  0.00000D+00  0.35093D+02
 0.29189D+00  0.60011D+00  0.29988D+00  0.80004D+00  0.50190D+00  0.50190D+00  0.10002D+00  0.10011D+01 -0.42710D+01 -0.44369D+00  0.00000D+00  0.35093D+02
 0.29378D+00  0.60011D+00  0.29988D+00  0.80004D+00  0.50190D+00  0.50190D+00  0.10002D+00  0.10011D+01 -0.42710D+01 -0.44369D+00  0.00000D+00  0.35093D+02
 0.29568D+00  0.60011D+00  0.29988D+00  0.80004D+00  0.50190D+00  0.50190D+00  0.10002D+00  0.10011D+01 -0.42710D+01 -0.44369D+00  0.00000D+00  0.35093D+02
 0.29757D+00  0.60011D+00  0.29988D+00  0.80004D+00  0.50190D+00  0.50190D+00  0.10002D+00  0.10011D+01 -0.42710D+01 -0.44369D+00  0.00000D+00  0.35093D+02
 0.29947D+00  0.60011D+00  0.29988D+00  0.80004D+00  0.50190D+00  0.50190D+00  0.10002D+00  0.10011D+01 -0.42710D+01 -0.44369D+00  0.00000D+00  0.35093D+02
 0.30136D+00  0.60011D+00  0.29988D+00  0.80004D+00  0.50190D+00  0.50190D+00  0.10002D+00  0.10011D+01 -0.42710D+01 -0.44369D+00  0.00000D+00  0.35093D+02
 0.30326D+00  0.60011D+00  0.29988D+00  0.80004D+00  0.50190D+00  0.50190D+00  0.10002D+00  0.10011D+01 -0.42710D+01 -0.44369D+00  0.00000D+00  0.35093D+02
 0.30516D+00  0.60011D+00  0.29988D+00  0.80004D+00  0.50190D+00  0.50190D+00  0.10002D+00  0.10011D+01 -0.42710D+01 -0.44369D+00  0.00000D+00  0.35093D+02
 0.30705D+00  0.60011D+00  0.29988D+00  0.80004D+00  0.50190D+00  0.50190D+00  0.10002D+00  0.10011D+01 -0.42710D+01 -0.44369D+00  0.00000D+00  0.35093D+02
 0.30895D+00  0.60011D+00  0.29988D+00  0.80004D+00  0.50190D+00  0.50190D+00  0.10002D+00  0.10011D+01 -0.42710D+01 -0.44369D+00  0.00000D+00  0.35093D+02
 0.31084D+00  0.60011D+00  0.29988D+00  0.80004D+00  0.50190D+00  0.50190D+00  0.10002D+00  0.10011D+01 -0.42710D+01 -0.44369D+00  0.00000D+00  0.35093D+02
 0.31274D+00  0.60011D+00  0.29988D+00  0.80004D+00  0.50190D+00  0.50190D+00  0.10002D+00  0.10011D+01 -0.42710D+01 -0.44369D+00  0.00000D+00  0.35093D+02
 0.31463D+00  0.60011D+00  0.29988D+00  0.80004D+00  0.50190D+00  0.50190D+00  0.10002D+00  0.10011D+01 -0.42710D+01 -0.44369D+00  0.00000D+00  0.35093D+02
 0.31653D+00  0.60011D+00  0.29988D+00  0.80004D+00  0.50190D+00  0.50190D+00  0.10002D+00  0.10011D+01 -0.42710D+01 -0.44369D+00  0.00000D+00  0.35093D+02
 0.31842D+00  0.60011D+00  0.29988D+00  0.80004D+00  0.50190D+00  0.50190D+00  0.10002D+00  0.10011D+01 -0.42710D+01 -0.44369D+00  0.00000D+00  0.35093D+02
 0.32032D+00  0.60011D+00  0.29988D+00  0.80004D+00  0.50190D+00  0.50190D+00  0.10002D+00  0.10011D+01 -0.42710D+01 -0.44369D+00  0.00000D+00  0.35093D+02
 0.32221D+00  0.60011D+00  0.29988D+00  0.80004D+00  0.50190D+00  0.50190D+00  0.10002D+00  0.10011D+01 -0.42710D+01 -0.44369D+00  0.00000D+00  0.35093D+02
 0.32411D+00  0.60011D+00  0.29988D+00  0.80004D+00  0.50190D+00  0.50190D+00  0.10002D+00  0.10011D+01 -0.42710D+01 -0.44369D+00  0.00000D+00  0.35093D+02
 0.32600D+00  0.60011D+00  0.29988D+00  0.80004D+00  0.50190D+00  0.50190D+00  0.10002D+00  0.10011D+01 -0.42710D+01 -0.44369D+00  0.00000D+00  0.35093D+02
 0.32790D+00  0.60011D+00  0.29988D+00  0.80004D+00  0.50190D+00  0.50190D+00  0.10002D+00  0.10011D+01 -0.42710D+01 -0.44369D+00  0.00000D+00  0.35093D+02
 0.32980D+00  0.60011D+00  0.29988D+00  0.80004D+00  0.50190D+00  0.50190D+00  0.10002D+00  0.10011D+01 -0.42710D+01 -0.44369D+00  0.00000D+00  0.35093D+02
 0.33169D+00  0.60011D+00  0.29988D+00  0.80004D+00  0.50190D+00  0.50190D+00  0.10002D+00  0.10011D+01 -0.42710D+01 -0.44369D+00  0.00000D+00  0.35093D+02
 0.33359D+00  0.60011D+00  0.29988D+00  0.80004D+00  0.50190D+00  0.50190D+00  0.10002D+00  0.10011D+01 -0.42710D+01 -0.44369D+00  0.00000D+00  0.35093D+02
 0.33548D+00  0.60011D+00  0.29988D+00  0.80004D+00  0.50190D+00  0.50190D+00  0.10002D+00  0.10011D+01 -0.42710D+01 -0.44369D+00  0.00000D+00  0.35093D+02
 0.33738D+00  0.60011D+00  0.29988D+00  0.80004D+00  0.50190D+00  0.50190D+00  0.10002D+00  0.10011D+01 -0.42710D+01 -0.44369D+00  0.00000D+00  0.35093D+02
 0.33927D+00  0.60011D+00  0.29988D+00  0.80004D+00  0.50190D+00  0.50190D+00  0.10002D+00  0.10011D+01 -0.42710D+01 -0.44369D+00  0.00000D+00  0.35093D+02
 0.34117D+00  0.60011D+00  0.29988D+00  0.80004D+00  0.50190D+00  0.50190D+00  0.10002D+00  0.10011D+01 -0.42710D+01 -0.44369D+00  0.00000D+00  0.35093D+02
 0.34306D+00  0.60011D+00  0.29988D+00  0.80004D+00  0.50190D+00  0.50190D+00  0.10002D+00  0.10011D+01 -0.42710D+01 -0.44369D+00  0.00000D+00  0.35093D+02
 0.34496D+00  0.60011D+00  0.29988D+00  0.80004D+00  0.50190D+00  0.50190D+00  0.10002D+00  0.10011D+01 -0.42710D+01 -0.44369D+00  0.00000D+00  0.35093D+02
 0.34685D+00  0.60011D+00  0.29988D+00  0.80004D+00  0.50190D+00  0.50190D+00  0.10002D+00  0.10011D+01 -0.42710D+01 -0.44369D+00  0.00000D+00  0.35093D+02
 0.34875D+00  0.60011D+00  0.29988D+00  0.80004D+00  0.50190D+00  0.50190D+00  0.10002D+00  0.10011D+01 -0.42710D+01 -0.44369D+00  0.00000D+00  0.35093D+02
 0.35064D+00  0.60011D+00  0.29988D+00  0.80004D+00  0.50190D+00  0.50190D+00  0.10002D+00  0.10011D+01 -0.42710D+01 -0.44369D+00  0.00000D+00  0.35093D+02
 0.35254D+00  0.60011D+00  0.29988D+00  0.80004D+00  0.50190D+00  0.50190D+00  0.10002D+00  0.10011D+01 -0.42710D+01 -0.44369D+00  0.00000D+00  0.35093D+02
 0.35444D+00  0.60011D+00  0.29988D+00  0.80004D+00  0.50190D+00  0.50190D+00  0.10002D+00  0.10011D+01 -0.42710D+01 -0.44369D+00  0.00000D+00  0.35093D+02
 0.35633D+00  0.60011D+00  0.29988D+00  0.80004D+00  0.50190D+00  0.50190D+00  0.10002D+00  0.10011D+01 -0.42710D+01 -0.44369D+00  0.00000D+00  0.35093D+02
 0.35823D+00  0.60011D+00  0.29988D+00  0.80004D+00  0.50190D+00  0.50190D+00  0.10002D+00  0.10011D+01 -0.42710D+01 -0.44369D+00  0.00000D+00  0.35093D+02
 0.36012D+00  0.60011D+00  0.29988D+00  0.80004D+00  0.50190D+00  0.50190D+00  0.10002D+00  0.10011D+01 -0.42710D+01 -0.44369D+00  0.00000D+00  0.35093D+02
 0.36202D+00  0.60011D+00  0.29988D+00  0.80004D+00  0.50190D+00  0.50190D+00  0.10002D+00  0.10011D+01 -0.42710D+01 -0.44369D+00  0.00000D+00  0.35093D+02
 0.36391D+00  0.60011D+00  0.29988D+00  0.80004D+00  0.50190D+00  0.50190D+00  0.10002D+00  0.10011D+01 -0.42710D+01 -0.44369D+00  0.00000D+00  0.35093D+02
 0.36581D+00  0.60011D+00  0.29988D+00  0.80004D+00  0.50190D+00  0.50190D+00  0.10002D+00  0.10011D+01 -0.42710D+01 -0.44369D+00  0.00000D+00  0.35093D+02
 0.36770D+00  0.60011D+00  0.29988D+00  0.80004D+00  0.50190D+00  0.50190D+00  0.10002D+00  0.10011D+01 -0.42710D+01 -0.44369D+00  0.00000D+00  0.35093D+02
 0.36960D+00  0.60011D+00  0.29988D+00  0.80004D+00  0.50190D+00  0.50190D+00  0.10002D+00  0.10011D+01 -0.42710D+01 -0.44369D+00  0.00000D+00  0.35093D+02
 0.37149D+00  0.60011D+00  0.29988D+00  0.80004D+00  0.50190D+00  0.50190D+00  0.10002D+00  0.10011D+01 -0.42710D+01 -0.44369D+00  0.00000D+00  0.35093D+02
 0.37339D+00  0.60011D+00  0.29988D+00  0.80004D+00  0.50190D+00  0.50190D+00  0.10002D+00  0.10011D+01 -0.42710D+01 -0.44369D+00  0.00000D+00  0.35093D+02
 0.37528D+00  0.60011D+00  0.29988D+00  0.80004D+00  0.50190D+00  0.50190D+00  0.10002D+00  0.10011D+01 -0.42710D+01 -0.44369D+00  0.00000D+00  0.35093D+02
 0.37718D+00  0.60011D+00  0.29988D+00  0.80004D+00  0.50190D+00  0.50190D+00  0.10002D+00  0.10011D+01 -0.42710D+01 -0.44369D+00  0.00000D+00  0.35093D+02
 0.37908D+00  0.60011D+00  0.29988D+00  0.80004D+00  0.50190D+00  0.50190D+00  0.10002D+00  0.10011D+01 -0.42710D+01 -0.44369D+00  0.00000D+00  0.35093D+02
