# x AR CA ca co phi u v
0.00000e+00 6.00000e-01 3.00000e-01 4.99135e-01 4.99135e-01 8.00000e-01 1.00000e+00 -4.28317e+00
1.00000e-02 6.35738e-01 2.58306e-01 9.89195e-01 8.54263e-01 8.09939e-01 1.32044e+00 -4.29353e+00
2.00000e-02 6.59594e-01 2.30473e-01 9.91039e-01 8.24291e-01 8.11465e-01 1.37174e+00 -4.29489e+00
3.00000e-02 7.11888e-01 1.69464e-01 9.74895e-01 7.97558e-01 8.12931e-01 1.42157e+00 -4.29614e+00
4.00000e-02 7.95772e-01 7.15988e-02 9.50446e-01 7.70671e-01 8.14008e-01 1.45852e+00 -4.29702e+00
5.00000e-02 8.47513e-01 1.12352e-02 9.26033e-01 7.45917e-01 8.14105e-01 1.46185e+00 -4.29710e+00
6.00000e-02 8.56559e-01 6.81506e-04 9.07188e-01 7.25286e-01 8.13744e-01 1.44942e+00 -4.29681e+00
7.00000e-02 8.57116e-01 3.13241e-05 8.93701e-01 7.08294e-01 8.13408e-01 1.43788e+00 -4.29653e+00
8.00000e-02 8.57139e-01 4.30616e-06 8.84058e-01 6.93987e-01 8.13157e-01 1.42928e+00 -4.29633e+00
9.00000e-02 8.57142e-01 1.33459e-06 8.77143e-01 6.81694e-01 8.12978e-01 1.42318e+00 -4.29618e+00
1.00000e-01 8.57142e-01 5.63049e-07 8.72216e-01 6.70967e-01 8.12862e-01 1.41919e+00 -4.29608e+00
1.10000e-01 8.57143e-01 2.89378e-07 8.68762e-01 6.61490e-01 8.12800e-01 1.41708e+00 -4.29603e+00
1.20000e-01 8.57143e-01 1.71291e-07 8.66410e-01 6.53033e-01 8.12788e-01 1.41669e+00 -4.29602e+00
1.30000e-01 8.57143e-01 1.12697e-07 8.64883e-01 6.45419e-01 8.12826e-01 1.41797e+00 -4.29605e+00
1.40000e-01 8.57143e-01 8.05150e-08 8.63962e-01 6.38507e-01 8.12911e-01 1.42089e+00 -4.29613e+00
1.50000e-01 8.57143e-01 6.14619e-08 8.63464e-01 6.32181e-01 8.13046e-01 1.42551e+00 -4.29624e+00
1.60000e-01 8.57143e-01 4.95488e-08 8.63229e-01 6.26333e-01 8.13234e-01 1.43192e+00 -4.29639e+00
1.70000e-01 8.57143e-01 4.18176e-08 8.63102e-01 6.20861e-01 8.13478e-01 1.44028e+00 -4.29659e+00
1.80000e-01 8.57143e-01 3.66908e-08 8.62917e-01 6.15652e-01 8.13785e-01 1.45083e+00 -4.29684e+00
1.90000e-01 8.57143e-01 3.32650e-08 8.62472e-01 6.10564e-01 8.14163e-01 1.46387e+00 -4.29714e+00
2.00000e-01 8.57143e-01 3.09748e-08 8.61496e-01 6.05406e-01 8.14625e-01 1.47980e+00 -4.29751e+00
2.10000e-01 8.57143e-01 2.94122e-08 8.59603e-01 5.99911e-01 8.15183e-01 1.49917e+00 -4.29794e+00
2.20000e-01 8.57143e-01 2.82194e-08 8.56261e-01 5.93767e-01 8.15857e-01 1.52263e+00 -4.29845e+00
2.30000e-01 8.57143e-01 2.70549e-08 8.50901e-01 5.86795e-01 8.16668e-01 1.55102e+00 -4.29904e+00
2.40000e-01 8.57143e-01 2.56855e-08 8.43258e-01 5.79266e-01 8.17636e-01 1.58515e+00 -4.29973e+00
2.50000e-01 8.57143e-01 2.41693e-08 8.33739e-01 5.71886e-01 8.18771e-01 1.62546e+00 -4.30049e+00
2.60000e-01 8.57143e-01 2.28905e-08 8.23223e-01 5.65276e-01 8.20036e-01 1.67080e+00 -4.30130e+00
2.70000e-01 8.57143e-01 2.23375e-08 8.12492e-01 5.59661e-01 8.21309e-01 1.71684e+00 -4.30206e+00
2.80000e-01 8.57143e-01 2.28397e-08 8.01999e-01 5.55020e-01 8.22376e-01 1.75576e+00 -4.30266e+00
2.90000e-01 8.57143e-01 2.44068e-08 7.91967e-01 5.51246e-01 8.23051e-01 1.78052e+00 -4.30301e+00
3.00000e-01 8.57143e-01 2.66556e-08 7.82469e-01 5.48186e-01 8.23343e-01 1.79128e+00 -4.30316e+00
3.10000e-01 8.57143e-01 2.88398e-08 7.73436e-01 5.45648e-01 8.23424e-01 1.79427e+00 -4.30321e+00
3.20000e-01 8.57143e-01 3.00177e-08 7.64724e-01 5.43458e-01 8.23438e-01 1.79479e+00 -4.30321e+00
3.30000e-01 8.57143e-01 2.94509e-08 7.56240e-01 5.41521e-01 8.23439e-01 1.79485e+00 -4.30321e+00
3.40000e-01 8.57143e-01 2.71095e-08 7.47987e-01 5.39813e-01 8.23439e-01 1.79485e+00 -4.30321e+00
3.50000e-01 8.57143e-01 2.37186e-08 7.40011e-01 5.38328e-01 8.23439e-01 1.79485e+00 -4.30321e+00
3.60000e-01 8.57143e-01 2.01803e-08 7.32344e-01 5.37050e-01 8.23439e-01 1.79485e+00 -4.30321e+00
3.70000e-01 8.57143e-01 1.70394e-08 7.24994e-01 5.35955e-01 8.23439e-01 1.79485e+00 -4.30321e+00
3.80000e-01 8.57143e-01 1.44401e-08 7.17956e-01 5.35018e-01 8.23439e-01 1.79485e+00 -4.30321e+00
3.90000e-01 8.57143e-01 1.23315e-08 7.11220e-01 5.34216e-01 8.23439e-01 1.79485e+00 -4.30321e+00
4.00000e-01 8.57143e-01 1.06194e-08 7.04775e-01 5.33530e-01 8.23439e-01 1.79485e+00 -4.30321e+00
4.10000e-01 8.57143e-01 9.21872e-09 6.98608e-01 5.32942e-01 8.23439e-01 1.79485e+00 -4.30321e+00
4.20000e-01 8.57143e-01 8.06304e-09 6.92708e-01 5.32438e-01 8.23439e-01 1.79485e+00 -4.30321e+00
4.30000e-01 8.57143e-01 7.10150e-09 6.87062e-01 5.32006e-01 8.23439e-01 1.79485e+00 -4.30321e+00
4.40000e-01 8.57143e-01 6.29519e-09 6.81661e-01 5.31635e-01 8.23439e-01 1.79485e+00 -4.30321e+00
4.50000e-01 8.57143e-01 5.61413e-09 6.76492e-01 5.31316e-01 8.23439e-01 1.79485e+00 -4.30321e+00
4.60000e-01 8.57143e-01 5.03498e-09 6.71547e-01 5.31042e-01 8.23439e-01 1.79485e+00 -4.30321e+00
4.70000e-01 8.57143e-01 4.53938e-09 6.66816e-01 5.30806e-01 8.23439e-01 1.79485e+00 -4.30321e+00
4.80000e-01 8.57143e-01 4.11280e-09 6.62289e-01 5.30603e-01 8.23439e-01 1.79485e+00 -4.30321e+00
4.90000e-01 8.57143e-01 3.74364e-09 6.57957e-01 5.30428e-01 8.23439e-01 1.79485e+00 -4.30321e+00
5.00000e-01 8.57143e-01 3.42254e-09 6.53813e-01 5.30276e-01 8.23439e-01 1.79485e+00 -4.30321e+00
5.10000e-01 8.57143e-01 3.14191e-09 6.49847e-01 5.30145e-01 8.23439e-01 1.79485e+00 -4.30321e+00
5.20000e-01 8.57143e-01 2.89556e-09 6.46053e-01 5.30031e-01 8.23439e-01 1.79485e+00 -4.30321e+00
5.30000e-01 8.57143e-01 2.67838e-09 6.42423e-01 5.29932e-01 8.23439e-01 1.79485e+00 -4.30321e+00
5.40000e-01 8.57143e-01 2.48618e-09 6.38949e-01 5.29846e-01 8.23439e-01 1.79485e+00 -4.30321e+00
5.50000e-01 8.57143e-01 2.31545e-09 6.35625e-01 5.29772e-01 8.23439e-01 1.79485e+00 -4.30321e+00
5.60000e-01 8.57143e-01 2.16325e-09 6.32445e-01 5.29706e-01 8.23439e-01 1.79485e+00 -4.30321e+00
5.70000e-01 8.57143e-01 2.02713e-09 6.29403e-01 5.29649e-01 8.23439e-01 1.79485e+00 -4.30321e+00
5.80000e-01 8.57143e-01 1.90501e-09 6.26491e-01 5.29598e-01 8.23439e-01 1.79485e+00 -4.30321e+00
5.90000e-01 8.57143e-01 1.79512e-09 6.23706e-01 5.29554e-01 8.23439e-01 1.79485e+00 -4.30321e+00
6.00000e-01 8.57143e-01 1.69596e-09 6.21041e-01 5.29515e-01 8.23439e-01 1.79485e+00 -4.30321e+00
6.10000e-01 8.57143e-01 1.60624e-09 6.18490e-01 5.29480e-01 8.23439e-01 1.79485e+00 -4.30321e+00
6.20000e-01 8.57143e-01 1.52486e-09 6.16050e-01 5.29449e-01 8.23439e-01 1.79485e+00 -4.30321e+00
6.30000e-01 8.57143e-01 1.45087e-09 6.13716e-01 5.29422e-01 8.23439e-01 1.79485e+00 -4.30321e+00
6.40000e-01 8.57143e-01 1.38345e-09 6.11482e-01 5.29397e-01 8.23439e-01 1.79485e+00 -4.30321e+00
6.50000e-01 8.57143e-01 1.32186e-09 6.09344e-01 5.29375e-01 8.23439e-01 1.79485e+00 -4.30321e+00
6.60000e-01 8.57143e-01 1.26550e-09 6.07299e-01 5.29356e-01 8.23439e-01 1.79485e+00 -4.30321e+00
6.70000e-01 8.57143e-01 1.21382e-09 6.05342e-01 5.29338e-01 8.23439e-01 1.79485e+00 -4.30321e+00
6.80000e-01 8.57143e-01 1.16635e-09 6.03470e-01 5.29322e-01 8.23439e-01 1.79485e+00 -4.30321e+00
6.90000e-01 8.57143e-01 1.12265e-09 6.01679e-01 5.29307e-01 8.23439e-01 1.79485e+00 -4.30321e+00
7.00000e-01 8.57143e-01 1.08236e-09 5.99965e-01 5.29294e-01 8.23439e-01 1.79485e+00 -4.30321e+00
7.10000e-01 8.57143e-01 1.04516e-09 5.98325e-01 5.29281e-01 8.23439e-01 1.79485e+00 -4.30321e+00
7.20000e-01 8.57143e-01 1.01076e-09 5.96755e-01 5.29270e-01 8.23439e-01 1.79485e+00 -4.30321e+00
7.30000e-01 8.57143e-01 9.78890e-10 5.95254e-01 5.29260e-01 8.23439e-01 1.79485e+00 -4.30321e+00
7.40000e-01 8.57143e-01 9.49332e-10 5.93817e-01 5.29250e-01 8.23439e-01 1.79485e+00 -4.30321e+00
7.50000e-01 8.57143e-01 9.21878e-10 5.92443e-01 5.29241e-01 8.23439e-01 1.79485e+00 -4.30321e+00
7.60000e-01 8.57143e-01 8.96346e-10 5.91127e-01 5.29233e-01 8.23439e-01 1.79485e+00 -4.30321e+00
7.70000e-01 8.57143e-01 8.72572e-10 5.89869e-01 5.29226e-01 8.23439e-01 1.79485e+00 -4.30321e+00
7.80000e-01 8.57143e-01 8.50408e-10 5.88665e-01 5.29218e-01 8.23439e-01 1.79485e+00 -4.30321e+00
7.90000e-01 8.57143e-01 8.29723e-10 5.87513e-01 5.29212e-01 8.23439e-01 1.79485e+00 -4.30321e+00
8.00000e-01 8.57143e-01 8.10397e-10 5.86410e-01 5.29206e-01 8.23439e-01 1.79485e+00 -4.30321e+00
8.10000e-01 8.57143e-01 7.92321e-10 5.85356e-01 5.29200e-01 8.23439e-01 1.79485e+00 -4.30321e+00
8.20000e-01 8.57143e-01 7.75399e-10 5.84346e-01 5.29194e-01 8.23439e-01 1.79485e+00 -4.30321e+00
8.30000e-01 8.57143e-01 7.59542e-10 5.83381e-01 5.29189e-01 8.23439e-01 1.79485e+00 -4.30321e+00
8.40000e-01 8.57143e-01 7.44669e-10 5.82457e-01 5.29184e-01 8.23439e-01 1.79485e+00 -4.30321e+00
8.50000e-01 8.57143e-01 7.30708e-10 5.81573e-01 5.29180e-01 8.23439e-01 1.79485e+00 -4.30321e+00
8.60000e-01 8.57143e-01 7.17591e-10 5.80727e-01 5.29175e-01 8.23439e-01 1.79485e+00 -4.30321e+00
8.70000e-01 8.57143e-01 7.05258e-10 5.79918e-01 5.29171e-01 8.23439e-01 1.79485e+00 -4.30321e+00
8.80000e-01 8.57143e-01 6.93653e-10 5.79143e-01 5.29167e-01 8.23439e-01 1.79485e+00 -4.30321e+00
8.90000e-01 8.57143e-01 6.82725e-10 5.78402e-01 5.29164e-01 8.23439e-01 1.79485e+00 -4.30321e+00
9.00000e-01 8.57143e-01 6.72428e-10 5.77694e-01 5.29160e-01 8.23439e-01 1.79485e+00 -4.30321e+00
9.10000e-01 8.57143e-01 6.62719e-10 5.77015e-01 5.29157e-01 8.23439e-01 1.79485e+00 -4.30321e+00
9.20000e-01 8.57143e-01 6.53559e-10 5.76366e-01 5.29154e-01 8.23439e-01 1.79485e+00 -4.30321e+00
9.30000e-01 8.57143e-01 6.44911e-10 5.75745e-01 5.29151e-01 8.23439e-01 1.79485e+00 -4.30321e+00
9.40000e-01 8.57143e-01 6.36742e-10 5.75151e-01 5.29148e-01 8.23439e-01 1.79485e+00 -4.30321e+00
9.50000e-01 8.57143e-01 6.29021e-10 5.74582e-01 5.29145e-01 8.23439e-01 1.79485e+00 -4.30321e+00
9.60000e-01 8.57143e-01 6.21719e-10 5.74038e-01 5.29143e-01 8.23439e-01 1.79485e+00 -4.30321e+00
9.70000e-01 8.57143e-01 6.14811e-10 5.73518e-01 5.29140e-01 8.23439e-01 1.79485e+00 -4.30321e+00
9.80000e-01 8.57143e-01 6.08272e-10 5.73020e-01 5.29138e-01 8.23439e-01 1.79485e+00 -4.30321e+00
9.90000e-01 8.57143e-01 6.02080e-10 5.72543e-01 5.29135e-01 8.23439e-01 1.79485e+00 -4.30321e+00
