# x AR CA ca co phi u v
0.00000e+00 6.00000e-01 3.00000e-01 4.99135e-01 4.99135e-01 8.00000e-01 1.00000e+00 -4.28317e+00
1.00000e-02 6.27313e-01 2.68135e-01 9.66090e-01 9.61208e-01 8.08708e-01 1.27948e+00 -4.29239e+00
2.00000e-02 6.28269e-01 2.67020e-01 9.86516e-01 9.54907e-01 8.08999e-01 1.28910e+00 -4.29266e+00
3.00000e-02 6.29000e-01 2.66166e-01 1.00475e+00 9.39104e-01 8.09218e-01 1.29638e+00 -4.29287e+00
4.00000e-02 6.29736e-01 2.65308e-01 1.02229e+00 9.22440e-01 8.09433e-01 1.30356e+00 -4.29307e+00
5.00000e-02 6.30525e-01 2.64388e-01 1.03915e+00 9.06404e-01 8.09658e-01 1.31103e+00 -4.29327e+00
6.00000e-02 6.31392e-01 2.63376e-01 1.05528e+00 8.91212e-01 8.09895e-01 1.31895e+00 -4.29349e+00
7.00000e-02 6.32365e-01 2.62241e-01 1.07064e+00 8.76838e-01 8.10149e-01 1.32744e+00 -4.29372e+00
8.00000e-02 6.33478e-01 2.60942e-01 1.08521e+00 8.63210e-01 8.10423e-01 1.33665e+00 -4.29397e+00
9.00000e-02 6.34779e-01 2.59424e-01 1.09897e+00 8.50257e-01 8.10724e-01 1.34674e+00 -4.29424e+00
1.00000e-01 6.36330e-01 2.57615e-01 1.11191e+00 8.37908e-01 8.11056e-01 1.35791e+00 -4.29454e+00
1.10000e-01 6.38217e-01 2.55413e-01 1.12398e+00 8.26095e-01 8.11426e-01 1.37043e+00 -4.29486e+00
1.20000e-01 6.40565e-01 2.52674e-01 1.13515e+00 8.14752e-01 8.11845e-01 1.38460e+00 -4.29522e+00
1.30000e-01 6.43552e-01 2.49190e-01 1.14535e+00 8.03805e-01 8.12323e-01 1.40082e+00 -4.29563e+00
1.40000e-01 6.47448e-01 2.44645e-01 1.15448e+00 7.93170e-01 8.12873e-01 1.41958e+00 -4.29609e+00
1.50000e-01 6.52669e-01 2.38553e-01 1.16241e+00 7.82739e-01 8.13514e-01 1.44153e+00 -4.29662e+00
1.60000e-01 6.59883e-01 2.30137e-01 1.16893e+00 7.72368e-01 8.14269e-01 1.46751e+00 -4.29723e+00
1.70000e-01 6.70186e-01 2.18116e-01 1.17370e+00 7.61842e-01 8.15167e-01 1.49862e+00 -4.29793e+00
1.80000e-01 6.85391e-01 2.00378e-01 1.17620e+00 7.50829e-01 8.16245e-01 1.53620e+00 -4.29873e+00
1.90000e-01 7.08224e-01 1.73739e-01 1.17556e+00 7.38803e-01 8.17535e-01 1.58157e+00 -4.29966e+00
2.00000e-01 7.41296e-01 1.35155e-01 1.17046e+00 7.24971e-01 8.19035e-01 1.63490e+00 -4.30066e+00
2.10000e-01 7.82678e-01 8.68760e-02 1.15924e+00 7.08372e-01 8.20637e-01 1.69247e+00 -4.30166e+00
2.20000e-01 8.21491e-01 4.15939e-02 1.14086e+00 6.88537e-01 8.22055e-01 1.74400e+00 -4.30248e+00
2.30000e-01 8.45586e-01 1.34835e-02 1.11679e+00 6.66717e-01 8.22965e-01 1.77736e+00 -4.30297e+00
2.40000e-01 8.54752e-01 2.78969e-03 1.09106e+00 6.45752e-01 8.23336e-01 1.79104e+00 -4.30316e+00
2.50000e-01 8.56834e-01 3.60828e-04 1.06668e+00 6.27556e-01 8.23426e-01 1.79434e+00 -4.30321e+00
2.60000e-01 8.57118e-01 2.91580e-05 1.04406e+00 6.12216e-01 8.23438e-01 1.79481e+00 -4.30321e+00
2.70000e-01 8.57142e-01 1.48318e-06 1.02277e+00 5.99262e-01 8.23439e-01 1.79485e+00 -4.30321e+00
2.80000e-01 8.57143e-01 4.81563e-08 1.00252e+00 5.88317e-01 8.23439e-01 1.79485e+00 -4.30321e+00
2.90000e-01 8.57143e-01 1.02065e-09 9.83198e-01 5.79105e-01 8.23439e-01 1.79485e+00 -4.30321e+00
3.00000e-01 8.57143e-01 1.49043e-11 9.64754e-01 5.71393e-01 8.23439e-01 1.79485e+00 -4.30321e+00
3.10000e-01 8.57143e-01 2.03614e-13 9.47161e-01 5.64966e-01 8.23439e-01 1.79485e+00 -4.30321e+00
3.20000e-01 8.57143e-01 7.89865e-15 9.30390e-01 5.59614e-01 8.23439e-01 1.79485e+00 -4.30321e+00
3.30000e-01 8.57143e-01 7.91689e-16 9.14402e-01 5.55136e-01 8.23439e-01 1.79485e+00 -4.30321e+00
3.40000e-01 8.57143e-01 9.45737e-17 8.99146e-01 5.51363e-01 8.23439e-01 1.79485e+00 -4.30321e+00
3.50000e-01 8.57143e-01 1.18629e-17 8.84574e-01 5.48163e-01 8.23439e-01 1.79485e+00 -4.30321e+00
3.60000e-01 8.57143e-01 1.54799e-18 8.70643e-01 5.45438e-01 8.23439e-01 1.79485e+00 -4.30321e+00
3.70000e-01 8.57143e-01 2.11839e-19 8.57318e-01 5.43114e-01 8.23439e-01 1.79485e+00 -4.30321e+00
3.80000e-01 8.57143e-01 3.09622e-20 8.44569e-01 5.41131e-01 8.23439e-01 1.79485e+00 -4.30321e+00
3.90000e-01 8.57143e-01 4.96272e-21 8.32371e-01 5.39437e-01 8.23439e-01 1.79485e+00 -4.30321e+00
4.00000e-01 8.57143e-01 8.98702e-22 8.20700e-01 5.37991e-01 8.23439e-01 1.79485e+00 -4.30321e+00
4.10000e-01 8.57143e-01 1.87990e-22 8.09532e-01 5.36755e-01 8.23439e-01 1.79485e+00 -4.30321e+00
4.20000e-01 8.57143e-01 4.54357e-23 7.98846e-01 5.35698e-01 8.23439e-01 1.79485e+00 -4.30321e+00
4.30000e-01 8.57143e-01 1.23557e-23 7.88621e-01 5.34795e-01 8.23439e-01 1.79485e+00 -4.30321e+00
4.40000e-01 8.57143e-01 3.62317e-24 7.78837e-01 5.34022e-01 8.23439e-01 1.79485e+00 -4.30321e+00
4.50000e-01 8.57143e-01 1.09961e-24 7.69475e-01 5.33361e-01 8.23439e-01 1.79485e+00 -4.30321e+00
4.60000e-01 8.57143e-01 3.36271e-25 7.60517e-01 5.32795e-01 8.23439e-01 1.79485e+00 -4.30321e+00
4.70000e-01 8.57143e-01 1.02858e-25 7.51946e-01 5.32309e-01 8.23439e-01 1.79485e+00 -4.30321e+00
4.80000e-01 8.57143e-01 3.17792e-26 7.43744e-01 5.31893e-01 8.23439e-01 1.79485e+00 -4.30321e+00
4.90000e-01 8.57143e-01 1.01004e-26 7.35897e-01 5.31535e-01 8.23439e-01 1.79485e+00 -4.30321e+00
5.00000e-01 8.57143e-01 3.35630e-27 7.28388e-01 5.31229e-01 8.23439e-01 1.79485e+00 -4.30321e+00
5.10000e-01 8.57143e-01 1.17566e-27 7.21204e-01 5.30965e-01 8.23439e-01 1.79485e+00 -4.30321e+00
5.20000e-01 8.57143e-01 4.34608e-28 7.14329e-01 5.30738e-01 8.23439e-01 1.79485e+00 -4.30321e+00
5.30000e-01 8.57143e-01 1.69150e-28 7.07752e-01 5.30542e-01 8.23439e-01 1.79485e+00 -4.30321e+00
5.40000e-01 8.57143e-01 6.90775e-29 7.01458e-01 5.30373e-01 8.23439e-01 1.79485e+00 -4.30321e+00
5.50000e-01 8.57143e-01 2.95012e-29 6.95436e-01 5.30227e-01 8.23439e-01 1.79485e+00 -4.30321e+00
5.60000e-01 8.57143e-01 1.31360e-29 6.89674e-01 5.30101e-01 8.23439e-01 1.79485e+00 -4.30321e+00
5.70000e-01 8.57143e-01 6.08175e-30 6.84160e-01 5.29991e-01 8.23439e-01 1.79485e+00 -4.30321e+00
5.80000e-01 8.57143e-01 2.92061e-30 6.78885e-01 5.29896e-01 8.23439e-01 1.79485e+00 -4.30321e+00
5.90000e-01 8.57143e-01 1.45159e-30 6.73837e-01 5.29814e-01 8.23439e-01 1.79485e+00 -4.30321e+00
6.00000e-01 8.57143e-01 7.45208e-31 6.69008e-01 5.29742e-01 8.23439e-01 1.79485e+00 -4.30321e+00
6.10000e-01 8.57143e-01 3.94445e-31 6.64386e-01 5.29679e-01 8.23439e-01 1.79485e+00 -4.30321e+00
6.20000e-01 8.57143e-01 2.14907e-31 6.59965e-01 5.29624e-01 8.23439e-01 1.79485e+00 -4.30321e+00
6.30000e-01 8.57143e-01 1.20339e-31 6.55734e-01 5.29575e-01 8.23439e-01 1.79485e+00 -4.30321e+00
6.40000e-01 8.57143e-01 6.91581e-32 6.51686e-01 5.29533e-01 8.23439e-01 1.79485e+00 -4.30321e+00
6.50000e-01 8.57143e-01 4.07373e-32 6.47813e-01 5.29495e-01 8.23439e-01 1.79485e+00 -4.30321e+00
6.60000e-01 8.57143e-01 2.45655e-32 6.44107e-01 5.29462e-01 8.23439e-01 1.79485e+00 -4.30321e+00
6.70000e-01 8.57143e-01 1.51479e-32 6.40561e-01 5.29433e-01 8.23439e-01 1.79485e+00 -4.30321e+00
6.80000e-01 8.57143e-01 9.54125e-33 6.37168e-01 5.29406e-01 8.23439e-01 1.79485e+00 -4.30321e+00
6.90000e-01 8.57143e-01 6.13274e-33 6.33921e-01 5.29383e-01 8.23439e-01 1.79485e+00 -4.30321e+00
7.00000e-01 8.57143e-01 4.01874e-33 6.30815e-01 5.29362e-01 8.23439e-01 1.79485e+00 -4.30321e+00
7.10000e-01 8.57143e-01 2.68241e-33 6.27843e-01 5.29343e-01 8.23439e-01 1.79485e+00 -4.30321e+00
7.20000e-01 8.57143e-01 1.82221e-33 6.24999e-01 5.29326e-01 8.23439e-01 1.79485e+00 -4.30321e+00
7.30000e-01 8.57143e-01 1.25882e-33 6.22278e-01 5.29310e-01 8.23439e-01 1.79485e+00 -4.30321e+00
7.40000e-01 8.57143e-01 8.83676e-34 6.19675e-01 5.29296e-01 8.23439e-01 1.79485e+00 -4.30321e+00
7.50000e-01 8.57143e-01 6.29908e-34 6.17183e-01 5.29284e-01 8.23439e-01 1.79485e+00 -4.30321e+00
7.60000e-01 8.57143e-01 4.55639e-34 6.14800e-01 5.29272e-01 8.23439e-01 1.79485e+00 -4.30321e+00
7.70000e-01 8.57143e-01 3.34229e-34 6.12519e-01 5.29261e-01 8.23439e-01 1.79485e+00 -4.30321e+00
7.80000e-01 8.57143e-01 2.48473e-34 6.10337e-01 5.29251e-01 8.23439e-01 1.79485e+00 -4.30321e+00
7.90000e-01 8.57143e-01 1.87099e-34 6.08249e-01 5.29242e-01 8.23439e-01 1.79485e+00 -4.30321e+00
8.00000e-01 8.57143e-01 1.42619e-34 6.06251e-01 5.29234e-01 8.23439e-01 1.79485e+00 -4.30321e+00
8.10000e-01 8.57143e-01 1.09994e-34 6.04340e-01 5.29226e-01 8.23439e-01 1.79485e+00 -4.30321e+00
8.20000e-01 8.57143e-01 8.57872e-35 6.02511e-01 5.29219e-01 8.23439e-01 1.79485e+00 -4.30321e+00
8.30000e-01 8.57143e-01 6.76281e-35 6.00761e-01 5.29212e-01 8.23439e-01 1.79485e+00 -4.30321e+00
8.40000e-01 8.57143e-01 5.38620e-35 5.99087e-01 5.29206e-01 8.23439e-01 1.79485e+00 -4.30321e+00
8.50000e-01 8.57143e-01 4.33207e-35 5.97485e-01 5.29200e-01 8.23439e-01 1.79485e+00 -4.30321e+00
8.60000e-01 8.57143e-01 3.51708e-35 5.95952e-01 5.29194e-01 8.23439e-01 1.79485e+00 -4.30321e+00
8.70000e-01 8.57143e-01 2.88115e-35 5.94485e-01 5.29189e-01 8.23439e-01 1.79485e+00 -4.30321e+00
8.80000e-01 8.57143e-01 2.38057e-35 5.93081e-01 5.29184e-01 8.23439e-01 1.79485e+00 -4.30321e+00
8.90000e-01 8.57143e-01 1.98319e-35 5.91739e-01 5.29179e-01 8.23439e-01 1.79485e+00 -4.30321e+00
9.00000e-01 8.57143e-01 1.66519e-35 5.90454e-01 5.29175e-01 8.23439e-01 1.79485e+00 -4.30321e+00
9.10000e-01 8.57143e-01 1.40874e-35 5.89225e-01 5.29171e-01 8.23439e-01 1.79485e+00 -4.30321e+00
9.20000e-01 8.57143e-01 1.20040e-35 5.88048e-01 5.29167e-01 8.23439e-01 1.79485e+00 -4.30321e+00
9.30000e-01 8.57143e-01 1.02995e-35 5.86923e-01 5.29163e-01 8.23439e-01 1.79485e+00 -4.30321e+00
9.40000e-01 8.57143e-01 8.89542e-36 5.85846e-01 5.29160e-01 8.23439e-01 1.79485e+00 -4.30321e+00
9.50000e-01 8.57143e-01 7.73144e-36 5.84816e-01 5.29157e-01 8.23439e-01 1.79485e+00 -4.30321e+00
9.60000e-01 8.57143e-01 6.76047e-36 5.83830e-01 5.29153e-01 8.23439e-01 1.79485e+00 -4.30321e+00
9.70000e-01 8.57143e-01 5.94571e-36 5.82886e-01 5.29150e-01 8.23439e-01 1.79485e+00 -4.30321e+00
9.80000e-01 8.57143e-01 5.25816e-36 5.81984e-01 5.29147e-01 8.23439e-01 1.79485e+00 -4.30321e+00
9.90000e-01 8.57143e-01 4.67479e-36 5.81120e-01 5.29145e-01 8.23439e-01 1.79485e+00 -4.30321e+00
