# x AR CA ca co phi u v
0.00000e+00 6.00000e-01 3.00000e-01 4.99135e-01 4.99135e-01 8.00000e-01 1.00000e+00 -4.28317e+00
1.90490e-03 6.53501e-01 2.37583e-01 5.20782e-01 5.08326e-01 8.54524e-01 3.08227e+00 -4.30056e+00
3.80980e-03 7.00914e-01 1.82267e-01 5.36100e-01 5.14594e-01 8.46963e-01 2.74188e+00 -4.30497e+00
5.71470e-03 7.41400e-01 1.35033e-01 5.47887e-01 5.19171e-01 8.39741e-01 2.43371e+00 -4.30676e+00
7.61960e-03 7.73870e-01 9.71518e-02 5.56936e-01 5.22437e-01 8.34528e-01 2.22109e+00 -4.30671e+00
9.52450e-03 7.98559e-01 6.83474e-02 5.63929e-01 5.24721e-01 8.30936e-01 2.07923e+00 -4.30606e+00
1.14294e-02 8.16592e-01 4.73093e-02 5.69432e-01 5.26298e-01 8.28488e-01 1.98464e+00 -4.30535e+00
1.33343e-02 8.29386e-01 3.23829e-02 5.73881e-01 5.27377e-01 8.26830e-01 1.92153e+00 -4.30474e+00
1.52392e-02 8.38283e-01 2.20037e-02 5.77595e-01 5.28114e-01 8.25713e-01 1.87944e+00 -4.30428e+00
1.71441e-02 8.44386e-01 1.48833e-02 5.80799e-01 5.28616e-01 8.24963e-01 1.85138e+00 -4.30395e+00
1.90490e-02 8.48536e-01 1.00410e-02 5.83650e-01 5.28960e-01 8.24460e-01 1.83267e+00 -4.30372e+00
2.09539e-02 8.51344e-01 6.76577e-03 5.86255e-01 5.29198e-01 8.24124e-01 1.82018e+00 -4.30355e+00
2.28588e-02 8.53237e-01 4.55740e-03 5.88686e-01 5.29363e-01 8.23899e-01 1.81183e+00 -4.30344e+00
2.47637e-02 8.54511e-01 3.07076e-03 5.90994e-01 5.29480e-01 8.23748e-01 1.80626e+00 -4.30337e+00
2.66686e-02 8.55368e-01 2.07052e-03 5.93209e-01 5.29565e-01 8.23647e-01 1.80252e+00 -4.30332e+00
2.85735e-02 8.55945e-01 1.39744e-03 5.95356e-01 5.29628e-01 8.23579e-01 1.80002e+00 -4.30328e+00
3.04784e-02 8.56333e-01 9.44255e-04 5.97448e-01 5.29676e-01 8.23534e-01 1.79834e+00 -4.30326e+00
3.23833e-02 8.56595e-01 6.38839e-04 5.99496e-01 5.29714e-01 8.23503e-01 1.79720e+00 -4.30325e+00
3.42882e-02 8.56772e-01 4.32786e-04 6.01507e-01 5.29745e-01 8.23483e-01 1.79644e+00 -4.30324e+00
3.61931e-02 8.56891e-01 2.93598e-04 6.03485e-01 5.29772e-01 8.23469e-01 1.79593e+00 -4.30323e+00
3.80980e-02 8.56972e-01 1.99454e-04 6.05434e-01 5.29796e-01 8.23459e-01 1.79558e+00 -4.30322e+00
4.00029e-02 8.57027e-01 1.35689e-04 6.07356e-01 5.29817e-01 8.23453e-01 1.79535e+00 -4.30322e+00
4.19078e-02 8.57064e-01 9.24413e-05 6.09252e-01 5.29837e-01 8.23449e-01 1.79519e+00 -4.30322e+00
4.38127e-02 8.57089e-01 6.30670e-05 6.11124e-01 5.29856e-01 8.23446e-01 1.79508e+00 -4.30322e+00
4.57176e-02 8.57106e-01 4.30876e-05 6.12972e-01 5.29874e-01 8.23444e-01 1.79501e+00 -4.30322e+00
4.76225e-02 8.57118e-01 2.94790e-05 6.14798e-01 5.29892e-01 8.23442e-01 1.79496e+00 -4.30322e+00
4.95274e-02 8.57126e-01 2.01967e-05 6.16601e-01 5.29909e-01 8.23441e-01 1.79492e+00 -4.30322e+00
5.14323e-02 8.57131e-01 1.38565e-05 6.18381e-01 5.29926e-01 8.23441e-01 1.79490e+00 -4.30321e+00
5.33372e-02 8.57135e-01 9.51970e-06 6.20141e-01 5.29943e-01 8.23440e-01 1.79489e+00 -4.30321e+00
5.52421e-02 8.57137e-01 6.54919e-06 6.21879e-01 5.29960e-01 8.23440e-01 1.79487e+00 -4.30321e+00
5.71470e-02 8.57139e-01 4.51172e-06 6.23595e-01 5.29976e-01 8.23440e-01 1.79487e+00 -4.30321e+00
5.90519e-02 8.57140e-01 3.11230e-06 6.25291e-01 5.29992e-01 8.23440e-01 1.79486e+00 -4.30321e+00
6.09568e-02 8.57141e-01 2.14981e-06 6.26967e-01 5.30008e-01 8.23440e-01 1.79486e+00 -4.30321e+00
6.28617e-02 8.57142e-01 1.48695e-06 6.28621e-01 5.30024e-01 8.23440e-01 1.79486e+00 -4.30321e+00
6.47666e-02 8.57142e-01 1.02982e-06 6.30256e-01 5.30040e-01 8.23440e-01 1.79485e+00 -4.30321e+00
6.66715e-02 8.57142e-01 7.14159e-07 6.31870e-01 5.30055e-01 8.23440e-01 1.79485e+00 -4.30321e+00
6.85764e-02 8.57142e-01 4.95895e-07 6.33465e-01 5.30071e-01 8.23439e-01 1.79485e+00 -4.30321e+00
7.04813e-02 8.57143e-01 3.44780e-07 6.35040e-01 5.30086e-01 8.23439e-01 1.79485e+00 -4.30321e+00
7.23862e-02 8.57143e-01 2.40020e-07 6.36596e-01 5.30101e-01 8.23439e-01 1.79485e+00 -4.30321e+00
7.42911e-02 8.57143e-01 1.67303e-07 6.38132e-01 5.30117e-01 8.23439e-01 1.79485e+00 -4.30321e+00
7.61960e-02 8.57143e-01 1.16762e-07 6.39650e-01 5.30132e-01 8.23439e-01 1.79485e+00 -4.30321e+00
7.81009e-02 8.57143e-01 8.15908e-08 6.41148e-01 5.30147e-01 8.23439e-01 1.79485e+00 -4.30321e+00
8.00058e-02 8.57143e-01 5.70843e-08 6.42628e-01 5.30161e-01 8.23439e-01 1.79485e+00 -4.30321e+00
8.19107e-02 8.57143e-01 3.99876e-08 6.44089e-01 5.30176e-01 8.23439e-01 1.79485e+00 -4.30321e+00
8.38156e-02 8.57143e-01 2.80454e-08 6.45532e-01 5.30191e-01 8.23439e-01 1.79485e+00 -4.30321e+00
8.57205e-02 8.57143e-01 1.96934e-08 6.46956e-01 5.30205e-01 8.23439e-01 1.79485e+00 -4.30321e+00
8.76254e-02 8.57143e-01 1.38453e-08 6.48363e-01 5.30220e-01 8.23439e-01 1.79485e+00 -4.30321e+00
8.95303e-02 8.57143e-01 9.74537e-09 6.49752e-01 5.30234e-01 8.23439e-01 1.79485e+00 -4.30321e+00
9.14352e-02 8.57143e-01 6.86764e-09 6.51123e-01 5.30248e-01 8.23439e-01 1.79485e+00 -4.30321e+00
9.33401e-02 8.57143e-01 4.84535e-09 6.52476e-01 5.30262e-01 8.23439e-01 1.79485e+00 -4.30321e+00
9.52450e-02 8.57143e-01 3.42254e-09 6.53813e-01 5.30276e-01 8.23439e-01 1.79485e+00 -4.30321e+00
9.71499e-02 8.57143e-01 2.42032e-09 6.55132e-01 5.30290e-01 8.23439e-01 1.79485e+00 -4.30321e+00
9.90548e-02 8.57143e-01 1.71355e-09 6.56434e-01 5.30304e-01 8.23439e-01 1.79485e+00 -4.30321e+00
1.00960e-01 8.57143e-01 1.21454e-09 6.57719e-01 5.30317e-01 8.23439e-01 1.79485e+00 -4.30321e+00
1.02865e-01 8.57143e-01 8.61828e-10 6.58988e-01 5.30331e-01 8.23439e-01 1.79485e+00 -4.30321e+00
1.04769e-01 8.57143e-01 6.12232e-10 6.60240e-01 5.30344e-01 8.23439e-01 1.79485e+00 -4.30321e+00
1.06674e-01 8.57143e-01 4.35407e-10 6.61476e-01 5.30357e-01 8.23439e-01 1.79485e+00 -4.30321e+00
1.08579e-01 8.57143e-01 3.09996e-10 6.62696e-01 5.30371e-01 8.23439e-01 1.79485e+00 -4.30321e+00
1.10484e-01 8.57143e-01 2.20950e-10 6.63899e-01 5.30384e-01 8.23439e-01 1.79485e+00 -4.30321e+00
1.12389e-01 8.57143e-01 1.57654e-10 6.65087e-01 5.30397e-01 8.23439e-01 1.79485e+00 -4.30321e+00
1.14294e-01 8.57143e-01 1.12613e-10 6.66259e-01 5.30409e-01 8.23439e-01 1.79485e+00 -4.30321e+00
1.16199e-01 8.57143e-01 8.05270e-11 6.67415e-01 5.30422e-01 8.23439e-01 1.79485e+00 -4.30321e+00
1.18104e-01 8.57143e-01 5.76445e-11 6.68556e-01 5.30435e-01 8.23439e-01 1.79485e+00 -4.30321e+00
1.20009e-01 8.57143e-01 4.13082e-11 6.69682e-01 5.30447e-01 8.23439e-01 1.79485e+00 -4.30321e+00
1.21914e-01 8.57143e-01 2.96329e-11 6.70793e-01 5.30460e-01 8.23439e-01 1.79485e+00 -4.30321e+00
1.23818e-01 8.57143e-01 2.12798e-11 6.71889e-01 5.30472e-01 8.23439e-01 1.79485e+00 -4.30321e+00
1.25723e-01 8.57143e-01 1.52973e-11 6.72969e-01 5.30484e-01 8.23439e-01 1.79485e+00 -4.30321e+00
1.27628e-01 8.57143e-01 1.10081e-11 6.74036e-01 5.30496e-01 8.23439e-01 1.79485e+00 -4.30321e+00
1.29533e-01 8.57143e-01 7.92971e-12 6.75087e-01 5.30508e-01 8.23439e-01 1.79485e+00 -4.30321e+00
1.31438e-01 8.57143e-01 5.71804e-12 6.76124e-01 5.30520e-01 8.23439e-01 1.79485e+00 -4.30321e+00
1.33343e-01 8.57143e-01 4.12742e-12 6.77147e-01 5.30532e-01 8.23439e-01 1.79485e+00 -4.30321e+00
1.35248e-01 8.57143e-01 2.98230e-12 6.78156e-01 5.30543e-01 8.23439e-01 1.79485e+00 -4.30321e+00
1.37153e-01 8.57143e-01 2.15705e-12 6.79151e-01 5.30555e-01 8.23439e-01 1.79485e+00 -4.30321e+00
1.39058e-01 8.57143e-01 1.56172e-12 6.80132e-01 5.30566e-01 8.23439e-01 1.79485e+00 -4.30321e+00
1.40963e-01 8.57143e-01 1.13182e-12 6.81099e-01 5.30578e-01 8.23439e-01 1.79485e+00 -4.30321e+00
1.42867e-01 8.57143e-01 8.21073e-13 6.82053e-01 5.30589e-01 8.23439e-01 1.79485e+00 -4.30321e+00
1.44772e-01 8.57143e-01 5.96229e-13 6.82993e-01 5.30600e-01 8.23439e-01 1.79485e+00 -4.30321e+00
1.46677e-01 8.57143e-01 4.33381e-13 6.83920e-01 5.30611e-01 8.23439e-01 1.79485e+00 -4.30321e+00
1.48582e-01 8.57143e-01 3.15317e-13 6.84834e-01 5.30622e-01 8.23439e-01 1.79485e+00 -4.30321e+00
1.50487e-01 8.57143e-01 2.29639e-13 6.85734e-01 5.30633e-01 8.23439e-01 1.79485e+00 -4.30321e+00
1.52392e-01 8.57143e-01 1.67403e-13 6.86622e-01 5.30643e-01 8.23439e-01 1.79485e+00 -4.30321e+00
1.54297e-01 8.57143e-01 1.22150e-13 6.87497e-01 5.30654e-01 8.23439e-01 1.79485e+00 -4.30321e+00
1.56202e-01 8.57143e-01 8.92151e-14 6.88359e-01 5.30664e-01 8.23439e-01 1.79485e+00 -4.30321e+00
1.58107e-01 8.57143e-01 6.52220e-14 6.89209e-01 5.30675e-01 8.23439e-01 1.79485e+00 -4.30321e+00
1.60012e-01 8.57143e-01 4.77265e-14 6.90046e-01 5.30685e-01 8.23439e-01 1.79485e+00 -4.30321e+00
1.61916e-01 8.57143e-01 3.49568e-14 6.90871e-01 5.30695e-01 8.23439e-01 1.79485e+00 -4.30321e+00
1.63821e-01 8.57143e-01 2.56276e-14 6.91684e-01 5.30705e-01 8.23439e-01 1.79485e+00 -4.30321e+00
1.65726e-01 8.57143e-01 1.88057e-14 6.92485e-01 5.30715e-01 8.23439e-01 1.79485e+00 -4.30321e+00
1.67631e-01 8.57143e-01 1.38124e-14 6.93273e-01 5.30725e-01 8.23439e-01 1.79485e+00 -4.30321e+00
1.69536e-01 8.57143e-01 1.01543e-14 6.94050e-01 5.30735e-01 8.23439e-01 1.79485e+00 -4.30321e+00
1.71441e-01 8.57143e-01 7.47183e-15 6.94815e-01 5.30744e-01 8.23439e-01 1.79485e+00 -4.30321e+00
1.73346e-01 8.57143e-01 5.50301e-15 6.95569e-01 5.30754e-01 8.23439e-01 1.79485e+00 -4.30321e+00
1.75251e-01 8.57143e-01 4.05664e-15 6.96311e-01 5.30763e-01 8.23439e-01 1.79485e+00 -4.30321e+00
1.77156e-01 8.57143e-01 2.99313e-15 6.97042e-01 5.30772e-01 8.23439e-01 1.79485e+00 -4.30321e+00
1.79061e-01 8.57143e-01 2.21041e-15 6.97762e-01 5.30782e-01 8.23439e-01 1.79485e+00 -4.30321e+00
1.80965e-01 8.57143e-01 1.63384e-15 6.98470e-01 5.30791e-01 8.23439e-01 1.79485e+00 -4.30321e+00
1.82870e-01 8.57143e-01 1.20874e-15 6.99167e-01 5.30800e-01 8.23439e-01 1.79485e+00 -4.30321e+00
1.84775e-01 8.57143e-01 8.95042e-16 6.99854e-01 5.30809e-01 8.23439e-01 1.79485e+00 -4.30321e+00
1.86680e-01 8.57143e-01 6.63340e-16 7.00529e-01 5.30817e-01 8.23439e-01 1.79485e+00 -4.30321e+00
1.88585e-01 8.57143e-01 4.92052e-16 7.01194e-01 5.30826e-01 8.23439e-01 1.79485e+00 -4.30321e+00
1.90490e-01 8.57143e-01 3.65314e-16 7.01848e-01 5.30835e-01 8.23439e-01 1.79485e+00 -4.30321e+00
1.92395e-01 8.57143e-01 2.71457e-16 7.02492e-01 5.30843e-01 8.23439e-01 1.79485e+00 -4.30321e+00
1.94300e-01 8.57143e-01 2.01889e-16 7.03126e-01 5.30852e-01 8.23439e-01 1.79485e+00 -4.30321e+00
1.96205e-01 8.57143e-01 1.50280e-16 7.03749e-01 5.30860e-01 8.23439e-01 1.79485e+00 -4.30321e+00
1.98110e-01 8.57143e-01 1.11960e-16 7.04362e-01 5.30868e-01 8.23439e-01 1.79485e+00 -4.30321e+00
2.00014e-01 8.57143e-01 8.34835e-17 7.04964e-01 5.30876e-01 8.23439e-01 1.79485e+00 -4.30321e+00
2.01919e-01 8.57143e-01 6.23031e-17 7.05557e-01 5.30884e-01 8.23439e-01 1.79485e+00 -4.30321e+00
2.03824e-01 8.57143e-01 4.65360e-17 7.06140e-01 5.30892e-01 8.23439e-01 1.79485e+00 -4.30321e+00
2.05729e-01 8.57143e-01 3.47887e-17 7.06713e-01 5.30900e-01 8.23439e-01 1.79485e+00 -4.30321e+00
2.07634e-01 8.57143e-01 2.60290e-17 7.07277e-01 5.30907e-01 8.23439e-01 1.79485e+00 -4.30321e+00
2.09539e-01 8.57143e-01 1.94914e-17 7.07831e-01 5.30915e-01 8.23439e-01 1.79485e+00 -4.30321e+00
2.11444e-01 8.57143e-01 1.46081e-17 7.08375e-01 5.30922e-01 8.23439e-01 1.79485e+00 -4.30321e+00
2.13349e-01 8.57143e-01 1.09575e-17 7.08910e-01 5.30930e-01 8.23439e-01 1.79485e+00 -4.30321e+00
2.15254e-01 8.57143e-01 8.22604e-18 7.09436e-01 5.30937e-01 8.23439e-01 1.79485e+00 -4.30321e+00
2.17159e-01 8.57143e-01 6.18065e-18 7.09952e-01 5.30944e-01 8.23439e-01 1.79485e+00 -4.30321e+00
2.19063e-01 8.57143e-01 4.64772e-18 7.10460e-01 5.30951e-01 8.23439e-01 1.79485e+00 -4.30321e+00
2.20968e-01 8.57143e-01 3.49789e-18 7.10958e-01 5.30958e-01 8.23439e-01 1.79485e+00 -4.30321e+00
2.22873e-01 8.57143e-01 2.63471e-18 7.11447e-01 5.30965e-01 8.23439e-01 1.79485e+00 -4.30321e+00
2.24778e-01 8.57143e-01 1.98618e-18 7.11928e-01 5.30972e-01 8.23439e-01 1.79485e+00 -4.30321e+00
2.26683e-01 8.57143e-01 1.49852e-18 7.12400e-01 5.30979e-01 8.23439e-01 1.79485e+00 -4.30321e+00
2.28588e-01 8.57143e-01 1.13152e-18 7.12863e-01 5.30985e-01 8.23439e-01 1.79485e+00 -4.30321e+00
2.30493e-01 8.57143e-01 8.55107e-19 7.13317e-01 5.30992e-01 8.23439e-01 1.79485e+00 -4.30321e+00
2.32398e-01 8.57143e-01 6.46746e-19 7.13763e-01 5.30998e-01 8.23439e-01 1.79485e+00 -4.30321e+00
2.34303e-01 8.57143e-01 4.89556e-19 7.14201e-01 5.31005e-01 8.23439e-01 1.79485e+00 -4.30321e+00
2.36208e-01 8.57143e-01 3.70873e-19 7.14631e-01 5.31011e-01 8.23439e-01 1.79485e+00 -4.30321e+00
2.38112e-01 8.57143e-01 2.81191e-19 7.15052e-01 5.31017e-01 8.23439e-01 1.79485e+00 -4.30321e+00
2.40017e-01 8.57143e-01 2.13369e-19 7.15465e-01 5.31023e-01 8.23439e-01 1.79485e+00 -4.30321e+00
2.41922e-01 8.57143e-01 1.62036e-19 7.15869e-01 5.31029e-01 8.23439e-01 1.79485e+00 -4.30321e+00
2.43827e-01 8.57143e-01 1.23153e-19 7.16266e-01 5.31035e-01 8.23439e-01 1.79485e+00 -4.30321e+00
2.45732e-01 8.57143e-01 9.36762e-20 7.16655e-01 5.31040e-01 8.23439e-01 1.79485e+00 -4.30321e+00
2.47637e-01 8.57143e-01 7.13122e-20 7.17037e-01 5.31046e-01 8.23439e-01 1.79485e+00 -4.30321e+00
2.49542e-01 8.57143e-01 5.43312e-20 7.17410e-01 5.31052e-01 8.23439e-01 1.79485e+00 -4.30321e+00
2.51447e-01 8.57143e-01 4.14270e-20 7.17776e-01 5.31057e-01 8.23439e-01 1.79485e+00 -4.30321e+00
2.53352e-01 8.57143e-01 3.16131e-20 7.18134e-01 5.31063e-01 8.23439e-01 1.79485e+00 -4.30321e+00
2.55257e-01 8.57143e-01 2.41435e-20 7.18485e-01 5.31068e-01 8.23439e-01 1.79485e+00 -4.30321e+00
2.57161e-01 8.57143e-01 1.84536e-20 7.18828e-01 5.31073e-01 8.23439e-01 1.79485e+00 -4.30321e+00
2.59066e-01 8.57143e-01 1.41159e-20 7.19164e-01 5.31078e-01 8.23439e-01 1.79485e+00 -4.30321e+00
2.60971e-01 8.57143e-01 1.08065e-20 7.19493e-01 5.31083e-01 8.23439e-01 1.79485e+00 -4.30321e+00
2.62876e-01 8.57143e-01 8.27960e-21 7.19814e-01 5.31088e-01 8.23439e-01 1.79485e+00 -4.30321e+00
2.64781e-01 8.57143e-01 6.34863e-21 7.20128e-01 5.31093e-01 8.23439e-01 1.79485e+00 -4.30321e+00
2.66686e-01 8.57143e-01 4.87189e-21 7.20435e-01 5.31098e-01 8.23439e-01 1.79485e+00 -4.30321e+00
2.68591e-01 8.57143e-01 3.74164e-21 7.20736e-01 5.31102e-01 8.23439e-01 1.79485e+00 -4.30321e+00
2.70496e-01 8.57143e-01 2.87590e-21 7.21029e-01 5.31107e-01 8.23439e-01 1.79485e+00 -4.30321e+00
2.72401e-01 8.57143e-01 2.21223e-21 7.21316e-01 5.31111e-01 8.23439e-01 1.79485e+00 -4.30321e+00
2.74306e-01 8.57143e-01 1.70308e-21 7.21595e-01 5.31116e-01 8.23439e-01 1.79485e+00 -4.30321e+00
2.76210e-01 8.57143e-01 1.31215e-21 7.21868e-01 5.31120e-01 8.23439e-01 1.79485e+00 -4.30321e+00
2.78115e-01 8.57143e-01 1.01177e-21 7.22135e-01 5.31124e-01 8.23439e-01 1.79485e+00 -4.30321e+00
2.80020e-01 8.57143e-01 7.80769e-22 7.22395e-01 5.31128e-01 8.23439e-01 1.79485e+00 -4.30321e+00
2.81925e-01 8.57143e-01 6.02991e-22 7.22648e-01 5.31132e-01 8.23439e-01 1.79485e+00 -4.30321e+00
2.83830e-01 8.57143e-01 4.66064e-22 7.22895e-01 5.31136e-01 8.23439e-01 1.79485e+00 -4.30321e+00
2.85735e-01 8.57143e-01 3.60517e-22 7.23136e-01 5.31140e-01 8.23439e-01 1.79485e+00 -4.30321e+00
2.87640e-01 8.57143e-01 2.79096e-22 7.23370e-01 5.31144e-01 8.23439e-01 1.79485e+00 -4.30321e+00
2.89545e-01 8.57143e-01 2.16236e-22 7.23598e-01 5.31147e-01 8.23439e-01 1.79485e+00 -4.30321e+00
2.91450e-01 8.57143e-01 1.67667e-22 7.23820e-01 5.31151e-01 8.23439e-01 1.79485e+00 -4.30321e+00
2.93355e-01 8.57143e-01 1.30111e-22 7.24036e-01 5.31154e-01 8.23439e-01 1.79485e+00 -4.30321e+00
2.95259e-01 8.57143e-01 1.01049e-22 7.24246e-01 5.31158e-01 8.23439e-01 1.79485e+00 -4.30321e+00
2.97164e-01 8.57143e-01 7.85403e-23 7.24450e-01 5.31161e-01 8.23439e-01 1.79485e+00 -4.30321e+00
2.99069e-01 8.57143e-01 6.10946e-23 7.24648e-01 5.31164e-01 8.23439e-01 1.79485e+00 -4.30321e+00
3.00974e-01 8.57143e-01 4.75621e-23 7.24840e-01 5.31168e-01 8.23439e-01 1.79485e+00 -4.30321e+00
3.02879e-01 8.57143e-01 3.70567e-23 7.25026e-01 5.31171e-01 8.23439e-01 1.79485e+00 -4.30321e+00
3.04784e-01 8.57143e-01 2.88950e-23 7.25207e-01 5.31174e-01 8.23439e-01 1.79485e+00 -4.30321e+00
3.06689e-01 8.57143e-01 2.25490e-23 7.25382e-01 5.31177e-01 8.23439e-01 1.79485e+00 -4.30321e+00
3.08594e-01 8.57143e-01 1.76109e-23 7.25551e-01 5.31179e-01 8.23439e-01 1.79485e+00 -4.30321e+00
3.10499e-01 8.57143e-01 1.37653e-23 7.25715e-01 5.31182e-01 8.23439e-01 1.79485e+00 -4.30321e+00
3.12404e-01 8.57143e-01 1.07682e-23 7.25873e-01 5.31185e-01 8.23439e-01 1.79485e+00 -4.30321e+00
3.14308e-01 8.57143e-01 8.43041e-24 7.26026e-01 5.31187e-01 8.23439e-01 1.79485e+00 -4.30321e+00
3.16213e-01 8.57143e-01 6.60552e-24 7.26174e-01 5.31190e-01 8.23439e-01 1.79485e+00 -4.30321e+00
3.18118e-01 8.57143e-01 5.17986e-24 7.26316e-01 5.31192e-01 8.23439e-01 1.79485e+00 -4.30321e+00
3.20023e-01 8.57143e-01 4.06521e-24 7.26453e-01 5.31195e-01 8.23439e-01 1.79485e+00 -4.30321e+00
3.21928e-01 8.57143e-01 3.19301e-24 7.26585e-01 5.31197e-01 8.23439e-01 1.79485e+00 -4.30321e+00
3.23833e-01 8.57143e-01 2.51000e-24 7.26712e-01 5.31199e-01 8.23439e-01 1.79485e+00 -4.30321e+00
3.25738e-01 8.57143e-01 1.97470e-24 7.26834e-01 5.31201e-01 8.23439e-01 1.79485e+00 -4.30321e+00
3.27643e-01 8.57143e-01 1.55483e-24 7.26950e-01 5.31203e-01 8.23439e-01 1.79485e+00 -4.30321e+00
3.29548e-01 8.57143e-01 1.22525e-24 7.27062e-01 5.31205e-01 8.23439e-01 1.79485e+00 -4.30321e+00
3.31453e-01 8.57143e-01 9.66321e-25 7.27169e-01 5.31207e-01 8.23439e-01 1.79485e+00 -4.30321e+00
3.33357e-01 8.57143e-01 7.62741e-25 7.27271e-01 5.31209e-01 8.23439e-01 1.79485e+00 -4.30321e+00
3.35262e-01 8.57143e-01 6.02548e-25 7.27368e-01 5.31210e-01 8.23439e-01 1.79485e+00 -4.30321e+00
3.37167e-01 8.57143e-01 4.76393e-25 7.27460e-01 5.31212e-01 8.23439e-01 1.79485e+00 -4.30321e+00
3.39072e-01 8.57143e-01 3.76964e-25 7.27548e-01 5.31213e-01 8.23439e-01 1.79485e+00 -4.30321e+00
3.40977e-01 8.57143e-01 2.98536e-25 7.27631e-01 5.31215e-01 8.23439e-01 1.79485e+00 -4.30321e+00
3.42882e-01 8.57143e-01 2.36622e-25 7.27709e-01 5.31216e-01 8.23439e-01 1.79485e+00 -4.30321e+00
3.44787e-01 8.57143e-01 1.87705e-25 7.27783e-01 5.31218e-01 8.23439e-01 1.79485e+00 -4.30321e+00
3.46692e-01 8.57143e-01 1.49026e-25 7.27852e-01 5.31219e-01 8.23439e-01 1.79485e+00 -4.30321e+00
3.48597e-01 8.57143e-01 1.18416e-25 7.27917e-01 5.31220e-01 8.23439e-01 1.79485e+00 -4.30321e+00
3.50502e-01 8.57143e-01 9.41731e-26 7.27978e-01 5.31221e-01 8.23439e-01 1.79485e+00 -4.30321e+00
3.52406e-01 8.57143e-01 7.49563e-26 7.28034e-01 5.31222e-01 8.23439e-01 1.79485e+00 -4.30321e+00
3.54311e-01 8.57143e-01 5.97112e-26 7.28086e-01 5.31223e-01 8.23439e-01 1.79485e+00 -4.30321e+00
3.56216e-01 8.57143e-01 4.76071e-26 7.28133e-01 5.31224e-01 8.23439e-01 1.79485e+00 -4.30321e+00
3.58121e-01 8.57143e-01 3.79887e-26 7.28177e-01 5.31225e-01 8.23439e-01 1.79485e+00 -4.30321e+00
3.60026e-01 8.57143e-01 3.03394e-26 7.28216e-01 5.31225e-01 8.23439e-01 1.79485e+00 -4.30321e+00
3.61931e-01 8.57143e-01 2.42509e-26 7.28251e-01 5.31226e-01 8.23439e-01 1.79485e+00 -4.30321e+00
3.63836e-01 8.57143e-01 1.94008e-26 7.28282e-01 5.31227e-01 8.23439e-01 1.79485e+00 -4.30321e+00
3.65741e-01 8.57143e-01 1.55339e-26 7.28309e-01 5.31227e-01 8.23439e-01 1.79485e+00 -4.30321e+00
3.67646e-01 8.57143e-01 1.24483e-26 7.28332e-01 5.31227e-01 8.23439e-01 1.79485e+00 -4.30321e+00
3.69551e-01 8.57143e-01 9.98414e-27 7.28351e-01 5.31228e-01 8.23439e-01 1.79485e+00 -4.30321e+00
3.71455e-01 8.57143e-01 8.01459e-27 7.28366e-01 5.31228e-01 8.23439e-01 1.79485e+00 -4.30321e+00
3.73360e-01 8.57143e-01 6.43905e-27 7.28377e-01 5.31228e-01 8.23439e-01 1.79485e+00 -4.30321e+00
3.75265e-01 8.57143e-01 5.17765e-27 7.28385e-01 5.31228e-01 8.23439e-01 1.79485e+00 -4.30321e+00
3.77170e-01 8.57143e-01 4.16689e-27 7.28388e-01 5.31229e-01 8.23439e-01 1.79485e+00 -4.30321e+00
3.79075e-01 8.57143e-01 3.35630e-27 7.28388e-01 5.31229e-01 8.23439e-01 1.79485e+00 -4.30321e+00
