# x AR CA ca co phi u v
0.00000e+00 6.00000e-01 3.00000e-01 4.99135e-01 4.99135e-01 8.00000e-01 1.00000e+00 -4.28317e+00
1.90490e-03 6.53695e-01 2.37356e-01 5.18668e-01 5.08303e-01 8.54515e-01 3.08186e+00 -4.30057e+00
3.80980e-03 7.01411e-01 1.81687e-01 5.32018e-01 5.14544e-01 8.46925e-01 2.74025e+00 -4.30498e+00
5.71470e-03 7.42216e-01 1.34081e-01 5.41797e-01 5.19084e-01 8.39669e-01 2.43073e+00 -4.30677e+00
7.61960e-03 7.74930e-01 9.59155e-02 5.48805e-01 5.22303e-01 8.34429e-01 2.21715e+00 -4.30670e+00
9.52450e-03 7.99742e-01 6.69674e-02 5.53744e-01 5.24536e-01 8.30823e-01 2.07483e+00 -4.30603e+00
1.14294e-02 8.17781e-01 4.59217e-02 5.57194e-01 5.26059e-01 8.28372e-01 1.98022e+00 -4.30531e+00
1.33343e-02 8.30496e-01 3.10879e-02 5.59604e-01 5.27087e-01 8.26721e-01 1.91741e+00 -4.30470e+00
1.52392e-02 8.39264e-01 2.08589e-02 5.61299e-01 5.27775e-01 8.25615e-01 1.87579e+00 -4.30424e+00
1.71441e-02 8.45219e-01 1.39112e-02 5.62510e-01 5.28233e-01 8.24879e-01 1.84826e+00 -4.30391e+00
1.90490e-02 8.49223e-01 9.24038e-03 5.63396e-01 5.28537e-01 8.24391e-01 1.83008e+00 -4.30368e+00
2.09539e-02 8.51896e-01 6.12164e-03 5.64064e-01 5.28738e-01 8.24067e-01 1.81808e+00 -4.30353e+00
2.28588e-02 8.53673e-01 4.04863e-03 5.64586e-01 5.28871e-01 8.23854e-01 1.81016e+00 -4.30342e+00
2.47637e-02 8.54850e-01 2.67477e-03 5.65012e-01 5.28959e-01 8.23713e-01 1.80495e+00 -4.30335e+00
2.66686e-02 8.55629e-01 1.76597e-03 5.65372e-01 5.29017e-01 8.23620e-01 1.80151e+00 -4.30331e+00
2.85735e-02 8.56144e-01 1.16552e-03 5.65688e-01 5.29056e-01 8.23558e-01 1.79924e+00 -4.30327e+00
3.04784e-02 8.56484e-01 7.69094e-04 5.65974e-01 5.29081e-01 8.23518e-01 1.79774e+00 -4.30325e+00
3.23833e-02 8.56708e-01 5.07471e-04 5.66240e-01 5.29098e-01 8.23491e-01 1.79676e+00 -4.30324e+00
3.42882e-02 8.56856e-01 3.34850e-04 5.66490e-01 5.29109e-01 8.23474e-01 1.79611e+00 -4.30323e+00
3.61931e-02 8.56953e-01 2.20963e-04 5.66731e-01 5.29116e-01 8.23462e-01 1.79568e+00 -4.30323e+00
3.80980e-02 8.57018e-01 1.45826e-04 5.66963e-01 5.29121e-01 8.23454e-01 1.79540e+00 -4.30322e+00
4.00029e-02 8.57060e-01 9.62509e-05 5.67190e-01 5.29125e-01 8.23449e-01 1.79521e+00 -4.30322e+00
4.19078e-02 8.57088e-01 6.35382e-05 5.67412e-01 5.29127e-01 8.23446e-01 1.79509e+00 -4.30322e+00
4.38127e-02 8.57107e-01 4.19498e-05 5.67629e-01 5.29128e-01 8.23444e-01 1.79501e+00 -4.30322e+00
4.57176e-02 8.57119e-01 2.77007e-05 5.67844e-01 5.29130e-01 8.23442e-01 1.79495e+00 -4.30322e+00
4.76225e-02 8.57127e-01 1.82945e-05 5.68055e-01 5.29130e-01 8.23441e-01 1.79492e+00 -4.30322e+00
4.95274e-02 8.57132e-01 1.20842e-05 5.68263e-01 5.29131e-01 8.23441e-01 1.79490e+00 -4.30321e+00
5.14323e-02 8.57136e-01 7.98337e-06 5.68468e-01 5.29131e-01 8.23440e-01 1.79488e+00 -4.30321e+00
5.33372e-02 8.57138e-01 5.27500e-06 5.68670e-01 5.29132e-01 8.23440e-01 1.79487e+00 -4.30321e+00
5.52421e-02 8.57140e-01 3.48600e-06 5.68871e-01 5.29132e-01 8.23440e-01 1.79486e+00 -4.30321e+00
5.71470e-02 8.57141e-01 2.30410e-06 5.69068e-01 5.29132e-01 8.23440e-01 1.79486e+00 -4.30321e+00
5.90519e-02 8.57142e-01 1.52315e-06 5.69263e-01 5.29132e-01 8.23440e-01 1.79486e+00 -4.30321e+00
6.09568e-02 8.57142e-01 1.00705e-06 5.69456e-01 5.29133e-01 8.23440e-01 1.79485e+00 -4.30321e+00
6.28617e-02 8.57142e-01 6.65932e-07 5.69646e-01 5.29133e-01 8.23440e-01 1.79485e+00 -4.30321e+00
6.47666e-02 8.57142e-01 4.40426e-07 5.69834e-01 5.29133e-01 8.23439e-01 1.79485e+00 -4.30321e+00
6.66715e-02 8.57143e-01 2.91329e-07 5.70020e-01 5.29133e-01 8.23439e-01 1.79485e+00 -4.30321e+00
6.85764e-02 8.57143e-01 1.92734e-07 5.70203e-01 5.29133e-01 8.23439e-01 1.79485e+00 -4.30321e+00
7.04813e-02 8.57143e-01 1.27526e-07 5.70385e-01 5.29133e-01 8.23439e-01 1.79485e+00 -4.30321e+00
7.23862e-02 8.57143e-01 8.43928e-08 5.70563e-01 5.29134e-01 8.23439e-01 1.79485e+00 -4.30321e+00
7.42911e-02 8.57143e-01 5.58568e-08 5.70740e-01 5.29134e-01 8.23439e-01 1.79485e+00 -4.30321e+00
7.61960e-02 8.57143e-01 3.69751e-08 5.70915e-01 5.29134e-01 8.23439e-01 1.79485e+00 -4.30321e+00
7.81009e-02 8.57143e-01 2.44797e-08 5.71087e-01 5.29134e-01 8.23439e-01 1.79485e+00 -4.30321e+00
8.00058e-02 8.57143e-01 1.62094e-08 5.71257e-01 5.29134e-01 8.23439e-01 1.79485e+00 -4.30321e+00
8.19107e-02 8.57143e-01 1.07347e-08 5.71425e-01 5.29134e-01 8.23439e-01 1.79485e+00 -4.30321e+00
8.38156e-02 8.57143e-01 7.11007e-09 5.71591e-01 5.29135e-01 8.23439e-01 1.79485e+00 -4.30321e+00
8.57205e-02 8.57143e-01 4.70998e-09 5.71755e-01 5.29135e-01 8.23439e-01 1.79485e+00 -4.30321e+00
8.76254e-02 8.57143e-01 3.12051e-09 5.71917e-01 5.29135e-01 8.23439e-01 1.79485e+00 -4.30321e+00
8.95303e-02 8.57143e-01 2.06773e-09 5.72076e-01 5.29135e-01 8.23439e-01 1.79485e+00 -4.30321e+00
9.14352e-02 8.57143e-01 1.37032e-09 5.72234e-01 5.29135e-01 8.23439e-01 1.79485e+00 -4.30321e+00
9.33401e-02 8.57143e-01 9.08255e-10 5.72390e-01 5.29135e-01 8.23439e-01 1.79485e+00 -4.30321e+00
9.52450e-02 8.57143e-01 6.02080e-10 5.72543e-01 5.29135e-01 8.23439e-01 1.79485e+00 -4.30321e+00
9.71499e-02 8.57143e-01 3.99171e-10 5.72695e-01 5.29136e-01 8.23439e-01 1.79485e+00 -4.30321e+00
9.90548e-02 8.57143e-01 2.64681e-10 5.72845e-01 5.29136e-01 8.23439e-01 1.79485e+00 -4.30321e+00
1.00960e-01 8.57143e-01 1.75527e-10 5.72993e-01 5.29136e-01 8.23439e-01 1.79485e+00 -4.30321e+00
1.02865e-01 8.57143e-01 1.16419e-10 5.73139e-01 5.29136e-01 8.23439e-01 1.79485e+00 -4.30321e+00
1.04769e-01 8.57143e-01 7.72251e-11 5.73283e-01 5.29136e-01 8.23439e-01 1.79485e+00 -4.30321e+00
1.06674e-01 8.57143e-01 5.12331e-11 5.73425e-01 5.29136e-01 8.23439e-01 1.79485e+00 -4.30321e+00
1.08579e-01 8.57143e-01 3.39938e-11 5.73565e-01 5.29136e-01 8.23439e-01 1.79485e+00 -4.30321e+00
1.10484e-01 8.57143e-01 2.25582e-11 5.73703e-01 5.29137e-01 8.23439e-01 1.79485e+00 -4.30321e+00
1.12389e-01 8.57143e-01 1.49714e-11 5.73840e-01 5.29137e-01 8.23439e-01 1.79485e+00 -4.30321e+00
1.14294e-01 8.57143e-01 9.93754e-12 5.73975e-01 5.29137e-01 8.23439e-01 1.79485e+00 -4.30321e+00
1.16199e-01 8.57143e-01 6.59703e-12 5.74108e-01 5.29137e-01 8.23439e-01 1.79485e+00 -4.30321e+00
1.18104e-01 8.57143e-01 4.37998e-12 5.74239e-01 5.29137e-01 8.23439e-01 1.79485e+00 -4.30321e+00
1.20009e-01 8.57143e-01 2.90837e-12 5.74369e-01 5.29137e-01 8.23439e-01 1.79485e+00 -4.30321e+00
1.21914e-01 8.57143e-01 1.93144e-12 5.74496e-01 5.29137e-01 8.23439e-01 1.79485e+00 -4.30321e+00
1.23818e-01 8.57143e-01 1.28282e-12 5.74622e-01 5.29137e-01 8.23439e-01 1.79485e+00 -4.30321e+00
1.25723e-01 8.57143e-01 8.52125e-13 5.74747e-01 5.29138e-01 8.23439e-01 1.79485e+00 -4.30321e+00
1.27628e-01 8.57143e-01 5.66100e-13 5.74869e-01 5.29138e-01 8.23439e-01 1.79485e+00 -4.30321e+00
1.29533e-01 8.57143e-01 3.76127e-13 5.74990e-01 5.29138e-01 8.23439e-01 1.79485e+00 -4.30321e+00
1.31438e-01 8.57143e-01 2.49936e-13 5.75109e-01 5.29138e-01 8.23439e-01 1.79485e+00 -4.30321e+00
1.33343e-01 8.57143e-01 1.66101e-13 5.75227e-01 5.29138e-01 8.23439e-01 1.79485e+00 -4.30321e+00
1.35248e-01 8.57143e-01 1.10400e-13 5.75343e-01 5.29138e-01 8.23439e-01 1.79485e+00 -4.30321e+00
1.37153e-01 8.57143e-01 7.33863e-14 5.75458e-01 5.29138e-01 8.23439e-01 1.79485e+00 -4.30321e+00
1.39058e-01 8.57143e-01 4.87878e-14 5.75570e-01 5.29138e-01 8.23439e-01 1.79485e+00 -4.30321e+00
1.40963e-01 8.57143e-01 3.24383e-14 5.75682e-01 5.29138e-01 8.23439e-01 1.79485e+00 -4.30321e+00
1.42867e-01 8.57143e-01 2.15702e-14 5.75791e-01 5.29139e-01 8.23439e-01 1.79485e+00 -4.30321e+00
1.44772e-01 8.57143e-01 1.43450e-14 5.75899e-01 5.29139e-01 8.23439e-01 1.79485e+00 -4.30321e+00
1.46677e-01 8.57143e-01 9.54102e-15 5.76006e-01 5.29139e-01 8.23439e-01 1.79485e+00 -4.30321e+00
1.48582e-01 8.57143e-01 6.34656e-15 5.76111e-01 5.29139e-01 8.23439e-01 1.79485e+00 -4.30321e+00
1.50487e-01 8.57143e-01 4.22211e-15 5.76215e-01 5.29139e-01 8.23439e-01 1.79485e+00 -4.30321e+00
1.52392e-01 8.57143e-01 2.80911e-15 5.76317e-01 5.29139e-01 8.23439e-01 1.79485e+00 -4.30321e+00
1.54297e-01 8.57143e-01 1.86920e-15 5.76417e-01 5.29139e-01 8.23439e-01 1.79485e+00 -4.30321e+00
1.56202e-01 8.57143e-01 1.24392e-15 5.76517e-01 5.29139e-01 8.23439e-01 1.79485e+00 -4.30321e+00
1.58107e-01 8.57143e-01 8.27892e-16 5.76614e-01 5.29139e-01 8.23439e-01 1.79485e+00 -4.30321e+00
1.60012e-01 8.57143e-01 5.51064e-16 5.76711e-01 5.29140e-01 8.23439e-01 1.79485e+00 -4.30321e+00
1.61916e-01 8.57143e-01 3.66841e-16 5.76805e-01 5.29140e-01 8.23439e-01 1.79485e+00 -4.30321e+00
1.63821e-01 8.57143e-01 2.44230e-16 5.76899e-01 5.29140e-01 8.23439e-01 1.79485e+00 -4.30321e+00
1.65726e-01 8.57143e-01 1.62617e-16 5.76991e-01 5.29140e-01 8.23439e-01 1.79485e+00 -4.30321e+00
1.67631e-01 8.57143e-01 1.08288e-16 5.77082e-01 5.29140e-01 8.23439e-01 1.79485e+00 -4.30321e+00
1.69536e-01 8.57143e-01 7.21171e-17 5.77171e-01 5.29140e-01 8.23439e-01 1.79485e+00 -4.30321e+00
1.71441e-01 8.57143e-01 4.80332e-17 5.77259e-01 5.29140e-01 8.23439e-01 1.79485e+00 -4.30321e+00
1.73346e-01 8.57143e-01 3.19956e-17 5.77346e-01 5.29140e-01 8.23439e-01 1.79485e+00 -4.30321e+00
1.75251e-01 8.57143e-01 2.13149e-17 5.77431e-01 5.29140e-01 8.23439e-01 1.79485e+00 -4.30321e+00
1.77156e-01 8.57143e-01 1.42010e-17 5.77515e-01 5.29140e-01 8.23439e-01 1.79485e+00 -4.30321e+00
1.79061e-01 8.57143e-01 9.46240e-18 5.77598e-01 5.29141e-01 8.23439e-01 1.79485e+00 -4.30321e+00
1.80965e-01 8.57143e-01 6.30560e-18 5.77679e-01 5.29141e-01 8.23439e-01 1.79485e+00 -4.30321e+00
1.82870e-01 8.57143e-01 4.20238e-18 5.77760e-01 5.29141e-01 8.23439e-01 1.79485e+00 -4.30321e+00
1.84775e-01 8.57143e-01 2.80096e-18 5.77839e-01 5.29141e-01 8.23439e-01 1.79485e+00 -4.30321e+00
1.86680e-01 8.57143e-01 1.86707e-18 5.77916e-01 5.29141e-01 8.23439e-01 1.79485e+00 -4.30321e+00
1.88585e-01 8.57143e-01 1.24468e-18 5.77993e-01 5.29141e-01 8.23439e-01 1.79485e+00 -4.30321e+00
1.90490e-01 8.57143e-01 8.29849e-19 5.78068e-01 5.29141e-01 8.23439e-01 1.79485e+00 -4.30321e+00
1.92395e-01 8.57143e-01 5.53327e-19 5.78142e-01 5.29141e-01 8.23439e-01 1.79485e+00 -4.30321e+00
1.94300e-01 8.57143e-01 3.68983e-19 5.78215e-01 5.29141e-01 8.23439e-01 1.79485e+00 -4.30321e+00
1.96205e-01 8.57143e-01 2.46078e-19 5.78286e-01 5.29141e-01 8.23439e-01 1.79485e+00 -4.30321e+00
1.98110e-01 8.57143e-01 1.64127e-19 5.78357e-01 5.29141e-01 8.23439e-01 1.79485e+00 -4.30321e+00
2.00014e-01 8.57143e-01 1.09478e-19 5.78426e-01 5.29141e-01 8.23439e-01 1.79485e+00 -4.30321e+00
2.01919e-01 8.57143e-01 7.30329e-20 5.78494e-01 5.29142e-01 8.23439e-01 1.79485e+00 -4.30321e+00
2.03824e-01 8.57143e-01 4.87247e-20 5.78562e-01 5.29142e-01 8.23439e-01 1.79485e+00 -4.30321e+00
2.05729e-01 8.57143e-01 3.25103e-20 5.78627e-01 5.29142e-01 8.23439e-01 1.79485e+00 -4.30321e+00
2.07634e-01 8.57143e-01 2.16937e-20 5.78692e-01 5.29142e-01 8.23439e-01 1.79485e+00 -4.30321e+00
2.09539e-01 8.57143e-01 1.44772e-20 5.78756e-01 5.29142e-01 8.23439e-01 1.79485e+00 -4.30321e+00
2.11444e-01 8.57143e-01 9.66224e-21 5.78819e-01 5.29142e-01 8.23439e-01 1.79485e+00 -4.30321e+00
2.13349e-01 8.57143e-01 6.44926e-21 5.78880e-01 5.29142e-01 8.23439e-01 1.79485e+00 -4.30321e+00
2.15254e-01 8.57143e-01 4.30508e-21 5.78941e-01 5.29142e-01 8.23439e-01 1.79485e+00 -4.30321e+00
2.17159e-01 8.57143e-01 2.87404e-21 5.79000e-01 5.29142e-01 8.23439e-01 1.79485e+00 -4.30321e+00
2.19063e-01 8.57143e-01 1.91886e-21 5.79058e-01 5.29142e-01 8.23439e-01 1.79485e+00 -4.30321e+00
2.20968e-01 8.57143e-01 1.28124e-21 5.79116e-01 5.29142e-01 8.23439e-01 1.79485e+00 -4.30321e+00
2.22873e-01 8.57143e-01 8.55578e-22 5.79172e-01 5.29142e-01 8.23439e-01 1.79485e+00 -4.30321e+00
2.24778e-01 8.57143e-01 5.71381e-22 5.79227e-01 5.29142e-01 8.23439e-01 1.79485e+00 -4.30321e+00
2.26683e-01 8.57143e-01 3.81620e-22 5.79281e-01 5.29142e-01 8.23439e-01 1.79485e+00 -4.30321e+00
2.28588e-01 8.57143e-01 2.54902e-22 5.79335e-01 5.29142e-01 8.23439e-01 1.79485e+00 -4.30321e+00
2.30493e-01 8.57143e-01 1.70277e-22 5.79387e-01 5.29143e-01 8.23439e-01 1.79485e+00 -4.30321e+00
2.32398e-01 8.57143e-01 1.13756e-22 5.79438e-01 5.29143e-01 8.23439e-01 1.79485e+00 -4.30321e+00
2.34303e-01 8.57143e-01 7.60030e-23 5.79489e-01 5.29143e-01 8.23439e-01 1.79485e+00 -4.30321e+00
2.36208e-01 8.57143e-01 5.07837e-23 5.79538e-01 5.29143e-01 8.23439e-01 1.79485e+00 -4.30321e+00
2.38112e-01 8.57143e-01 3.39356e-23 5.79586e-01 5.29143e-01 8.23439e-01 1.79485e+00 -4.30321e+00
2.40017e-01 8.57143e-01 2.26790e-23 5.79634e-01 5.29143e-01 8.23439e-01 1.79485e+00 -4.30321e+00
2.41922e-01 8.57143e-01 1.51576e-23 5.79680e-01 5.29143e-01 8.23439e-01 1.79485e+00 -4.30321e+00
2.43827e-01 8.57143e-01 1.01315e-23 5.79726e-01 5.29143e-01 8.23439e-01 1.79485e+00 -4.30321e+00
2.45732e-01 8.57143e-01 6.77253e-24 5.79771e-01 5.29143e-01 8.23439e-01 1.79485e+00 -4.30321e+00
2.47637e-01 8.57143e-01 4.52758e-24 5.79815e-01 5.29143e-01 8.23439e-01 1.79485e+00 -4.30321e+00
2.49542e-01 8.57143e-01 3.02704e-24 5.79858e-01 5.29143e-01 8.23439e-01 1.79485e+00 -4.30321e+00
2.51447e-01 8.57143e-01 2.02398e-24 5.79900e-01 5.29143e-01 8.23439e-01 1.79485e+00 -4.30321e+00
2.53352e-01 8.57143e-01 1.35341e-24 5.79941e-01 5.29143e-01 8.23439e-01 1.79485e+00 -4.30321e+00
2.55257e-01 8.57143e-01 9.05085e-25 5.79981e-01 5.29143e-01 8.23439e-01 1.79485e+00 -4.30321e+00
2.57161e-01 8.57143e-01 6.05319e-25 5.80021e-01 5.29143e-01 8.23439e-01 1.79485e+00 -4.30321e+00
2.59066e-01 8.57143e-01 4.04870e-25 5.80059e-01 5.29143e-01 8.23439e-01 1.79485e+00 -4.30321e+00
2.60971e-01 8.57143e-01 2.70821e-25 5.80097e-01 5.29143e-01 8.23439e-01 1.79485e+00 -4.30321e+00
2.62876e-01 8.57143e-01 1.81169e-25 5.80134e-01 5.29143e-01 8.23439e-01 1.79485e+00 -4.30321e+00
2.64781e-01 8.57143e-01 1.21205e-25 5.80170e-01 5.29144e-01 8.23439e-01 1.79485e+00 -4.30321e+00
2.66686e-01 8.57143e-01 8.10944e-26 5.80206e-01 5.29144e-01 8.23439e-01 1.79485e+00 -4.30321e+00
2.68591e-01 8.57143e-01 5.42622e-26 5.80240e-01 5.29144e-01 8.23439e-01 1.79485e+00 -4.30321e+00
2.70496e-01 8.57143e-01 3.63110e-26 5.80274e-01 5.29144e-01 8.23439e-01 1.79485e+00 -4.30321e+00
2.72401e-01 8.57143e-01 2.43004e-26 5.80307e-01 5.29144e-01 8.23439e-01 1.79485e+00 -4.30321e+00
2.74306e-01 8.57143e-01 1.62639e-26 5.80339e-01 5.29144e-01 8.23439e-01 1.79485e+00 -4.30321e+00
2.76210e-01 8.57143e-01 1.08860e-26 5.80370e-01 5.29144e-01 8.23439e-01 1.79485e+00 -4.30321e+00
2.78115e-01 8.57143e-01 7.28696e-27 5.80401e-01 5.29144e-01 8.23439e-01 1.79485e+00 -4.30321e+00
2.80020e-01 8.57143e-01 4.87819e-27 5.80431e-01 5.29144e-01 8.23439e-01 1.79485e+00 -4.30321e+00
2.81925e-01 8.57143e-01 3.26592e-27 5.80460e-01 5.29144e-01 8.23439e-01 1.79485e+00 -4.30321e+00
2.83830e-01 8.57143e-01 2.18668e-27 5.80489e-01 5.29144e-01 8.23439e-01 1.79485e+00 -4.30321e+00
2.85735e-01 8.57143e-01 1.46420e-27 5.80516e-01 5.29144e-01 8.23439e-01 1.79485e+00 -4.30321e+00
2.87640e-01 8.57143e-01 9.80498e-28 5.80543e-01 5.29144e-01 8.23439e-01 1.79485e+00 -4.30321e+00
2.89545e-01 8.57143e-01 6.56640e-28 5.80569e-01 5.29144e-01 8.23439e-01 1.79485e+00 -4.30321e+00
2.91450e-01 8.57143e-01 4.39786e-28 5.80595e-01 5.29144e-01 8.23439e-01 1.79485e+00 -4.30321e+00
2.93355e-01 8.57143e-01 2.94570e-28 5.80620e-01 5.29144e-01 8.23439e-01 1.79485e+00 -4.30321e+00
2.95259e-01 8.57143e-01 1.97319e-28 5.80644e-01 5.29144e-01 8.23439e-01 1.79485e+00 -4.30321e+00
2.97164e-01 8.57143e-01 1.32185e-28 5.80667e-01 5.29144e-01 8.23439e-01 1.79485e+00 -4.30321e+00
2.99069e-01 8.57143e-01 8.85583e-29 5.80690e-01 5.29144e-01 8.23439e-01 1.79485e+00 -4.30321e+00
3.00974e-01 8.57143e-01 5.93346e-29 5.80712e-01 5.29144e-01 8.23439e-01 1.79485e+00 -4.30321e+00
3.02879e-01 8.57143e-01 3.97576e-29 5.80734e-01 5.29144e-01 8.23439e-01 1.79485e+00 -4.30321e+00
3.04784e-01 8.57143e-01 2.66419e-29 5.80754e-01 5.29144e-01 8.23439e-01 1.79485e+00 -4.30321e+00
3.06689e-01 8.57143e-01 1.78542e-29 5.80775e-01 5.29144e-01 8.23439e-01 1.79485e+00 -4.30321e+00
3.08594e-01 8.57143e-01 1.19660e-29 5.80794e-01 5.29144e-01 8.23439e-01 1.79485e+00 -4.30321e+00
3.10499e-01 8.57143e-01 8.02033e-30 5.80813e-01 5.29144e-01 8.23439e-01 1.79485e+00 -4.30321e+00
3.12404e-01 8.57143e-01 5.37609e-30 5.80831e-01 5.29144e-01 8.23439e-01 1.79485e+00 -4.30321e+00
3.14308e-01 8.57143e-01 3.60390e-30 5.80849e-01 5.29144e-01 8.23439e-01 1.79485e+00 -4.30321e+00
3.16213e-01 8.57143e-01 2.41607e-30 5.80866e-01 5.29144e-01 8.23439e-01 1.79485e+00 -4.30321e+00
3.18118e-01 8.57143e-01 1.61987e-30 5.80882e-01 5.29144e-01 8.23439e-01 1.79485e+00 -4.30321e+00
3.20023e-01 8.57143e-01 1.08613e-30 5.80898e-01 5.29144e-01 8.23439e-01 1.79485e+00 -4.30321e+00
3.21928e-01 8.57143e-01 7.28309e-31 5.80913e-01 5.29144e-01 8.23439e-01 1.79485e+00 -4.30321e+00
3.23833e-01 8.57143e-01 4.88406e-31 5.80927e-01 5.29144e-01 8.23439e-01 1.79485e+00 -4.30321e+00
3.25738e-01 8.57143e-01 3.27550e-31 5.80941e-01 5.29145e-01 8.23439e-01 1.79485e+00 -4.30321e+00
3.27643e-01 8.57143e-01 2.19688e-31 5.80955e-01 5.29145e-01 8.23439e-01 1.79485e+00 -4.30321e+00
3.29548e-01 8.57143e-01 1.47355e-31 5.80968e-01 5.29145e-01 8.23439e-01 1.79485e+00 -4.30321e+00
3.31453e-01 8.57143e-01 9.88456e-32 5.80980e-01 5.29145e-01 8.23439e-01 1.79485e+00 -4.30321e+00
3.33357e-01 8.57143e-01 6.63102e-32 5.80992e-01 5.29145e-01 8.23439e-01 1.79485e+00 -4.30321e+00
3.35262e-01 8.57143e-01 4.44871e-32 5.81003e-01 5.29145e-01 8.23439e-01 1.79485e+00 -4.30321e+00
3.37167e-01 8.57143e-01 2.98483e-32 5.81014e-01 5.29145e-01 8.23439e-01 1.79485e+00 -4.30321e+00
3.39072e-01 8.57143e-01 2.00279e-32 5.81024e-01 5.29145e-01 8.23439e-01 1.79485e+00 -4.30321e+00
3.40977e-01 8.57143e-01 1.34395e-32 5.81033e-01 5.29145e-01 8.23439e-01 1.79485e+00 -4.30321e+00
3.42882e-01 8.57143e-01 9.01905e-33 5.81042e-01 5.29145e-01 8.23439e-01 1.79485e+00 -4.30321e+00
3.44787e-01 8.57143e-01 6.05299e-33 5.81051e-01 5.29145e-01 8.23439e-01 1.79485e+00 -4.30321e+00
3.46692e-01 8.57143e-01 4.06266e-33 5.81059e-01 5.29145e-01 8.23439e-01 1.79485e+00 -4.30321e+00
3.48597e-01 8.57143e-01 2.72697e-33 5.81066e-01 5.29145e-01 8.23439e-01 1.79485e+00 -4.30321e+00
3.50502e-01 8.57143e-01 1.83055e-33 5.81073e-01 5.29145e-01 8.23439e-01 1.79485e+00 -4.30321e+00
3.52406e-01 8.57143e-01 1.22890e-33 5.81080e-01 5.29145e-01 8.23439e-01 1.79485e+00 -4.30321e+00
3.54311e-01 8.57143e-01 8.25045e-34 5.81085e-01 5.29145e-01 8.23439e-01 1.79485e+00 -4.30321e+00
3.56216e-01 8.57143e-01 5.53951e-34 5.81091e-01 5.29145e-01 8.23439e-01 1.79485e+00 -4.30321e+00
3.58121e-01 8.57143e-01 3.71959e-34 5.81096e-01 5.29145e-01 8.23439e-01 1.79485e+00 -4.30321e+00
3.60026e-01 8.57143e-01 2.49776e-34 5.81100e-01 5.29145e-01 8.23439e-01 1.79485e+00 -4.30321e+00
3.61931e-01 8.57143e-01 1.67739e-34 5.81104e-01 5.29145e-01 8.23439e-01 1.79485e+00 -4.30321e+00
3.63836e-01 8.57143e-01 1.12655e-34 5.81108e-01 5.29145e-01 8.23439e-01 1.79485e+00 -4.30321e+00
3.65741e-01 8.57143e-01 7.56652e-35 5.81111e-01 5.29145e-01 8.23439e-01 1.79485e+00 -4.30321e+00
3.67646e-01 8.57143e-01 5.08244e-35 5.81114e-01 5.29145e-01 8.23439e-01 1.79485e+00 -4.30321e+00
3.69551e-01 8.57143e-01 3.41412e-35 5.81116e-01 5.29145e-01 8.23439e-01 1.79485e+00 -4.30321e+00
3.71455e-01 8.57143e-01 2.29358e-35 5.81118e-01 5.29145e-01 8.23439e-01 1.79485e+00 -4.30321e+00
3.73360e-01 8.57143e-01 1.54092e-35 5.81119e-01 5.29145e-01 8.23439e-01 1.79485e+00 -4.30321e+00
3.75265e-01 8.57143e-01 1.03533e-35 5.81120e-01 5.29145e-01 8.23439e-01 1.79485e+00 -4.30321e+00
3.77170e-01 8.57143e-01 6.95673e-36 5.81120e-01 5.29145e-01 8.23439e-01 1.79485e+00 -4.30321e+00
3.79075e-01 8.57143e-01 4.67479e-36 5.81120e-01 5.29145e-01 8.23439e-01 1.79485e+00 -4.30321e+00
