# x AR CA ca co phi u v
0.00000e+00 6.00000e-01 3.00000e-01 4.99135e-01 4.99135e-01 8.00000e-01 1.00000e+00 -4.28317e+00
1.00000e-02 6.27975e-01 2.67362e-01 9.80041e-01 9.31456e-01 8.08837e-01 1.28374e+00 -4.29251e+00
2.00000e-02 6.30446e-01 2.64479e-01 1.00576e+00 9.12488e-01 8.09266e-01 1.29798e+00 -4.29291e+00
3.00000e-02 6.33575e-01 2.60829e-01 1.02060e+00 8.94417e-01 8.09584e-01 1.30857e+00 -4.29321e+00
4.00000e-02 6.38238e-01 2.55389e-01 1.03190e+00 8.77139e-01 8.09902e-01 1.31921e+00 -4.29350e+00
5.00000e-02 6.45560e-01 2.46846e-01 1.04091e+00 8.60354e-01 8.10260e-01 1.33117e+00 -4.29382e+00
6.00000e-02 6.57470e-01 2.32952e-01 1.04769e+00 8.43840e-01 8.10672e-01 1.34499e+00 -4.29419e+00
7.00000e-02 6.77333e-01 2.09778e-01 1.05202e+00 8.27404e-01 8.11142e-01 1.36082e+00 -4.29461e+00
8.00000e-02 7.10262e-01 1.71361e-01 1.05376e+00 8.10914e-01 8.11655e-01 1.37817e+00 -4.29506e+00
9.00000e-02 7.58968e-01 1.14537e-01 1.05301e+00 7.94394e-01 8.12153e-01 1.39506e+00 -4.29549e+00
1.00000e-01 8.10742e-01 5.41339e-02 1.05055e+00 7.78164e-01 8.12533e-01 1.40798e+00 -4.29581e+00
1.10000e-01 8.43214e-01 1.62499e-02 1.04761e+00 7.62761e-01 8.12753e-01 1.41549e+00 -4.29599e+00
1.20000e-01 8.54554e-01 3.02002e-03 1.04518e+00 7.48577e-01 8.12889e-01 1.42014e+00 -4.29611e+00
1.30000e-01 8.56839e-01 3.54154e-04 1.04356e+00 7.35660e-01 8.13030e-01 1.42495e+00 -4.29622e+00
1.40000e-01 8.57120e-01 2.71632e-05 1.04262e+00 7.23865e-01 8.13214e-01 1.43125e+00 -4.29638e+00
1.50000e-01 8.57142e-01 1.46456e-06 1.04213e+00 7.13009e-01 8.13454e-01 1.43946e+00 -4.29657e+00
1.60000e-01 8.57143e-01 7.35039e-08 1.04186e+00 7.02912e-01 8.13756e-01 1.44985e+00 -4.29682e+00
1.70000e-01 8.57143e-01 8.29989e-09 1.04156e+00 6.93389e-01 8.14130e-01 1.46271e+00 -4.29712e+00
1.80000e-01 8.57143e-01 2.52114e-09 1.04095e+00 6.84230e-01 8.14586e-01 1.47846e+00 -4.29748e+00
1.90000e-01 8.57143e-01 1.09267e-09 1.03966e+00 6.75163e-01 8.15139e-01 1.49764e+00 -4.29791e+00
2.00000e-01 8.57143e-01 5.55506e-10 1.03715e+00 6.65812e-01 8.15808e-01 1.52094e+00 -4.29841e+00
2.10000e-01 8.57143e-01 3.12563e-10 1.03269e+00 6.55664e-01 8.16616e-01 1.54920e+00 -4.29900e+00
2.20000e-01 8.57143e-01 1.86965e-10 1.02532e+00 6.44175e-01 8.17584e-01 1.58332e+00 -4.29969e+00
2.30000e-01 8.57143e-01 1.14495e-10 1.01428e+00 6.31195e-01 8.18726e-01 1.62386e+00 -4.30046e+00
2.40000e-01 8.57143e-01 6.93419e-11 9.99714e-01 6.17486e-01 8.20010e-01 1.66984e+00 -4.30128e+00
2.50000e-01 8.57143e-01 4.05663e-11 9.82901e-01 6.04379e-01 8.21310e-01 1.71686e+00 -4.30206e+00
2.60000e-01 8.57143e-01 2.27539e-11 9.65336e-01 5.92762e-01 8.22398e-01 1.75655e+00 -4.30267e+00
2.70000e-01 8.57143e-01 1.22996e-11 9.47941e-01 5.82832e-01 8.23073e-01 1.78135e+00 -4.30303e+00
2.80000e-01 8.57143e-01 6.49056e-12 9.31127e-01 5.74472e-01 8.23353e-01 1.79168e+00 -4.30317e+00
2.90000e-01 8.57143e-01 3.41041e-12 9.15050e-01 5.67497e-01 8.23426e-01 1.79437e+00 -4.30321e+00
3.00000e-01 8.57143e-01 1.83029e-12 8.99749e-01 5.61711e-01 8.23438e-01 1.79480e+00 -4.30321e+00
3.10000e-01 8.57143e-01 1.02989e-12 8.85196e-01 5.56908e-01 8.23439e-01 1.79485e+00 -4.30321e+00
3.20000e-01 8.57143e-01 6.18804e-13 8.71319e-01 5.52886e-01 8.23439e-01 1.79485e+00 -4.30321e+00
3.30000e-01 8.57143e-01 3.97781e-13 8.58043e-01 5.49478e-01 8.23439e-01 1.79485e+00 -4.30321e+00
3.40000e-01 8.57143e-01 2.69067e-13 8.45315e-01 5.46571e-01 8.23439e-01 1.79485e+00 -4.30321e+00
3.50000e-01 8.57143e-01 1.86020e-13 8.33112e-01 5.44085e-01 8.23439e-01 1.79485e+00 -4.30321e+00
3.60000e-01 8.57143e-01 1.27365e-13 8.21420e-01 5.41961e-01 8.23439e-01 1.79485e+00 -4.30321e+00
3.70000e-01 8.57143e-01 8.43263e-14 8.10225e-01 5.40147e-01 8.23439e-01 1.79485e+00 -4.30321e+00
3.80000e-01 8.57143e-01 5.35288e-14 7.99510e-01 5.38598e-01 8.23439e-01 1.79485e+00 -4.30321e+00
3.90000e-01 8.57143e-01 3.28667e-14 7.89257e-01 5.37274e-01 8.23439e-01 1.79485e+00 -4.30321e+00
4.00000e-01 8.57143e-01 1.99150e-14 7.79445e-01 5.36143e-01 8.23439e-01 1.79485e+00 -4.30321e+00
4.10000e-01 8.57143e-01 1.21497e-14 7.70057e-01 5.35175e-01 8.23439e-01 1.79485e+00 -4.30321e+00
4.20000e-01 8.57143e-01 7.55500e-15 7.61074e-01 5.34348e-01 8.23439e-01 1.79485e+00 -4.30321e+00
4.30000e-01 8.57143e-01 4.80942e-15 7.52478e-01 5.33640e-01 8.23439e-01 1.79485e+00 -4.30321e+00
4.40000e-01 8.57143e-01 3.13474e-15 7.44254e-01 5.33034e-01 8.23439e-01 1.79485e+00 -4.30321e+00
4.50000e-01 8.57143e-01 2.08933e-15 7.36384e-01 5.32515e-01 8.23439e-01 1.79485e+00 -4.30321e+00
4.60000e-01 8.57143e-01 1.42181e-15 7.28855e-01 5.32069e-01 8.23439e-01 1.79485e+00 -4.30321e+00
4.70000e-01 8.57143e-01 9.86439e-16 7.21650e-01 5.31687e-01 8.23439e-01 1.79485e+00 -4.30321e+00
4.80000e-01 8.57143e-01 6.96818e-16 7.14756e-01 5.31359e-01 8.23439e-01 1.79485e+00 -4.30321e+00
4.90000e-01 8.57143e-01 5.00579e-16 7.08160e-01 5.31077e-01 8.23439e-01 1.79485e+00 -4.30321e+00
5.00000e-01 8.57143e-01 3.65314e-16 7.01848e-01 5.30835e-01 8.23439e-01 1.79485e+00 -4.30321e+00
5.10000e-01 8.57143e-01 2.70571e-16 6.95809e-01 5.30626e-01 8.23439e-01 1.79485e+00 -4.30321e+00
5.20000e-01 8.57143e-01 2.03208e-16 6.90031e-01 5.30446e-01 8.23439e-01 1.79485e+00 -4.30321e+00
5.30000e-01 8.57143e-01 1.54631e-16 6.84502e-01 5.30290e-01 8.23439e-01 1.79485e+00 -4.30321e+00
5.40000e-01 8.57143e-01 1.19135e-16 6.79212e-01 5.30156e-01 8.23439e-01 1.79485e+00 -4.30321e+00
5.50000e-01 8.57143e-01 9.28694e-17 6.74150e-01 5.30039e-01 8.23439e-01 1.79485e+00 -4.30321e+00
5.60000e-01 8.57143e-01 7.32041e-17 6.69307e-01 5.29938e-01 8.23439e-01 1.79485e+00 -4.30321e+00
5.70000e-01 8.57143e-01 5.83149e-17 6.64673e-01 5.29850e-01 8.23439e-01 1.79485e+00 -4.30321e+00
5.80000e-01 8.57143e-01 4.69221e-17 6.60239e-01 5.29774e-01 8.23439e-01 1.79485e+00 -4.30321e+00
5.90000e-01 8.57143e-01 3.81167e-17 6.55996e-01 5.29707e-01 8.23439e-01 1.79485e+00 -4.30321e+00
6.00000e-01 8.57143e-01 3.12461e-17 6.51937e-01 5.29648e-01 8.23439e-01 1.79485e+00 -4.30321e+00
6.10000e-01 8.57143e-01 2.58363e-17 6.48053e-01 5.29597e-01 8.23439e-01 1.79485e+00 -4.30321e+00
6.20000e-01 8.57143e-01 2.15401e-17 6.44336e-01 5.29552e-01 8.23439e-01 1.79485e+00 -4.30321e+00
6.30000e-01 8.57143e-01 1.81000e-17 6.40780e-01 5.29512e-01 8.23439e-01 1.79485e+00 -4.30321e+00
6.40000e-01 8.57143e-01 1.53240e-17 6.37378e-01 5.29477e-01 8.23439e-01 1.79485e+00 -4.30321e+00
6.50000e-01 8.57143e-01 1.30672e-17 6.34123e-01 5.29446e-01 8.23439e-01 1.79485e+00 -4.30321e+00
6.60000e-01 8.57143e-01 1.12193e-17 6.31008e-01 5.29418e-01 8.23439e-01 1.79485e+00 -4.30321e+00
6.70000e-01 8.57143e-01 9.69595e-18 6.28027e-01 5.29394e-01 8.23439e-01 1.79485e+00 -4.30321e+00
6.80000e-01 8.57143e-01 8.43210e-18 6.25175e-01 5.29372e-01 8.23439e-01 1.79485e+00 -4.30321e+00
6.90000e-01 8.57143e-01 7.37701e-18 6.22447e-01 5.29352e-01 8.23439e-01 1.79485e+00 -4.30321e+00
7.00000e-01 8.57143e-01 6.49100e-18 6.19836e-01 5.29334e-01 8.23439e-01 1.79485e+00 -4.30321e+00
7.10000e-01 8.57143e-01 5.74276e-18 6.17338e-01 5.29318e-01 8.23439e-01 1.79485e+00 -4.30321e+00
7.20000e-01 8.57143e-01 5.10748e-18 6.14948e-01 5.29303e-01 8.23439e-01 1.79485e+00 -4.30321e+00
7.30000e-01 8.57143e-01 4.56530e-18 6.12661e-01 5.29290e-01 8.23439e-01 1.79485e+00 -4.30321e+00
7.40000e-01 8.57143e-01 4.10032e-18 6.10472e-01 5.29278e-01 8.23439e-01 1.79485e+00 -4.30321e+00
7.50000e-01 8.57143e-01 3.69964e-18 6.08379e-01 5.29266e-01 8.23439e-01 1.79485e+00 -4.30321e+00
7.60000e-01 8.57143e-01 3.35283e-18 6.06375e-01 5.29256e-01 8.23439e-01 1.79485e+00 -4.30321e+00
7.70000e-01 8.57143e-01 3.05135e-18 6.04458e-01 5.29247e-01 8.23439e-01 1.79485e+00 -4.30321e+00
7.80000e-01 8.57143e-01 2.78818e-18 6.02624e-01 5.29238e-01 8.23439e-01 1.79485e+00 -4.30321e+00
7.90000e-01 8.57143e-01 2.55756e-18 6.00869e-01 5.29230e-01 8.23439e-01 1.79485e+00 -4.30321e+00
8.00000e-01 8.57143e-01 2.35469e-18 5.99190e-01 5.29222e-01 8.23439e-01 1.79485e+00 -4.30321e+00
8.10000e-01 8.57143e-01 2.17559e-18 5.97584e-01 5.29215e-01 8.23439e-01 1.79485e+00 -4.30321e+00
8.20000e-01 8.57143e-01 2.01693e-18 5.96047e-01 5.29209e-01 8.23439e-01 1.79485e+00 -4.30321e+00
8.30000e-01 8.57143e-01 1.87591e-18 5.94576e-01 5.29203e-01 8.23439e-01 1.79485e+00 -4.30321e+00
8.40000e-01 8.57143e-01 1.75018e-18 5.93168e-01 5.29197e-01 8.23439e-01 1.79485e+00 -4.30321e+00
8.50000e-01 8.57143e-01 1.63772e-18 5.91822e-01 5.29192e-01 8.23439e-01 1.79485e+00 -4.30321e+00
8.60000e-01 8.57143e-01 1.53686e-18 5.90533e-01 5.29187e-01 8.23439e-01 1.79485e+00 -4.30321e+00
8.70000e-01 8.57143e-01 1.44614e-18 5.89301e-01 5.29182e-01 8.23439e-01 1.79485e+00 -4.30321e+00
8.80000e-01 8.57143e-01 1.36433e-18 5.88121e-01 5.29177e-01 8.23439e-01 1.79485e+00 -4.30321e+00
8.90000e-01 8.57143e-01 1.29037e-18 5.86993e-01 5.29173e-01 8.23439e-01 1.79485e+00 -4.30321e+00
9.00000e-01 8.57143e-01 1.22333e-18 5.85913e-01 5.29169e-01 8.23439e-01 1.79485e+00 -4.30321e+00
9.10000e-01 8.57143e-01 1.16243e-18 5.84879e-01 5.29165e-01 8.23439e-01 1.79485e+00 -4.30321e+00
9.20000e-01 8.57143e-01 1.10699e-18 5.83891e-01 5.29162e-01 8.23439e-01 1.79485e+00 -4.30321e+00
9.30000e-01 8.57143e-01 1.05640e-18 5.82945e-01 5.29158e-01 8.23439e-01 1.79485e+00 -4.30321e+00
9.40000e-01 8.57143e-01 1.01015e-18 5.82040e-01 5.29155e-01 8.23439e-01 1.79485e+00 -4.30321e+00
9.50000e-01 8.57143e-01 9.67781e-19 5.81174e-01 5.29152e-01 8.23439e-01 1.79485e+00 -4.30321e+00
9.60000e-01 8.57143e-01 9.28898e-19 5.80345e-01 5.29149e-01 8.23439e-01 1.79485e+00 -4.30321e+00
9.70000e-01 8.57143e-01 8.93148e-19 5.79552e-01 5.29146e-01 8.23439e-01 1.79485e+00 -4.30321e+00
9.80000e-01 8.57143e-01 8.60223e-19 5.78794e-01 5.29144e-01 8.23439e-01 1.79485e+00 -4.30321e+00
9.90000e-01 8.57143e-01 8.29849e-19 5.78068e-01 5.29141e-01 8.23439e-01 1.79485e+00 -4.30321e+00
