# x AR CA ca co phi u v
0.00000e+00 6.00000e-01 3.00000e-01 4.99135e-01 4.99135e-01 8.00000e-01 1.00000e+00 -4.28317e+00
1.90490e-03 6.53648e-01 2.37411e-01 5.19186e-01 5.08305e-01 8.54517e-01 3.08195e+00 -4.30057e+00
3.80980e-03 7.01291e-01 1.81828e-01 5.33018e-01 5.14548e-01 8.46934e-01 2.74063e+00 -4.30498e+00
5.71470e-03 7.42018e-01 1.34312e-01 5.43288e-01 5.19094e-01 8.39686e-01 2.43145e+00 -4.30676e+00
7.61960e-03 7.74673e-01 9.62148e-02 5.50796e-01 5.22321e-01 8.34453e-01 2.21810e+00 -4.30670e+00
9.52450e-03 7.99457e-01 6.73006e-02 5.56238e-01 5.24562e-01 8.30850e-01 2.07589e+00 -4.30604e+00
1.14294e-02 8.17495e-01 4.62557e-02 5.60190e-01 5.26095e-01 8.28400e-01 1.98129e+00 -4.30532e+00
1.33343e-02 8.30230e-01 3.13983e-02 5.63099e-01 5.27131e-01 8.26747e-01 1.91840e+00 -4.30471e+00
1.52392e-02 8.39030e-01 2.11321e-02 5.65288e-01 5.27827e-01 8.25638e-01 1.87666e+00 -4.30425e+00
1.71441e-02 8.45021e-01 1.41419e-02 5.66987e-01 5.28292e-01 8.24899e-01 1.84900e+00 -4.30392e+00
1.90490e-02 8.49061e-01 9.42930e-03 5.68354e-01 5.28601e-01 8.24407e-01 1.83069e+00 -4.30369e+00
2.09539e-02 8.51766e-01 6.27266e-03 5.69496e-01 5.28808e-01 8.24081e-01 1.81857e+00 -4.30353e+00
2.28588e-02 8.53571e-01 4.16709e-03 5.70486e-01 5.28945e-01 8.23864e-01 1.81055e+00 -4.30343e+00
2.47637e-02 8.54772e-01 2.76628e-03 5.71372e-01 5.29036e-01 8.23721e-01 1.80525e+00 -4.30336e+00
2.66686e-02 8.55569e-01 1.83578e-03 5.72186e-01 5.29097e-01 8.23626e-01 1.80174e+00 -4.30331e+00
2.85735e-02 8.56099e-01 1.21823e-03 5.72951e-01 5.29137e-01 8.23563e-01 1.79942e+00 -4.30328e+00
3.04784e-02 8.56450e-01 8.08542e-04 5.73679e-01 5.29164e-01 8.23521e-01 1.79788e+00 -4.30326e+00
3.23833e-02 8.56683e-01 5.36771e-04 5.74381e-01 5.29183e-01 8.23494e-01 1.79686e+00 -4.30324e+00
3.42882e-02 8.56837e-01 3.56471e-04 5.75062e-01 5.29195e-01 8.23476e-01 1.79618e+00 -4.30323e+00
3.61931e-02 8.56940e-01 2.36825e-04 5.75728e-01 5.29204e-01 8.23463e-01 1.79574e+00 -4.30323e+00
3.80980e-02 8.57008e-01 1.57404e-04 5.76381e-01 5.29210e-01 8.23455e-01 1.79544e+00 -4.30322e+00
4.00029e-02 8.57053e-01 1.04664e-04 5.77023e-01 5.29214e-01 8.23450e-01 1.79524e+00 -4.30322e+00
4.19078e-02 8.57083e-01 6.96269e-05 5.77655e-01 5.29217e-01 8.23446e-01 1.79511e+00 -4.30322e+00
4.38127e-02 8.57103e-01 4.63400e-05 5.78277e-01 5.29219e-01 8.23444e-01 1.79502e+00 -4.30322e+00
4.57176e-02 8.57116e-01 3.08558e-05 5.78892e-01 5.29221e-01 8.23443e-01 1.79497e+00 -4.30322e+00
4.76225e-02 8.57125e-01 2.05551e-05 5.79498e-01 5.29222e-01 8.23442e-01 1.79493e+00 -4.30322e+00
4.95274e-02 8.57131e-01 1.36995e-05 5.80097e-01 5.29224e-01 8.23441e-01 1.79490e+00 -4.30321e+00
5.14323e-02 8.57135e-01 9.13460e-06 5.80688e-01 5.29225e-01 8.23440e-01 1.79488e+00 -4.30321e+00
5.33372e-02 8.57138e-01 6.09361e-06 5.81272e-01 5.29226e-01 8.23440e-01 1.79487e+00 -4.30321e+00
5.52421e-02 8.57139e-01 4.06685e-06 5.81848e-01 5.29227e-01 8.23440e-01 1.79487e+00 -4.30321e+00
5.71470e-02 8.57141e-01 2.71544e-06 5.82418e-01 5.29227e-01 8.23440e-01 1.79486e+00 -4.30321e+00
5.90519e-02 8.57141e-01 1.81391e-06 5.82981e-01 5.29228e-01 8.23440e-01 1.79486e+00 -4.30321e+00
6.09568e-02 8.57142e-01 1.21224e-06 5.83536e-01 5.29229e-01 8.23440e-01 1.79486e+00 -4.30321e+00
6.28617e-02 8.57142e-01 8.10498e-07 5.84085e-01 5.29230e-01 8.23440e-01 1.79485e+00 -4.30321e+00
6.47666e-02 8.57142e-01 5.42135e-07 5.84628e-01 5.29231e-01 8.23439e-01 1.79485e+00 -4.30321e+00
6.66715e-02 8.57143e-01 3.62789e-07 5.85163e-01 5.29231e-01 8.23439e-01 1.79485e+00 -4.30321e+00
6.85764e-02 8.57143e-01 2.42878e-07 5.85692e-01 5.29232e-01 8.23439e-01 1.79485e+00 -4.30321e+00
7.04813e-02 8.57143e-01 1.62671e-07 5.86215e-01 5.29233e-01 8.23439e-01 1.79485e+00 -4.30321e+00
7.23862e-02 8.57143e-01 1.08997e-07 5.86731e-01 5.29233e-01 8.23439e-01 1.79485e+00 -4.30321e+00
7.42911e-02 8.57143e-01 7.30647e-08 5.87241e-01 5.29234e-01 8.23439e-01 1.79485e+00 -4.30321e+00
7.61960e-02 8.57143e-01 4.89983e-08 5.87744e-01 5.29235e-01 8.23439e-01 1.79485e+00 -4.30321e+00
7.81009e-02 8.57143e-01 3.28728e-08 5.88241e-01 5.29235e-01 8.23439e-01 1.79485e+00 -4.30321e+00
8.00058e-02 8.57143e-01 2.20634e-08 5.88732e-01 5.29236e-01 8.23439e-01 1.79485e+00 -4.30321e+00
8.19107e-02 8.57143e-01 1.48145e-08 5.89217e-01 5.29237e-01 8.23439e-01 1.79485e+00 -4.30321e+00
8.38156e-02 8.57143e-01 9.95124e-09 5.89695e-01 5.29237e-01 8.23439e-01 1.79485e+00 -4.30321e+00
8.57205e-02 8.57143e-01 6.68720e-09 5.90168e-01 5.29238e-01 8.23439e-01 1.79485e+00 -4.30321e+00
8.76254e-02 8.57143e-01 4.49558e-09 5.90635e-01 5.29239e-01 8.23439e-01 1.79485e+00 -4.30321e+00
8.95303e-02 8.57143e-01 3.02344e-09 5.91095e-01 5.29239e-01 8.23439e-01 1.79485e+00 -4.30321e+00
9.14352e-02 8.57143e-01 2.03418e-09 5.91550e-01 5.29240e-01 8.23439e-01 1.79485e+00 -4.30321e+00
9.33401e-02 8.57143e-01 1.36913e-09 5.91999e-01 5.29241e-01 8.23439e-01 1.79485e+00 -4.30321e+00
9.52450e-02 8.57143e-01 9.21878e-10 5.92443e-01 5.29241e-01 8.23439e-01 1.79485e+00 -4.30321e+00
9.71499e-02 8.57143e-01 6.20968e-10 5.92880e-01 5.29242e-01 8.23439e-01 1.79485e+00 -4.30321e+00
9.90548e-02 8.57143e-01 4.18438e-10 5.93312e-01 5.29243e-01 8.23439e-01 1.79485e+00 -4.30321e+00
1.00960e-01 8.57143e-01 2.82072e-10 5.93739e-01 5.29243e-01 8.23439e-01 1.79485e+00 -4.30321e+00
1.02865e-01 8.57143e-01 1.90218e-10 5.94160e-01 5.29244e-01 8.23439e-01 1.79485e+00 -4.30321e+00
1.04769e-01 8.57143e-01 1.28324e-10 5.94575e-01 5.29244e-01 8.23439e-01 1.79485e+00 -4.30321e+00
1.06674e-01 8.57143e-01 8.66018e-11 5.94985e-01 5.29245e-01 8.23439e-01 1.79485e+00 -4.30321e+00
1.08579e-01 8.57143e-01 5.84664e-11 5.95390e-01 5.29246e-01 8.23439e-01 1.79485e+00 -4.30321e+00
1.10484e-01 8.57143e-01 3.94862e-11 5.95789e-01 5.29246e-01 8.23439e-01 1.79485e+00 -4.30321e+00
1.12389e-01 8.57143e-01 2.66774e-11 5.96183e-01 5.29247e-01 8.23439e-01 1.79485e+00 -4.30321e+00
1.14294e-01 8.57143e-01 1.80302e-11 5.96572e-01 5.29247e-01 8.23439e-01 1.79485e+00 -4.30321e+00
1.16199e-01 8.57143e-01 1.21902e-11 5.96955e-01 5.29248e-01 8.23439e-01 1.79485e+00 -4.30321e+00
1.18104e-01 8.57143e-01 8.24478e-12 5.97334e-01 5.29249e-01 8.23439e-01 1.79485e+00 -4.30321e+00
1.20009e-01 8.57143e-01 5.57829e-12 5.97707e-01 5.29249e-01 8.23439e-01 1.79485e+00 -4.30321e+00
1.21914e-01 8.57143e-01 3.77552e-12 5.98076e-01 5.29250e-01 8.23439e-01 1.79485e+00 -4.30321e+00
1.23818e-01 8.57143e-01 2.55625e-12 5.98439e-01 5.29250e-01 8.23439e-01 1.79485e+00 -4.30321e+00
1.25723e-01 8.57143e-01 1.73134e-12 5.98798e-01 5.29251e-01 8.23439e-01 1.79485e+00 -4.30321e+00
1.27628e-01 8.57143e-01 1.17304e-12 5.99152e-01 5.29251e-01 8.23439e-01 1.79485e+00 -4.30321e+00
1.29533e-01 8.57143e-01 7.95041e-13 5.99500e-01 5.29252e-01 8.23439e-01 1.79485e+00 -4.30321e+00
1.31438e-01 8.57143e-01 5.39033e-13 5.99845e-01 5.29252e-01 8.23439e-01 1.79485e+00 -4.30321e+00
1.33343e-01 8.57143e-01 3.65585e-13 6.00184e-01 5.29253e-01 8.23439e-01 1.79485e+00 -4.30321e+00
1.35248e-01 8.57143e-01 2.48032e-13 6.00519e-01 5.29253e-01 8.23439e-01 1.79485e+00 -4.30321e+00
1.37153e-01 8.57143e-01 1.68334e-13 6.00849e-01 5.29254e-01 8.23439e-01 1.79485e+00 -4.30321e+00
1.39058e-01 8.57143e-01 1.14283e-13 6.01174e-01 5.29254e-01 8.23439e-01 1.79485e+00 -4.30321e+00
1.40963e-01 8.57143e-01 7.76128e-14 6.01495e-01 5.29255e-01 8.23439e-01 1.79485e+00 -4.30321e+00
1.42867e-01 8.57143e-01 5.27264e-14 6.01811e-01 5.29255e-01 8.23439e-01 1.79485e+00 -4.30321e+00
1.44772e-01 8.57143e-01 3.58314e-14 6.02123e-01 5.29256e-01 8.23439e-01 1.79485e+00 -4.30321e+00
1.46677e-01 8.57143e-01 2.43579e-14 6.02431e-01 5.29256e-01 8.23439e-01 1.79485e+00 -4.30321e+00
1.48582e-01 8.57143e-01 1.65637e-14 6.02734e-01 5.29257e-01 8.23439e-01 1.79485e+00 -4.30321e+00
1.50487e-01 8.57143e-01 1.12671e-14 6.03033e-01 5.29257e-01 8.23439e-01 1.79485e+00 -4.30321e+00
1.52392e-01 8.57143e-01 7.66662e-15 6.03327e-01 5.29258e-01 8.23439e-01 1.79485e+00 -4.30321e+00
1.54297e-01 8.57143e-01 5.21836e-15 6.03617e-01 5.29258e-01 8.23439e-01 1.79485e+00 -4.30321e+00
1.56202e-01 8.57143e-01 3.55304e-15 6.03904e-01 5.29259e-01 8.23439e-01 1.79485e+00 -4.30321e+00
1.58107e-01 8.57143e-01 2.41992e-15 6.04185e-01 5.29259e-01 8.23439e-01 1.79485e+00 -4.30321e+00
1.60012e-01 8.57143e-01 1.64868e-15 6.04463e-01 5.29260e-01 8.23439e-01 1.79485e+00 -4.30321e+00
1.61916e-01 8.57143e-01 1.12359e-15 6.04737e-01 5.29260e-01 8.23439e-01 1.79485e+00 -4.30321e+00
1.63821e-01 8.57143e-01 7.65964e-16 6.05007e-01 5.29261e-01 8.23439e-01 1.79485e+00 -4.30321e+00
1.65726e-01 8.57143e-01 5.22327e-16 6.05272e-01 5.29261e-01 8.23439e-01 1.79485e+00 -4.30321e+00
1.67631e-01 8.57143e-01 3.56294e-16 6.05534e-01 5.29262e-01 8.23439e-01 1.79485e+00 -4.30321e+00
1.69536e-01 8.57143e-01 2.43111e-16 6.05792e-01 5.29262e-01 8.23439e-01 1.79485e+00 -4.30321e+00
1.71441e-01 8.57143e-01 1.65932e-16 6.06045e-01 5.29262e-01 8.23439e-01 1.79485e+00 -4.30321e+00
1.73346e-01 8.57143e-01 1.13288e-16 6.06295e-01 5.29263e-01 8.23439e-01 1.79485e+00 -4.30321e+00
1.75251e-01 8.57143e-01 7.73691e-17 6.06542e-01 5.29263e-01 8.23439e-01 1.79485e+00 -4.30321e+00
1.77156e-01 8.57143e-01 5.28540e-17 6.06784e-01 5.29264e-01 8.23439e-01 1.79485e+00 -4.30321e+00
1.79061e-01 8.57143e-01 3.61173e-17 6.07023e-01 5.29264e-01 8.23439e-01 1.79485e+00 -4.30321e+00
1.80965e-01 8.57143e-01 2.46876e-17 6.07258e-01 5.29264e-01 8.23439e-01 1.79485e+00 -4.30321e+00
1.82870e-01 8.57143e-01 1.68798e-17 6.07489e-01 5.29265e-01 8.23439e-01 1.79485e+00 -4.30321e+00
1.84775e-01 8.57143e-01 1.15446e-17 6.07717e-01 5.29265e-01 8.23439e-01 1.79485e+00 -4.30321e+00
1.86680e-01 8.57143e-01 7.89799e-18 6.07941e-01 5.29266e-01 8.23439e-01 1.79485e+00 -4.30321e+00
1.88585e-01 8.57143e-01 5.40477e-18 6.08162e-01 5.29266e-01 8.23439e-01 1.79485e+00 -4.30321e+00
1.90490e-01 8.57143e-01 3.69964e-18 6.08379e-01 5.29266e-01 8.23439e-01 1.79485e+00 -4.30321e+00
1.92395e-01 8.57143e-01 2.53317e-18 6.08592e-01 5.29267e-01 8.23439e-01 1.79485e+00 -4.30321e+00
1.94300e-01 8.57143e-01 1.73496e-18 6.08802e-01 5.29267e-01 8.23439e-01 1.79485e+00 -4.30321e+00
1.96205e-01 8.57143e-01 1.18860e-18 6.09009e-01 5.29267e-01 8.23439e-01 1.79485e+00 -4.30321e+00
1.98110e-01 8.57143e-01 8.14524e-19 6.09212e-01 5.29268e-01 8.23439e-01 1.79485e+00 -4.30321e+00
2.00014e-01 8.57143e-01 5.58328e-19 6.09412e-01 5.29268e-01 8.23439e-01 1.79485e+00 -4.30321e+00
2.01919e-01 8.57143e-01 3.82820e-19 6.09609e-01 5.29269e-01 8.23439e-01 1.79485e+00 -4.30321e+00
2.03824e-01 8.57143e-01 2.62553e-19 6.09802e-01 5.29269e-01 8.23439e-01 1.79485e+00 -4.30321e+00
2.05729e-01 8.57143e-01 1.80118e-19 6.09993e-01 5.29269e-01 8.23439e-01 1.79485e+00 -4.30321e+00
2.07634e-01 8.57143e-01 1.23599e-19 6.10180e-01 5.29270e-01 8.23439e-01 1.79485e+00 -4.30321e+00
2.09539e-01 8.57143e-01 8.48375e-20 6.10363e-01 5.29270e-01 8.23439e-01 1.79485e+00 -4.30321e+00
2.11444e-01 8.57143e-01 5.82475e-20 6.10544e-01 5.29270e-01 8.23439e-01 1.79485e+00 -4.30321e+00
2.13349e-01 8.57143e-01 4.00020e-20 6.10721e-01 5.29271e-01 8.23439e-01 1.79485e+00 -4.30321e+00
2.15254e-01 8.57143e-01 2.74790e-20 6.10896e-01 5.29271e-01 8.23439e-01 1.79485e+00 -4.30321e+00
2.17159e-01 8.57143e-01 1.88814e-20 6.11067e-01 5.29271e-01 8.23439e-01 1.79485e+00 -4.30321e+00
2.19063e-01 8.57143e-01 1.29772e-20 6.11235e-01 5.29272e-01 8.23439e-01 1.79485e+00 -4.30321e+00
2.20968e-01 8.57143e-01 8.92157e-21 6.11401e-01 5.29272e-01 8.23439e-01 1.79485e+00 -4.30321e+00
2.22873e-01 8.57143e-01 6.13499e-21 6.11563e-01 5.29272e-01 8.23439e-01 1.79485e+00 -4.30321e+00
2.24778e-01 8.57143e-01 4.21986e-21 6.11723e-01 5.29272e-01 8.23439e-01 1.79485e+00 -4.30321e+00
2.26683e-01 8.57143e-01 2.90331e-21 6.11879e-01 5.29273e-01 8.23439e-01 1.79485e+00 -4.30321e+00
2.28588e-01 8.57143e-01 1.99802e-21 6.12033e-01 5.29273e-01 8.23439e-01 1.79485e+00 -4.30321e+00
2.30493e-01 8.57143e-01 1.37536e-21 6.12184e-01 5.29273e-01 8.23439e-01 1.79485e+00 -4.30321e+00
2.32398e-01 8.57143e-01 9.46989e-22 6.12332e-01 5.29274e-01 8.23439e-01 1.79485e+00 -4.30321e+00
2.34303e-01 8.57143e-01 6.52201e-22 6.12477e-01 5.29274e-01 8.23439e-01 1.79485e+00 -4.30321e+00
2.36208e-01 8.57143e-01 4.49291e-22 6.12619e-01 5.29274e-01 8.23439e-01 1.79485e+00 -4.30321e+00
2.38112e-01 8.57143e-01 3.09586e-22 6.12759e-01 5.29274e-01 8.23439e-01 1.79485e+00 -4.30321e+00
2.40017e-01 8.57143e-01 2.13375e-22 6.12896e-01 5.29275e-01 8.23439e-01 1.79485e+00 -4.30321e+00
2.41922e-01 8.57143e-01 1.47101e-22 6.13030e-01 5.29275e-01 8.23439e-01 1.79485e+00 -4.30321e+00
2.43827e-01 8.57143e-01 1.01436e-22 6.13162e-01 5.29275e-01 8.23439e-01 1.79485e+00 -4.30321e+00
2.45732e-01 8.57143e-01 6.99642e-23 6.13291e-01 5.29275e-01 8.23439e-01 1.79485e+00 -4.30321e+00
2.47637e-01 8.57143e-01 4.82688e-23 6.13417e-01 5.29276e-01 8.23439e-01 1.79485e+00 -4.30321e+00
2.49542e-01 8.57143e-01 3.33091e-23 6.13541e-01 5.29276e-01 8.23439e-01 1.79485e+00 -4.30321e+00
2.51447e-01 8.57143e-01 2.29913e-23 6.13663e-01 5.29276e-01 8.23439e-01 1.79485e+00 -4.30321e+00
2.53352e-01 8.57143e-01 1.58735e-23 6.13782e-01 5.29276e-01 8.23439e-01 1.79485e+00 -4.30321e+00
2.55257e-01 8.57143e-01 1.09618e-23 6.13898e-01 5.29277e-01 8.23439e-01 1.79485e+00 -4.30321e+00
2.57161e-01 8.57143e-01 7.57180e-24 6.14012e-01 5.29277e-01 8.23439e-01 1.79485e+00 -4.30321e+00
2.59066e-01 8.57143e-01 5.23142e-24 6.14123e-01 5.29277e-01 8.23439e-01 1.79485e+00 -4.30321e+00
2.60971e-01 8.57143e-01 3.61529e-24 6.14232e-01 5.29277e-01 8.23439e-01 1.79485e+00 -4.30321e+00
2.62876e-01 8.57143e-01 2.49902e-24 6.14339e-01 5.29277e-01 8.23439e-01 1.79485e+00 -4.30321e+00
2.64781e-01 8.57143e-01 1.72782e-24 6.14443e-01 5.29278e-01 8.23439e-01 1.79485e+00 -4.30321e+00
2.66686e-01 8.57143e-01 1.19490e-24 6.14545e-01 5.29278e-01 8.23439e-01 1.79485e+00 -4.30321e+00
2.68591e-01 8.57143e-01 8.26543e-25 6.14645e-01 5.29278e-01 8.23439e-01 1.79485e+00 -4.30321e+00
2.70496e-01 8.57143e-01 5.71875e-25 6.14742e-01 5.29278e-01 8.23439e-01 1.79485e+00 -4.30321e+00
2.72401e-01 8.57143e-01 3.95766e-25 6.14837e-01 5.29278e-01 8.23439e-01 1.79485e+00 -4.30321e+00
2.74306e-01 8.57143e-01 2.73954e-25 6.14930e-01 5.29279e-01 8.23439e-01 1.79485e+00 -4.30321e+00
2.76210e-01 8.57143e-01 1.89678e-25 6.15020e-01 5.29279e-01 8.23439e-01 1.79485e+00 -4.30321e+00
2.78115e-01 8.57143e-01 1.31358e-25 6.15109e-01 5.29279e-01 8.23439e-01 1.79485e+00 -4.30321e+00
2.80020e-01 8.57143e-01 9.09904e-26 6.15195e-01 5.29279e-01 8.23439e-01 1.79485e+00 -4.30321e+00
2.81925e-01 8.57143e-01 6.30428e-26 6.15279e-01 5.29279e-01 8.23439e-01 1.79485e+00 -4.30321e+00
2.83830e-01 8.57143e-01 4.36893e-26 6.15361e-01 5.29280e-01 8.23439e-01 1.79485e+00 -4.30321e+00
2.85735e-01 8.57143e-01 3.02840e-26 6.15441e-01 5.29280e-01 8.23439e-01 1.79485e+00 -4.30321e+00
2.87640e-01 8.57143e-01 2.09967e-26 6.15519e-01 5.29280e-01 8.23439e-01 1.79485e+00 -4.30321e+00
2.89545e-01 8.57143e-01 1.45608e-26 6.15594e-01 5.29280e-01 8.23439e-01 1.79485e+00 -4.30321e+00
2.91450e-01 8.57143e-01 1.01000e-26 6.15668e-01 5.29280e-01 8.23439e-01 1.79485e+00 -4.30321e+00
2.93355e-01 8.57143e-01 7.00734e-27 6.15740e-01 5.29280e-01 8.23439e-01 1.79485e+00 -4.30321e+00
2.95259e-01 8.57143e-01 4.86277e-27 6.15809e-01 5.29280e-01 8.23439e-01 1.79485e+00 -4.30321e+00
2.97164e-01 8.57143e-01 3.37529e-27 6.15877e-01 5.29281e-01 8.23439e-01 1.79485e+00 -4.30321e+00
2.99069e-01 8.57143e-01 2.34335e-27 6.15942e-01 5.29281e-01 8.23439e-01 1.79485e+00 -4.30321e+00
3.00974e-01 8.57143e-01 1.62727e-27 6.16006e-01 5.29281e-01 8.23439e-01 1.79485e+00 -4.30321e+00
3.02879e-01 8.57143e-01 1.13026e-27 6.16068e-01 5.29281e-01 8.23439e-01 1.79485e+00 -4.30321e+00
3.04784e-01 8.57143e-01 7.85225e-28 6.16128e-01 5.29281e-01 8.23439e-01 1.79485e+00 -4.30321e+00
3.06689e-01 8.57143e-01 5.45640e-28 6.16186e-01 5.29281e-01 8.23439e-01 1.79485e+00 -4.30321e+00
3.08594e-01 8.57143e-01 3.79241e-28 6.16242e-01 5.29281e-01 8.23439e-01 1.79485e+00 -4.30321e+00
3.10499e-01 8.57143e-01 2.63645e-28 6.16297e-01 5.29282e-01 8.23439e-01 1.79485e+00 -4.30321e+00
3.12404e-01 8.57143e-01 1.83324e-28 6.16349e-01 5.29282e-01 8.23439e-01 1.79485e+00 -4.30321e+00
3.14308e-01 8.57143e-01 1.27501e-28 6.16400e-01 5.29282e-01 8.23439e-01 1.79485e+00 -4.30321e+00
3.16213e-01 8.57143e-01 8.86964e-29 6.16449e-01 5.29282e-01 8.23439e-01 1.79485e+00 -4.30321e+00
3.18118e-01 8.57143e-01 6.17152e-29 6.16496e-01 5.29282e-01 8.23439e-01 1.79485e+00 -4.30321e+00
3.20023e-01 8.57143e-01 4.29510e-29 6.16542e-01 5.29282e-01 8.23439e-01 1.79485e+00 -4.30321e+00
3.21928e-01 8.57143e-01 2.98985e-29 6.16585e-01 5.29282e-01 8.23439e-01 1.79485e+00 -4.30321e+00
3.23833e-01 8.57143e-01 2.08170e-29 6.16627e-01 5.29282e-01 8.23439e-01 1.79485e+00 -4.30321e+00
3.25738e-01 8.57143e-01 1.44972e-29 6.16668e-01 5.29282e-01 8.23439e-01 1.79485e+00 -4.30321e+00
3.27643e-01 8.57143e-01 1.00982e-29 6.16706e-01 5.29282e-01 8.23439e-01 1.79485e+00 -4.30321e+00
3.29548e-01 8.57143e-01 7.03551e-30 6.16743e-01 5.29283e-01 8.23439e-01 1.79485e+00 -4.30321e+00
3.31453e-01 8.57143e-01 4.90278e-30 6.16779e-01 5.29283e-01 8.23439e-01 1.79485e+00 -4.30321e+00
3.33357e-01 8.57143e-01 3.41730e-30 6.16813e-01 5.29283e-01 8.23439e-01 1.79485e+00 -4.30321e+00
3.35262e-01 8.57143e-01 2.38242e-30 6.16845e-01 5.29283e-01 8.23439e-01 1.79485e+00 -4.30321e+00
3.37167e-01 8.57143e-01 1.66129e-30 6.16876e-01 5.29283e-01 8.23439e-01 1.79485e+00 -4.30321e+00
3.39072e-01 8.57143e-01 1.15869e-30 6.16905e-01 5.29283e-01 8.23439e-01 1.79485e+00 -4.30321e+00
3.40977e-01 8.57143e-01 8.08315e-31 6.16932e-01 5.29283e-01 8.23439e-01 1.79485e+00 -4.30321e+00
3.42882e-01 8.57143e-01 5.64012e-31 6.16958e-01 5.29283e-01 8.23439e-01 1.79485e+00 -4.30321e+00
3.44787e-01 8.57143e-01 3.93630e-31 6.16983e-01 5.29283e-01 8.23439e-01 1.79485e+00 -4.30321e+00
3.46692e-01 8.57143e-01 2.74778e-31 6.17006e-01 5.29283e-01 8.23439e-01 1.79485e+00 -4.30321e+00
3.48597e-01 8.57143e-01 1.91852e-31 6.17027e-01 5.29283e-01 8.23439e-01 1.79485e+00 -4.30321e+00
3.50502e-01 8.57143e-01 1.33982e-31 6.17047e-01 5.29283e-01 8.23439e-01 1.79485e+00 -4.30321e+00
3.52406e-01 8.57143e-01 9.35872e-32 6.17066e-01 5.29283e-01 8.23439e-01 1.79485e+00 -4.30321e+00
3.54311e-01 8.57143e-01 6.53853e-32 6.17083e-01 5.29283e-01 8.23439e-01 1.79485e+00 -4.30321e+00
3.56216e-01 8.57143e-01 4.56915e-32 6.17099e-01 5.29283e-01 8.23439e-01 1.79485e+00 -4.30321e+00
3.58121e-01 8.57143e-01 3.19362e-32 6.17113e-01 5.29283e-01 8.23439e-01 1.79485e+00 -4.30321e+00
3.60026e-01 8.57143e-01 2.23266e-32 6.17126e-01 5.29283e-01 8.23439e-01 1.79485e+00 -4.30321e+00
3.61931e-01 8.57143e-01 1.56119e-32 6.17138e-01 5.29283e-01 8.23439e-01 1.79485e+00 -4.30321e+00
3.63836e-01 8.57143e-01 1.09189e-32 6.17148e-01 5.29283e-01 8.23439e-01 1.79485e+00 -4.30321e+00
3.65741e-01 8.57143e-01 7.63828e-33 6.17157e-01 5.29283e-01 8.23439e-01 1.79485e+00 -4.30321e+00
3.67646e-01 8.57143e-01 5.34446e-33 6.17165e-01 5.29283e-01 8.23439e-01 1.79485e+00 -4.30321e+00
3.69551e-01 8.57143e-01 3.74027e-33 6.17171e-01 5.29284e-01 8.23439e-01 1.79485e+00 -4.30321e+00
3.71455e-01 8.57143e-01 2.61815e-33 6.17176e-01 5.29284e-01 8.23439e-01 1.79485e+00 -4.30321e+00
3.73360e-01 8.57143e-01 1.83307e-33 6.17180e-01 5.29284e-01 8.23439e-01 1.79485e+00 -4.30321e+00
3.75265e-01 8.57143e-01 1.28367e-33 6.17182e-01 5.29284e-01 8.23439e-01 1.79485e+00 -4.30321e+00
3.77170e-01 8.57143e-01 8.99123e-34 6.17183e-01 5.29284e-01 8.23439e-01 1.79485e+00 -4.30321e+00
3.79075e-01 8.57143e-01 6.29908e-34 6.17183e-01 5.29284e-01 8.23439e-01 1.79485e+00 -4.30321e+00
