# x AR CA ca co phi u v
0.00000e+00 6.00000e-01 3.00000e-01 4.99135e-01 4.99135e-01 8.00000e-01 1.00000e+00 -4.28317e+00
1.90490e-03 6.61464e-01 2.28292e-01 5.23959e-01 5.08561e-01 8.43583e-01 2.59564e+00 -4.30609e+00
3.80980e-03 7.14683e-01 1.66203e-01 5.42310e-01 5.15057e-01 8.35195e-01 2.24786e+00 -4.30677e+00
5.71470e-03 7.57420e-01 1.16343e-01 5.57153e-01 5.19861e-01 8.28834e-01 1.99793e+00 -4.30546e+00
7.61960e-03 7.89314e-01 7.91336e-02 5.69436e-01 5.23439e-01 8.24618e-01 1.83853e+00 -4.30379e+00
9.52450e-03 8.11870e-01 5.28189e-02 5.79916e-01 5.26166e-01 8.21889e-01 1.73794e+00 -4.30239e+00
1.14294e-02 8.27255e-01 3.48692e-02 5.89161e-01 5.28319e-01 8.20143e-01 1.67463e+00 -4.30136e+00
1.33343e-02 8.37516e-01 2.28984e-02 5.97565e-01 5.30093e-01 8.19036e-01 1.63491e+00 -4.30066e+00
1.52392e-02 8.44271e-01 1.50169e-02 6.05394e-01 5.31618e-01 8.18340e-01 1.61011e+00 -4.30021e+00
1.71441e-02 8.48691e-01 9.86050e-03 6.12822e-01 5.32980e-01 8.17907e-01 1.59475e+00 -4.29991e+00
1.90490e-02 8.51577e-01 6.49359e-03 6.19963e-01 5.34233e-01 8.17642e-01 1.58537e+00 -4.29973e+00
2.09539e-02 8.53463e-01 4.29339e-03 6.26891e-01 5.35414e-01 8.17484e-01 1.57979e+00 -4.29962e+00
2.28588e-02 8.54698e-01 2.85190e-03 6.33654e-01 5.36547e-01 8.17395e-01 1.57665e+00 -4.29956e+00
2.47637e-02 8.55511e-01 1.90398e-03 6.40282e-01 5.37644e-01 8.17351e-01 1.57507e+00 -4.29953e+00
2.66686e-02 8.56048e-01 1.27790e-03 6.46796e-01 5.38718e-01 8.17335e-01 1.57451e+00 -4.29952e+00
2.85735e-02 8.56404e-01 8.62365e-04 6.53209e-01 5.39772e-01 8.17337e-01 1.57460e+00 -4.29952e+00
3.04784e-02 8.56641e-01 5.85172e-04 6.59532e-01 5.40813e-01 8.17352e-01 1.57512e+00 -4.29953e+00
3.23833e-02 8.56801e-01 3.99288e-04 6.65769e-01 5.41841e-01 8.17375e-01 1.57594e+00 -4.29954e+00
3.42882e-02 8.56908e-01 2.73970e-04 6.71926e-01 5.42860e-01 8.17404e-01 1.57694e+00 -4.29956e+00
3.61931e-02 8.56981e-01 1.89029e-04 6.78005e-01 5.43870e-01 8.17436e-01 1.57808e+00 -4.29959e+00
3.80980e-02 8.57030e-01 1.31145e-04 6.84008e-01 5.44872e-01 8.17471e-01 1.57930e+00 -4.29961e+00
4.00029e-02 8.57064e-01 9.14875e-05 6.89939e-01 5.45867e-01 8.17507e-01 1.58060e+00 -4.29964e+00
4.19078e-02 8.57088e-01 6.41714e-05 6.95797e-01 5.46854e-01 8.17545e-01 1.58193e+00 -4.29966e+00
4.38127e-02 8.57104e-01 4.52559e-05 7.01584e-01 5.47835e-01 8.17584e-01 1.58330e+00 -4.29969e+00
4.57176e-02 8.57115e-01 3.20882e-05 7.07301e-01 5.48809e-01 8.17623e-01 1.58470e+00 -4.29972e+00
4.76225e-02 8.57123e-01 2.28736e-05 7.12949e-01 5.49777e-01 8.17663e-01 1.58612e+00 -4.29975e+00
4.95274e-02 8.57129e-01 1.63918e-05 7.18529e-01 5.50737e-01 8.17704e-01 1.58756e+00 -4.29977e+00
5.14323e-02 8.57133e-01 1.18086e-05 7.24042e-01 5.51692e-01 8.17745e-01 1.58901e+00 -4.29980e+00
5.33372e-02 8.57136e-01 8.55137e-06 7.29488e-01 5.52640e-01 8.17787e-01 1.59048e+00 -4.29983e+00
5.52421e-02 8.57138e-01 6.22470e-06 7.34868e-01 5.53581e-01 8.17828e-01 1.59196e+00 -4.29986e+00
5.71470e-02 8.57139e-01 4.55436e-06 7.40183e-01 5.54517e-01 8.17870e-01 1.59345e+00 -4.29989e+00
5.90519e-02 8.57140e-01 3.34923e-06 7.45433e-01 5.55445e-01 8.17913e-01 1.59495e+00 -4.29992e+00
6.09568e-02 8.57141e-01 2.47543e-06 7.50620e-01 5.56368e-01 8.17956e-01 1.59647e+00 -4.29995e+00
6.28617e-02 8.57141e-01 1.83877e-06 7.55743e-01 5.57284e-01 8.17999e-01 1.59799e+00 -4.29998e+00
6.47666e-02 8.57142e-01 1.37264e-06 7.60803e-01 5.58194e-01 8.18042e-01 1.59953e+00 -4.30000e+00
6.66715e-02 8.57142e-01 1.02972e-06 7.65801e-01 5.59097e-01 8.18085e-01 1.60107e+00 -4.30003e+00
6.85764e-02 8.57142e-01 7.76236e-07 7.70738e-01 5.59994e-01 8.18129e-01 1.60263e+00 -4.30006e+00
7.04813e-02 8.57142e-01 5.87983e-07 7.75615e-01 5.60885e-01 8.18173e-01 1.60420e+00 -4.30009e+00
7.23862e-02 8.57142e-01 4.47519e-07 7.80431e-01 5.61769e-01 8.18218e-01 1.60577e+00 -4.30012e+00
7.42911e-02 8.57143e-01 3.42229e-07 7.85187e-01 5.62647e-01 8.18262e-01 1.60736e+00 -4.30015e+00
7.61960e-02 8.57143e-01 2.62942e-07 7.89885e-01 5.63519e-01 8.18307e-01 1.60896e+00 -4.30018e+00
7.81009e-02 8.57143e-01 2.02966e-07 7.94524e-01 5.64384e-01 8.18353e-01 1.61056e+00 -4.30021e+00
8.00058e-02 8.57143e-01 1.57393e-07 7.99105e-01 5.65243e-01 8.18398e-01 1.61218e+00 -4.30024e+00
8.19107e-02 8.57143e-01 1.22612e-07 8.03629e-01 5.66095e-01 8.18444e-01 1.61380e+00 -4.30028e+00
8.38156e-02 8.57143e-01 9.59491e-08 8.08096e-01 5.66942e-01 8.18490e-01 1.61544e+00 -4.30031e+00
8.57205e-02 8.57143e-01 7.54213e-08 8.12507e-01 5.67782e-01 8.18536e-01 1.61709e+00 -4.30034e+00
8.76254e-02 8.57143e-01 5.95487e-08 8.16862e-01 5.68615e-01 8.18582e-01 1.61874e+00 -4.30037e+00
8.95303e-02 8.57143e-01 4.72234e-08 8.21162e-01 5.69442e-01 8.18629e-01 1.62041e+00 -4.30040e+00
9.14352e-02 8.57143e-01 3.76124e-08 8.25408e-01 5.70263e-01 8.18676e-01 1.62208e+00 -4.30043e+00
9.33401e-02 8.57143e-01 3.00866e-08 8.29600e-01 5.71078e-01 8.18723e-01 1.62376e+00 -4.30046e+00
9.52450e-02 8.57143e-01 2.41693e-08 8.33739e-01 5.71886e-01 8.18771e-01 1.62546e+00 -4.30049e+00
9.71499e-02 8.57143e-01 1.94979e-08 8.37824e-01 5.72688e-01 8.18818e-01 1.62716e+00 -4.30052e+00
9.90548e-02 8.57143e-01 1.57952e-08 8.41857e-01 5.73484e-01 8.18866e-01 1.62887e+00 -4.30055e+00
1.00960e-01 8.57143e-01 1.28486e-08 8.45839e-01 5.74273e-01 8.18915e-01 1.63059e+00 -4.30059e+00
1.02865e-01 8.57143e-01 1.04945e-08 8.49769e-01 5.75056e-01 8.18963e-01 1.63232e+00 -4.30062e+00
1.04769e-01 8.57143e-01 8.60651e-09 8.53648e-01 5.75833e-01 8.19012e-01 1.63406e+00 -4.30065e+00
1.06674e-01 8.57143e-01 7.08648e-09 8.57477e-01 5.76603e-01 8.19061e-01 1.63580e+00 -4.30068e+00
1.08579e-01 8.57143e-01 5.85808e-09 8.61256e-01 5.77367e-01 8.19110e-01 1.63756e+00 -4.30071e+00
1.10484e-01 8.57143e-01 4.86163e-09 8.64985e-01 5.78125e-01 8.19159e-01 1.63932e+00 -4.30074e+00
1.12389e-01 8.57143e-01 4.05036e-09 8.68666e-01 5.78877e-01 8.19208e-01 1.64109e+00 -4.30078e+00
1.14294e-01 8.57143e-01 3.38744e-09 8.72298e-01 5.79622e-01 8.19258e-01 1.64287e+00 -4.30081e+00
1.16199e-01 8.57143e-01 2.84380e-09 8.75882e-01 5.80361e-01 8.19308e-01 1.64466e+00 -4.30084e+00
1.18104e-01 8.57143e-01 2.39639e-09 8.79419e-01 5.81094e-01 8.19358e-01 1.64645e+00 -4.30087e+00
1.20009e-01 8.57143e-01 2.02689e-09 8.82909e-01 5.81820e-01 8.19408e-01 1.64825e+00 -4.30090e+00
1.21914e-01 8.57143e-01 1.72067e-09 8.86353e-01 5.82541e-01 8.19459e-01 1.65006e+00 -4.30094e+00
1.23818e-01 8.57143e-01 1.46604e-09 8.89750e-01 5.83255e-01 8.19509e-01 1.65187e+00 -4.30097e+00
1.25723e-01 8.57143e-01 1.25359e-09 8.93102e-01 5.83963e-01 8.19560e-01 1.65369e+00 -4.30100e+00
1.27628e-01 8.57143e-01 1.07575e-09 8.96409e-01 5.84664e-01 8.19611e-01 1.65552e+00 -4.30103e+00
1.29533e-01 8.57143e-01 9.26391e-10 8.99671e-01 5.85359e-01 8.19662e-01 1.65735e+00 -4.30106e+00
1.31438e-01 8.57143e-01 8.00551e-10 9.02889e-01 5.86048e-01 8.19713e-01 1.65919e+00 -4.30110e+00
1.33343e-01 8.57143e-01 6.94192e-10 9.06063e-01 5.86731e-01 8.19765e-01 1.66104e+00 -4.30113e+00
1.35248e-01 8.57143e-01 6.04018e-10 9.09193e-01 5.87408e-01 8.19816e-01 1.66289e+00 -4.30116e+00
1.37153e-01 8.57143e-01 5.27330e-10 9.12281e-01 5.88079e-01 8.19868e-01 1.66474e+00 -4.30119e+00
1.39058e-01 8.57143e-01 4.61917e-10 9.15326e-01 5.88743e-01 8.19919e-01 1.66660e+00 -4.30123e+00
1.40963e-01 8.57143e-01 4.05954e-10 9.18329e-01 5.89401e-01 8.19971e-01 1.66846e+00 -4.30126e+00
1.42867e-01 8.57143e-01 3.57937e-10 9.21290e-01 5.90053e-01 8.20023e-01 1.67033e+00 -4.30129e+00
1.44772e-01 8.57143e-01 3.16620e-10 9.24210e-01 5.90699e-01 8.20075e-01 1.67220e+00 -4.30132e+00
1.46677e-01 8.57143e-01 2.80968e-10 9.27089e-01 5.91339e-01 8.20127e-01 1.67407e+00 -4.30135e+00
1.48582e-01 8.57143e-01 2.50120e-10 9.29927e-01 5.91972e-01 8.20179e-01 1.67594e+00 -4.30139e+00
1.50487e-01 8.57143e-01 2.23356e-10 9.32726e-01 5.92600e-01 8.20231e-01 1.67782e+00 -4.30142e+00
1.52392e-01 8.57143e-01 2.00074e-10 9.35485e-01 5.93221e-01 8.20283e-01 1.67970e+00 -4.30145e+00
1.54297e-01 8.57143e-01 1.79769e-10 9.38204e-01 5.93836e-01 8.20335e-01 1.68158e+00 -4.30148e+00
1.56202e-01 8.57143e-01 1.62015e-10 9.40885e-01 5.94445e-01 8.20387e-01 1.68346e+00 -4.30151e+00
1.58107e-01 8.57143e-01 1.46453e-10 9.43527e-01 5.95048e-01 8.20440e-01 1.68534e+00 -4.30154e+00
1.60012e-01 8.57143e-01 1.32780e-10 9.46131e-01 5.95645e-01 8.20492e-01 1.68722e+00 -4.30158e+00
1.61916e-01 8.57143e-01 1.20738e-10 9.48697e-01 5.96236e-01 8.20544e-01 1.68910e+00 -4.30161e+00
1.63821e-01 8.57143e-01 1.10108e-10 9.51226e-01 5.96821e-01 8.20596e-01 1.69098e+00 -4.30164e+00
1.65726e-01 8.57143e-01 1.00705e-10 9.53717e-01 5.97400e-01 8.20648e-01 1.69286e+00 -4.30167e+00
1.67631e-01 8.57143e-01 9.23681e-11 9.56172e-01 5.97973e-01 8.20699e-01 1.69473e+00 -4.30170e+00
1.69536e-01 8.57143e-01 8.49617e-11 9.58591e-01 5.98539e-01 8.20751e-01 1.69661e+00 -4.30173e+00
1.71441e-01 8.57143e-01 7.83689e-11 9.60974e-01 5.99100e-01 8.20803e-01 1.69848e+00 -4.30176e+00
1.73346e-01 8.57143e-01 7.24890e-11 9.63321e-01 5.99655e-01 8.20854e-01 1.70034e+00 -4.30179e+00
1.75251e-01 8.57143e-01 6.72354e-11 9.65633e-01 6.00203e-01 8.20906e-01 1.70220e+00 -4.30182e+00
1.77156e-01 8.57143e-01 6.25332e-11 9.67910e-01 6.00746e-01 8.20957e-01 1.70406e+00 -4.30185e+00
1.79061e-01 8.57143e-01 5.83178e-11 9.70153e-01 6.01283e-01 8.21008e-01 1.70591e+00 -4.30188e+00
1.80965e-01 8.57143e-01 5.45331e-11 9.72361e-01 6.01814e-01 8.21059e-01 1.70775e+00 -4.30191e+00
1.82870e-01 8.57143e-01 5.11302e-11 9.74535e-01 6.02339e-01 8.21109e-01 1.70959e+00 -4.30194e+00
1.84775e-01 8.57143e-01 4.80667e-11 9.76676e-01 6.02858e-01 8.21160e-01 1.71142e+00 -4.30197e+00
1.86680e-01 8.57143e-01 4.53058e-11 9.78784e-01 6.03371e-01 8.21210e-01 1.71324e+00 -4.30200e+00
1.88585e-01 8.57143e-01 4.28150e-11 9.80859e-01 6.03878e-01 8.21260e-01 1.71505e+00 -4.30203e+00
1.90490e-01 8.57143e-01 4.05663e-11 9.82901e-01 6.04379e-01 8.21310e-01 1.71686e+00 -4.30206e+00
1.92395e-01 8.57143e-01 3.85348e-11 9.84911e-01 6.04875e-01 8.21359e-01 1.71865e+00 -4.30209e+00
1.94300e-01 8.57143e-01 3.66989e-11 9.86889e-01 6.05364e-01 8.21408e-01 1.72043e+00 -4.30212e+00
1.96205e-01 8.57143e-01 3.50396e-11 9.88835e-01 6.05848e-01 8.21457e-01 1.72220e+00 -4.30214e+00
1.98110e-01 8.57143e-01 3.35401e-11 9.90751e-01 6.06326e-01 8.21505e-01 1.72396e+00 -4.30217e+00
2.00014e-01 8.57143e-01 3.21858e-11 9.92635e-01 6.06798e-01 8.21553e-01 1.72571e+00 -4.30220e+00
2.01919e-01 8.57143e-01 3.09638e-11 9.94488e-01 6.07264e-01 8.21601e-01 1.72744e+00 -4.30223e+00
2.03824e-01 8.57143e-01 2.98626e-11 9.96311e-01 6.07725e-01 8.21648e-01 1.72916e+00 -4.30225e+00
2.05729e-01 8.57143e-01 2.88724e-11 9.98104e-01 6.08179e-01 8.21695e-01 1.73086e+00 -4.30228e+00
2.07634e-01 8.57143e-01 2.79843e-11 9.99868e-01 6.08628e-01 8.21741e-01 1.73255e+00 -4.30230e+00
2.09539e-01 8.57143e-01 2.71907e-11 1.00160e+00 6.09072e-01 8.21787e-01 1.73422e+00 -4.30233e+00
2.11444e-01 8.57143e-01 2.64850e-11 1.00331e+00 6.09509e-01 8.21832e-01 1.73588e+00 -4.30236e+00
2.13349e-01 8.57143e-01 2.58611e-11 1.00498e+00 6.09941e-01 8.21877e-01 1.73752e+00 -4.30238e+00
2.15254e-01 8.57143e-01 2.53142e-11 1.00663e+00 6.10367e-01 8.21921e-01 1.73914e+00 -4.30241e+00
2.17159e-01 8.57143e-01 2.48398e-11 1.00825e+00 6.10787e-01 8.21965e-01 1.74074e+00 -4.30243e+00
2.19063e-01 8.57143e-01 2.44343e-11 1.00984e+00 6.11202e-01 8.22009e-01 1.74232e+00 -4.30245e+00
2.20968e-01 8.57143e-01 2.40946e-11 1.01140e+00 6.11611e-01 8.22051e-01 1.74388e+00 -4.30248e+00
2.22873e-01 8.57143e-01 2.38182e-11 1.01294e+00 6.12014e-01 8.22094e-01 1.74543e+00 -4.30250e+00
2.24778e-01 8.57143e-01 2.36032e-11 1.01444e+00 6.12412e-01 8.22135e-01 1.74695e+00 -4.30252e+00
2.26683e-01 8.57143e-01 2.34481e-11 1.01593e+00 6.12804e-01 8.22176e-01 1.74845e+00 -4.30255e+00
2.28588e-01 8.57143e-01 2.33518e-11 1.01738e+00 6.13191e-01 8.22217e-01 1.74992e+00 -4.30257e+00
2.30493e-01 8.57143e-01 2.33141e-11 1.01881e+00 6.13572e-01 8.22256e-01 1.75138e+00 -4.30259e+00
2.32398e-01 8.57143e-01 2.33347e-11 1.02021e+00 6.13947e-01 8.22296e-01 1.75281e+00 -4.30261e+00
2.34303e-01 8.57143e-01 2.34144e-11 1.02159e+00 6.14317e-01 8.22334e-01 1.75422e+00 -4.30263e+00
2.36208e-01 8.57143e-01 2.35540e-11 1.02294e+00 6.14682e-01 8.22372e-01 1.75560e+00 -4.30265e+00
2.38112e-01 8.57143e-01 2.37551e-11 1.02426e+00 6.15041e-01 8.22409e-01 1.75696e+00 -4.30267e+00
2.40017e-01 8.57143e-01 2.40199e-11 1.02556e+00 6.15394e-01 8.22445e-01 1.75829e+00 -4.30269e+00
2.41922e-01 8.57143e-01 2.43511e-11 1.02683e+00 6.15742e-01 8.22481e-01 1.75960e+00 -4.30271e+00
2.43827e-01 8.57143e-01 2.47520e-11 1.02808e+00 6.16084e-01 8.22516e-01 1.76088e+00 -4.30273e+00
2.45732e-01 8.57143e-01 2.52267e-11 1.02931e+00 6.16421e-01 8.22550e-01 1.76214e+00 -4.30275e+00
2.47637e-01 8.57143e-01 2.57804e-11 1.03051e+00 6.16753e-01 8.22584e-01 1.76337e+00 -4.30277e+00
2.49542e-01 8.57143e-01 2.64187e-11 1.03169e+00 6.17079e-01 8.22617e-01 1.76457e+00 -4.30279e+00
2.51447e-01 8.57143e-01 2.71488e-11 1.03284e+00 6.17400e-01 8.22649e-01 1.76575e+00 -4.30280e+00
2.53352e-01 8.57143e-01 2.79788e-11 1.03397e+00 6.17715e-01 8.22680e-01 1.76689e+00 -4.30282e+00
2.55257e-01 8.57143e-01 2.89186e-11 1.03508e+00 6.18025e-01 8.22710e-01 1.76802e+00 -4.30284e+00
2.57161e-01 8.57143e-01 2.99796e-11 1.03616e+00 6.18330e-01 8.22740e-01 1.76911e+00 -4.30285e+00
2.59066e-01 8.57143e-01 3.11755e-11 1.03723e+00 6.18629e-01 8.22769e-01 1.77017e+00 -4.30287e+00
2.60971e-01 8.57143e-01 3.25229e-11 1.03826e+00 6.18923e-01 8.22797e-01 1.77121e+00 -4.30288e+00
2.62876e-01 8.57143e-01 3.40420e-11 1.03928e+00 6.19212e-01 8.22825e-01 1.77222e+00 -4.30290e+00
2.64781e-01 8.57143e-01 3.57576e-11 1.04027e+00 6.19496e-01 8.22852e-01 1.77320e+00 -4.30291e+00
2.66686e-01 8.57143e-01 3.77012e-11 1.04125e+00 6.19774e-01 8.22878e-01 1.77416e+00 -4.30292e+00
2.68591e-01 8.57143e-01 3.99137e-11 1.04220e+00 6.20047e-01 8.22903e-01 1.77508e+00 -4.30294e+00
2.70496e-01 8.57143e-01 4.24497e-11 1.04313e+00 6.20315e-01 8.22927e-01 1.77598e+00 -4.30295e+00
2.72401e-01 8.57143e-01 4.53844e-11 1.04403e+00 6.20577e-01 8.22951e-01 1.77685e+00 -4.30296e+00
2.74306e-01 8.57143e-01 4.88241e-11 1.04492e+00 6.20835e-01 8.22974e-01 1.77770e+00 -4.30297e+00
2.76210e-01 8.57143e-01 5.29239e-11 1.04579e+00 6.21087e-01 8.22996e-01 1.77851e+00 -4.30299e+00
2.78115e-01 8.57143e-01 5.79146e-11 1.04663e+00 6.21334e-01 8.23017e-01 1.77930e+00 -4.30300e+00
2.80020e-01 8.57143e-01 6.41466e-11 1.04746e+00 6.21576e-01 8.23038e-01 1.78006e+00 -4.30301e+00
2.81925e-01 8.57143e-01 7.21579e-11 1.04826e+00 6.21813e-01 8.23058e-01 1.78080e+00 -4.30302e+00
2.83830e-01 8.57143e-01 8.27821e-11 1.04905e+00 6.22045e-01 8.23077e-01 1.78151e+00 -4.30303e+00
2.85735e-01 8.57143e-01 9.73165e-11 1.04981e+00 6.22271e-01 8.23096e-01 1.78219e+00 -4.30304e+00
2.87640e-01 8.57143e-01 1.17782e-10 1.05056e+00 6.22493e-01 8.23114e-01 1.78285e+00 -4.30305e+00
2.89545e-01 8.57143e-01 1.47327e-10 1.05128e+00 6.22710e-01 8.23131e-01 1.78348e+00 -4.30306e+00
2.91450e-01 8.57143e-01 1.90835e-10 1.05199e+00 6.22921e-01 8.23148e-01 1.78409e+00 -4.30306e+00
2.93355e-01 8.57143e-01 2.55858e-10 1.05268e+00 6.23128e-01 8.23163e-01 1.78467e+00 -4.30307e+00
2.95259e-01 8.57143e-01 3.54009e-10 1.05335e+00 6.23329e-01 8.23179e-01 1.78523e+00 -4.30308e+00
2.97164e-01 8.57143e-01 5.03038e-10 1.05400e+00 6.23526e-01 8.23193e-01 1.78577e+00 -4.30309e+00
2.99069e-01 8.57143e-01 7.29907e-10 1.05463e+00 6.23718e-01 8.23207e-01 1.78628e+00 -4.30310e+00
3.00974e-01 8.57143e-01 1.07529e-09 1.05524e+00 6.23904e-01 8.23220e-01 1.78678e+00 -4.30310e+00
3.02879e-01 8.57143e-01 1.60009e-09 1.05584e+00 6.24086e-01 8.23233e-01 1.78724e+00 -4.30311e+00
3.04784e-01 8.57143e-01 2.39489e-09 1.05641e+00 6.24263e-01 8.23245e-01 1.78769e+00 -4.30312e+00
3.06689e-01 8.57143e-01 3.59335e-09 1.05697e+00 6.24435e-01 8.23257e-01 1.78812e+00 -4.30312e+00
3.08594e-01 8.57143e-01 5.39124e-09 1.05751e+00 6.24603e-01 8.23268e-01 1.78853e+00 -4.30313e+00
3.10499e-01 8.57143e-01 8.07315e-09 1.05804e+00 6.24765e-01 8.23278e-01 1.78891e+00 -4.30313e+00
3.12404e-01 8.57143e-01 1.20496e-08 1.05855e+00 6.24923e-01 8.23288e-01 1.78928e+00 -4.30314e+00
3.14308e-01 8.57143e-01 1.79084e-08 1.05904e+00 6.25076e-01 8.23298e-01 1.78963e+00 -4.30314e+00
3.16213e-01 8.57143e-01 2.64845e-08 1.05951e+00 6.25224e-01 8.23307e-01 1.78997e+00 -4.30315e+00
3.18118e-01 8.57143e-01 3.89550e-08 1.05996e+00 6.25367e-01 8.23316e-01 1.79028e+00 -4.30315e+00
3.20023e-01 8.57143e-01 5.69671e-08 1.06040e+00 6.25506e-01 8.23324e-01 1.79058e+00 -4.30316e+00
3.21928e-01 8.57143e-01 8.28078e-08 1.06083e+00 6.25640e-01 8.23331e-01 1.79086e+00 -4.30316e+00
3.23833e-01 8.57143e-01 1.19629e-07 1.06124e+00 6.25769e-01 8.23339e-01 1.79113e+00 -4.30316e+00
3.25738e-01 8.57143e-01 1.71740e-07 1.06163e+00 6.25893e-01 8.23345e-01 1.79138e+00 -4.30317e+00
3.27643e-01 8.57143e-01 2.44994e-07 1.06200e+00 6.26013e-01 8.23352e-01 1.79162e+00 -4.30317e+00
3.29548e-01 8.57143e-01 3.47272e-07 1.06236e+00 6.26128e-01 8.23358e-01 1.79184e+00 -4.30317e+00
3.31453e-01 8.57142e-01 4.89115e-07 1.06271e+00 6.26239e-01 8.23364e-01 1.79205e+00 -4.30318e+00
3.33357e-01 8.57142e-01 6.84516e-07 1.06304e+00 6.26345e-01 8.23369e-01 1.79225e+00 -4.30318e+00
3.35262e-01 8.57142e-01 9.51907e-07 1.06335e+00 6.26447e-01 8.23374e-01 1.79244e+00 -4.30318e+00
3.37167e-01 8.57142e-01 1.31540e-06 1.06365e+00 6.26543e-01 8.23379e-01 1.79262e+00 -4.30318e+00
3.39072e-01 8.57141e-01 1.80628e-06 1.06393e+00 6.26636e-01 8.23383e-01 1.79278e+00 -4.30319e+00
3.40977e-01 8.57141e-01 2.46490e-06 1.06420e+00 6.26724e-01 8.23387e-01 1.79293e+00 -4.30319e+00
3.42882e-01 8.57140e-01 3.34284e-06 1.06445e+00 6.26807e-01 8.23391e-01 1.79308e+00 -4.30319e+00
3.44787e-01 8.57139e-01 4.50564e-06 1.06469e+00 6.26886e-01 8.23395e-01 1.79321e+00 -4.30319e+00
3.46692e-01 8.57138e-01 6.03594e-06 1.06492e+00 6.26960e-01 8.23398e-01 1.79334e+00 -4.30319e+00
3.48597e-01 8.57136e-01 8.03715e-06 1.06513e+00 6.27030e-01 8.23402e-01 1.79345e+00 -4.30320e+00
3.50502e-01 8.57134e-01 1.06378e-05 1.06533e+00 6.27096e-01 8.23405e-01 1.79356e+00 -4.30320e+00
3.52406e-01 8.57131e-01 1.39965e-05 1.06551e+00 6.27157e-01 8.23407e-01 1.79366e+00 -4.30320e+00
3.54311e-01 8.57127e-01 1.83075e-05 1.06568e+00 6.27214e-01 8.23410e-01 1.79376e+00 -4.30320e+00
3.56216e-01 8.57122e-01 2.38070e-05 1.06584e+00 6.27266e-01 8.23412e-01 1.79384e+00 -4.30320e+00
3.58121e-01 8.57116e-01 3.07801e-05 1.06598e+00 6.27314e-01 8.23414e-01 1.79392e+00 -4.30320e+00
3.60026e-01 8.57109e-01 3.95689e-05 1.06611e+00 6.27358e-01 8.23416e-01 1.79399e+00 -4.30320e+00
3.61931e-01 8.57100e-01 5.05801e-05 1.06622e+00 6.27397e-01 8.23418e-01 1.79406e+00 -4.30320e+00
3.63836e-01 8.57088e-01 6.42943e-05 1.06633e+00 6.27432e-01 8.23420e-01 1.79412e+00 -4.30320e+00
3.65741e-01 8.57073e-01 8.12756e-05 1.06641e+00 6.27463e-01 8.23421e-01 1.79417e+00 -4.30320e+00
3.67646e-01 8.57055e-01 1.02180e-04 1.06649e+00 6.27489e-01 8.23422e-01 1.79422e+00 -4.30321e+00
3.69551e-01 8.57033e-01 1.27768e-04 1.06655e+00 6.27511e-01 8.23423e-01 1.79426e+00 -4.30321e+00
3.71455e-01 8.57007e-01 1.58908e-04 1.06661e+00 6.27529e-01 8.23424e-01 1.79429e+00 -4.30321e+00
3.73360e-01 8.56974e-01 1.96594e-04 1.06664e+00 6.27542e-01 8.23425e-01 1.79432e+00 -4.30321e+00
3.75265e-01 8.56935e-01 2.41947e-04 1.06667e+00 6.27551e-01 8.23425e-01 1.79433e+00 -4.30321e+00
3.77170e-01 8.56889e-01 2.96225e-04 1.06668e+00 6.27556e-01 8.23426e-01 1.79434e+00 -4.30321e+00
3.79075e-01 8.56834e-01 3.60828e-04 1.06668e+00 6.27556e-01 8.23426e-01 1.79434e+00 -4.30321e+00
