# x AR CA ca co phi u v
0.00000e+00 6.00000e-01 3.00000e-01 4.99135e-01 4.99135e-01 8.00000e-01 1.00000e+00 -4.28317e+00
1.00000e-02 6.27388e-01 2.68047e-01 9.68402e-01 9.56154e-01 8.08723e-01 1.27996e+00 -4.29240e+00
2.00000e-02 6.28556e-01 2.66685e-01 9.91090e-01 9.46286e-01 8.09026e-01 1.29002e+00 -4.29269e+00
3.00000e-02 6.29586e-01 2.65483e-01 1.00925e+00 9.29912e-01 8.09249e-01 1.29743e+00 -4.29290e+00
4.00000e-02 6.30753e-01 2.64121e-01 1.02600e+00 9.13239e-01 8.09471e-01 1.30480e+00 -4.29310e+00
5.00000e-02 6.32165e-01 2.62475e-01 1.04181e+00 8.97243e-01 8.09703e-01 1.31253e+00 -4.29332e+00
6.00000e-02 6.33932e-01 2.60413e-01 1.05670e+00 8.82028e-01 8.09950e-01 1.32079e+00 -4.29354e+00
7.00000e-02 6.36212e-01 2.57752e-01 1.07063e+00 8.67535e-01 8.10216e-01 1.32970e+00 -4.29378e+00
8.00000e-02 6.39243e-01 2.54217e-01 1.08356e+00 8.53676e-01 8.10506e-01 1.33943e+00 -4.29405e+00
9.00000e-02 6.43391e-01 2.49377e-01 1.09542e+00 8.40361e-01 8.10826e-01 1.35018e+00 -4.29433e+00
1.00000e-01 6.49241e-01 2.42553e-01 1.10614e+00 8.27499e-01 8.11182e-01 1.36217e+00 -4.29465e+00
1.10000e-01 6.57742e-01 2.32634e-01 1.11562e+00 8.15000e-01 8.11581e-01 1.37566e+00 -4.29500e+00
1.20000e-01 6.70462e-01 2.17795e-01 1.12374e+00 8.02769e-01 8.12032e-01 1.39093e+00 -4.29538e+00
1.30000e-01 6.89881e-01 1.95139e-01 1.13038e+00 7.90707e-01 8.12540e-01 1.40822e+00 -4.29581e+00
1.40000e-01 7.19110e-01 1.61038e-01 1.13539e+00 7.78723e-01 8.13106e-01 1.42754e+00 -4.29629e+00
1.50000e-01 7.58829e-01 1.14700e-01 1.13872e+00 7.66757e-01 8.13719e-01 1.44858e+00 -4.29679e+00
1.60000e-01 8.01490e-01 6.49284e-02 1.14043e+00 7.54804e-01 8.14360e-01 1.47066e+00 -4.29730e+00
1.70000e-01 8.33820e-01 2.72095e-02 1.14069e+00 7.42903e-01 8.15024e-01 1.49363e+00 -4.29782e+00
1.80000e-01 8.50206e-01 8.09322e-03 1.13961e+00 7.31021e-01 8.15739e-01 1.51853e+00 -4.29836e+00
1.90000e-01 8.55710e-01 1.67173e-03 1.13696e+00 7.18928e-01 8.16559e-01 1.54721e+00 -4.29896e+00
2.00000e-01 8.56941e-01 2.35897e-04 1.13203e+00 7.06116e-01 8.17531e-01 1.58144e+00 -4.29965e+00
2.10000e-01 8.57124e-01 2.23016e-05 1.12370e+00 6.91851e-01 8.18680e-01 1.62222e+00 -4.30043e+00
2.20000e-01 8.57142e-01 1.37859e-06 1.11074e+00 6.75500e-01 8.19982e-01 1.66884e+00 -4.30126e+00
2.30000e-01 8.57143e-01 5.50488e-08 1.09290e+00 6.57338e-01 8.21310e-01 1.71687e+00 -4.30206e+00
2.40000e-01 8.57143e-01 1.64813e-09 1.07178e+00 6.38999e-01 8.22420e-01 1.75738e+00 -4.30268e+00
2.50000e-01 8.57143e-01 9.73165e-11 1.04981e+00 6.22271e-01 8.23096e-01 1.78219e+00 -4.30304e+00
2.60000e-01 8.57143e-01 1.85676e-11 1.02842e+00 6.07825e-01 8.23364e-01 1.79207e+00 -4.30318e+00
2.70000e-01 8.57143e-01 4.65077e-12 1.00794e+00 5.95556e-01 8.23429e-01 1.79446e+00 -4.30321e+00
2.80000e-01 8.57143e-01 1.20320e-12 9.88381e-01 5.85191e-01 8.23439e-01 1.79482e+00 -4.30321e+00
2.90000e-01 8.57143e-01 3.10221e-13 9.69699e-01 5.76482e-01 8.23439e-01 1.79485e+00 -4.30321e+00
3.00000e-01 8.57143e-01 7.90374e-14 9.51874e-01 5.69204e-01 8.23439e-01 1.79485e+00 -4.30321e+00
3.10000e-01 8.57143e-01 1.99670e-14 9.34881e-01 5.63144e-01 8.23439e-01 1.79485e+00 -4.30321e+00
3.20000e-01 8.57143e-01 5.06201e-15 9.18685e-01 5.58093e-01 8.23439e-01 1.79485e+00 -4.30321e+00
3.30000e-01 8.57143e-01 1.31253e-15 9.03238e-01 5.53860e-01 8.23439e-01 1.79485e+00 -4.30321e+00
3.40000e-01 8.57143e-01 3.56773e-16 8.88487e-01 5.50283e-01 8.23439e-01 1.79485e+00 -4.30321e+00
3.50000e-01 8.57143e-01 1.04522e-16 8.74386e-01 5.47244e-01 8.23439e-01 1.79485e+00 -4.30321e+00
3.60000e-01 8.57143e-01 3.38144e-17 8.60900e-01 5.44655e-01 8.23439e-01 1.79485e+00 -4.30321e+00
3.70000e-01 8.57143e-01 1.22089e-17 8.47997e-01 5.42446e-01 8.23439e-01 1.79485e+00 -4.30321e+00
3.80000e-01 8.57143e-01 4.86651e-18 8.35651e-01 5.40560e-01 8.23439e-01 1.79485e+00 -4.30321e+00
3.90000e-01 8.57143e-01 2.07852e-18 8.23838e-01 5.38950e-01 8.23439e-01 1.79485e+00 -4.30321e+00
4.00000e-01 8.57143e-01 9.16330e-19 8.12535e-01 5.37574e-01 8.23439e-01 1.79485e+00 -4.30321e+00
4.10000e-01 8.57143e-01 4.03841e-19 8.01719e-01 5.36399e-01 8.23439e-01 1.79485e+00 -4.30321e+00
4.20000e-01 8.57143e-01 1.74861e-19 7.91370e-01 5.35394e-01 8.23439e-01 1.79485e+00 -4.30321e+00
4.30000e-01 8.57143e-01 7.44507e-20 7.81468e-01 5.34535e-01 8.23439e-01 1.79485e+00 -4.30321e+00
4.40000e-01 8.57143e-01 3.16503e-20 7.71992e-01 5.33800e-01 8.23439e-01 1.79485e+00 -4.30321e+00
4.50000e-01 8.57143e-01 1.37028e-20 7.62926e-01 5.33170e-01 8.23439e-01 1.79485e+00 -4.30321e+00
4.60000e-01 8.57143e-01 6.13036e-21 7.54251e-01 5.32631e-01 8.23439e-01 1.79485e+00 -4.30321e+00
4.70000e-01 8.57143e-01 2.85166e-21 7.45950e-01 5.32169e-01 8.23439e-01 1.79485e+00 -4.30321e+00
4.80000e-01 8.57143e-01 1.37981e-21 7.38007e-01 5.31773e-01 8.23439e-01 1.79485e+00 -4.30321e+00
4.90000e-01 8.57143e-01 6.93095e-22 7.30407e-01 5.31432e-01 8.23439e-01 1.79485e+00 -4.30321e+00
5.00000e-01 8.57143e-01 3.60517e-22 7.23136e-01 5.31140e-01 8.23439e-01 1.79485e+00 -4.30321e+00
5.10000e-01 8.57143e-01 1.93719e-22 7.16178e-01 5.30888e-01 8.23439e-01 1.79485e+00 -4.30321e+00
5.20000e-01 8.57143e-01 1.07294e-22 7.09520e-01 5.30672e-01 8.23439e-01 1.79485e+00 -4.30321e+00
5.30000e-01 8.57143e-01 6.11349e-23 7.03150e-01 5.30485e-01 8.23439e-01 1.79485e+00 -4.30321e+00
5.40000e-01 8.57143e-01 3.57718e-23 6.97055e-01 5.30324e-01 8.23439e-01 1.79485e+00 -4.30321e+00
5.50000e-01 8.57143e-01 2.14605e-23 6.91223e-01 5.30185e-01 8.23439e-01 1.79485e+00 -4.30321e+00
5.60000e-01 8.57143e-01 1.31813e-23 6.85643e-01 5.30064e-01 8.23439e-01 1.79485e+00 -4.30321e+00
5.70000e-01 8.57143e-01 8.27801e-24 6.80303e-01 5.29960e-01 8.23439e-01 1.79485e+00 -4.30321e+00
5.80000e-01 8.57143e-01 5.30907e-24 6.75195e-01 5.29869e-01 8.23439e-01 1.79485e+00 -4.30321e+00
5.90000e-01 8.57143e-01 3.47340e-24 6.70306e-01 5.29790e-01 8.23439e-01 1.79485e+00 -4.30321e+00
6.00000e-01 8.57143e-01 2.31575e-24 6.65629e-01 5.29721e-01 8.23439e-01 1.79485e+00 -4.30321e+00
6.10000e-01 8.57143e-01 1.57187e-24 6.61154e-01 5.29661e-01 8.23439e-01 1.79485e+00 -4.30321e+00
6.20000e-01 8.57143e-01 1.08530e-24 6.56872e-01 5.29608e-01 8.23439e-01 1.79485e+00 -4.30321e+00
6.30000e-01 8.57143e-01 7.61603e-25 6.52775e-01 5.29561e-01 8.23439e-01 1.79485e+00 -4.30321e+00
6.40000e-01 8.57143e-01 5.42779e-25 6.48854e-01 5.29520e-01 8.23439e-01 1.79485e+00 -4.30321e+00
6.50000e-01 8.57143e-01 3.92570e-25 6.45103e-01 5.29484e-01 8.23439e-01 1.79485e+00 -4.30321e+00
6.60000e-01 8.57143e-01 2.87950e-25 6.41514e-01 5.29452e-01 8.23439e-01 1.79485e+00 -4.30321e+00
6.70000e-01 8.57143e-01 2.14064e-25 6.38080e-01 5.29424e-01 8.23439e-01 1.79485e+00 -4.30321e+00
6.80000e-01 8.57143e-01 1.61188e-25 6.34794e-01 5.29399e-01 8.23439e-01 1.79485e+00 -4.30321e+00
6.90000e-01 8.57143e-01 1.22867e-25 6.31650e-01 5.29376e-01 8.23439e-01 1.79485e+00 -4.30321e+00
7.00000e-01 8.57143e-01 9.47581e-26 6.28642e-01 5.29356e-01 8.23439e-01 1.79485e+00 -4.30321e+00
7.10000e-01 8.57143e-01 7.39011e-26 6.25764e-01 5.29337e-01 8.23439e-01 1.79485e+00 -4.30321e+00
7.20000e-01 8.57143e-01 5.82540e-26 6.23010e-01 5.29321e-01 8.23439e-01 1.79485e+00 -4.30321e+00
7.30000e-01 8.57143e-01 4.63915e-26 6.20375e-01 5.29306e-01 8.23439e-01 1.79485e+00 -4.30321e+00
7.40000e-01 8.57143e-01 3.73074e-26 6.17853e-01 5.29292e-01 8.23439e-01 1.79485e+00 -4.30321e+00
7.50000e-01 8.57143e-01 3.02840e-26 6.15441e-01 5.29280e-01 8.23439e-01 1.79485e+00 -4.30321e+00
7.60000e-01 8.57143e-01 2.48036e-26 6.13133e-01 5.29268e-01 8.23439e-01 1.79485e+00 -4.30321e+00
7.70000e-01 8.57143e-01 2.04897e-26 6.10924e-01 5.29258e-01 8.23439e-01 1.79485e+00 -4.30321e+00
7.80000e-01 8.57143e-01 1.70652e-26 6.08811e-01 5.29248e-01 8.23439e-01 1.79485e+00 -4.30321e+00
7.90000e-01 8.57143e-01 1.43249e-26 6.06789e-01 5.29239e-01 8.23439e-01 1.79485e+00 -4.30321e+00
8.00000e-01 8.57143e-01 1.21152e-26 6.04854e-01 5.29231e-01 8.23439e-01 1.79485e+00 -4.30321e+00
8.10000e-01 8.57143e-01 1.03202e-26 6.03003e-01 5.29224e-01 8.23439e-01 1.79485e+00 -4.30321e+00
8.20000e-01 8.57143e-01 8.85181e-27 6.01232e-01 5.29217e-01 8.23439e-01 1.79485e+00 -4.30321e+00
8.30000e-01 8.57143e-01 7.64245e-27 5.99537e-01 5.29210e-01 8.23439e-01 1.79485e+00 -4.30321e+00
8.40000e-01 8.57143e-01 6.63999e-27 5.97915e-01 5.29204e-01 8.23439e-01 1.79485e+00 -4.30321e+00
8.50000e-01 8.57143e-01 5.80392e-27 5.96364e-01 5.29198e-01 8.23439e-01 1.79485e+00 -4.30321e+00
8.60000e-01 8.57143e-01 5.10247e-27 5.94879e-01 5.29192e-01 8.23439e-01 1.79485e+00 -4.30321e+00
8.70000e-01 8.57143e-01 4.51066e-27 5.93459e-01 5.29187e-01 8.23439e-01 1.79485e+00 -4.30321e+00
8.80000e-01 8.57143e-01 4.00863e-27 5.92100e-01 5.29183e-01 8.23439e-01 1.79485e+00 -4.30321e+00
8.90000e-01 8.57143e-01 3.58055e-27 5.90799e-01 5.29178e-01 8.23439e-01 1.79485e+00 -4.30321e+00
9.00000e-01 8.57143e-01 3.21372e-27 5.89555e-01 5.29174e-01 8.23439e-01 1.79485e+00 -4.30321e+00
9.10000e-01 8.57143e-01 2.89789e-27 5.88365e-01 5.29170e-01 8.23439e-01 1.79485e+00 -4.30321e+00
9.20000e-01 8.57143e-01 2.62473e-27 5.87225e-01 5.29166e-01 8.23439e-01 1.79485e+00 -4.30321e+00
9.30000e-01 8.57143e-01 2.38744e-27 5.86136e-01 5.29162e-01 8.23439e-01 1.79485e+00 -4.30321e+00
9.40000e-01 8.57143e-01 2.18046e-27 5.85093e-01 5.29159e-01 8.23439e-01 1.79485e+00 -4.30321e+00
9.50000e-01 8.57143e-01 1.99920e-27 5.84095e-01 5.29155e-01 8.23439e-01 1.79485e+00 -4.30321e+00
9.60000e-01 8.57143e-01 1.83985e-27 5.83140e-01 5.29152e-01 8.23439e-01 1.79485e+00 -4.30321e+00
9.70000e-01 8.57143e-01 1.69925e-27 5.82227e-01 5.29149e-01 8.23439e-01 1.79485e+00 -4.30321e+00
9.80000e-01 8.57143e-01 1.57478e-27 5.81353e-01 5.29147e-01 8.23439e-01 1.79485e+00 -4.30321e+00
9.90000e-01 8.57143e-01 1.46420e-27 5.80516e-01 5.29144e-01 8.23439e-01 1.79485e+00 -4.30321e+00
