# x AR CA ca co phi u v
0.00000e+00 6.00000e-01 3.00000e-01 4.99135e-01 4.99135e-01 8.00000e-01 1.00000e+00 -4.28317e+00
1.00000e-06 6.00106e-01 2.99876e-01 5.01047e-01 5.01047e-01 8.00035e-01 1.00110e+00 -4.28321e+00
3.67624e-06 6.00386e-01 2.99550e-01 5.06093e-01 5.06093e-01 8.00129e-01 1.00400e+00 -4.28332e+00
5.79057e-06 6.00603e-01 2.99296e-01 5.10006e-01 5.10006e-01 8.00201e-01 1.00625e+00 -4.28340e+00
7.90491e-06 6.00817e-01 2.99046e-01 5.13855e-01 5.13855e-01 8.00272e-01 1.00846e+00 -4.28349e+00
9.52806e-06 6.00979e-01 2.98857e-01 5.16768e-01 5.16768e-01 8.00326e-01 1.01014e+00 -4.28355e+00
1.11512e-05 6.01140e-01 2.98670e-01 5.19645e-01 5.19645e-01 8.00379e-01 1.01180e+00 -4.28361e+00
1.30871e-05 6.01328e-01 2.98450e-01 5.23030e-01 5.23030e-01 8.00442e-01 1.01375e+00 -4.28368e+00
1.45692e-05 6.01471e-01 2.98284e-01 5.25587e-01 5.25587e-01 8.00489e-01 1.01523e+00 -4.28374e+00
1.60514e-05 6.01612e-01 2.98119e-01 5.28117e-01 5.28117e-01 8.00536e-01 1.01669e+00 -4.28379e+00
1.78779e-05 6.01784e-01 2.97919e-01 5.31195e-01 5.31195e-01 8.00593e-01 1.01846e+00 -4.28386e+00
1.93653e-05 6.01922e-01 2.97758e-01 5.33670e-01 5.33670e-01 8.00639e-01 1.01989e+00 -4.28391e+00
2.08527e-05 6.02059e-01 2.97598e-01 5.36118e-01 5.36118e-01 8.00684e-01 1.02131e+00 -4.28396e+00
2.26114e-05 6.02219e-01 2.97411e-01 5.38978e-01 5.38978e-01 8.00737e-01 1.02296e+00 -4.28402e+00
2.40948e-05 6.02352e-01 2.97256e-01 5.41361e-01 5.41361e-01 8.00781e-01 1.02434e+00 -4.28407e+00
2.55783e-05 6.02484e-01 2.97102e-01 5.43718e-01 5.43718e-01 8.00825e-01 1.02570e+00 -4.28412e+00
2.72923e-05 6.02635e-01 2.96926e-01 5.46409e-01 5.46409e-01 8.00874e-01 1.02726e+00 -4.28418e+00
2.87894e-05 6.02765e-01 2.96774e-01 5.48732e-01 5.48732e-01 8.00917e-01 1.02861e+00 -4.28423e+00
3.02865e-05 6.02894e-01 2.96624e-01 5.51030e-01 5.51030e-01 8.00960e-01 1.02994e+00 -4.28428e+00
3.19692e-05 6.03037e-01 2.96457e-01 5.53583e-01 5.53583e-01 8.01007e-01 1.03142e+00 -4.28433e+00
3.36314e-05 6.03177e-01 2.96293e-01 5.56074e-01 5.56074e-01 8.01053e-01 1.03287e+00 -4.28438e+00
3.51359e-05 6.03302e-01 2.96147e-01 5.58303e-01 5.58303e-01 8.01095e-01 1.03416e+00 -4.28443e+00
3.65864e-05 6.03422e-01 2.96008e-01 5.60429e-01 5.60429e-01 8.01134e-01 1.03539e+00 -4.28448e+00
3.81335e-05 6.03548e-01 2.95861e-01 5.62672e-01 5.62672e-01 8.01176e-01 1.03670e+00 -4.28452e+00
3.97760e-05 6.03681e-01 2.95706e-01 5.65027e-01 5.65027e-01 8.01219e-01 1.03806e+00 -4.28457e+00
4.13747e-05 6.03808e-01 2.95557e-01 5.67293e-01 5.67293e-01 8.01261e-01 1.03938e+00 -4.28462e+00
4.28797e-05 6.03927e-01 2.95419e-01 5.69402e-01 5.69402e-01 8.01300e-01 1.04061e+00 -4.28467e+00
4.43758e-05 6.04044e-01 2.95282e-01 5.71477e-01 5.71477e-01 8.01339e-01 1.04181e+00 -4.28471e+00
4.59436e-05 6.04165e-01 2.95141e-01 5.73627e-01 5.73627e-01 8.01379e-01 1.04307e+00 -4.28475e+00
4.75529e-05 6.04288e-01 2.94997e-01 5.75811e-01 5.75811e-01 8.01419e-01 1.04434e+00 -4.28480e+00
4.91197e-05 6.04407e-01 2.94859e-01 5.77913e-01 5.77913e-01 8.01458e-01 1.04556e+00 -4.28484e+00
5.06353e-05 6.04520e-01 2.94726e-01 5.79924e-01 5.79924e-01 8.01496e-01 1.04673e+00 -4.28489e+00
5.21610e-05 6.04634e-01 2.94594e-01 5.81928e-01 5.81928e-01 8.01533e-01 1.04790e+00 -4.28493e+00
5.37335e-05 6.04749e-01 2.94459e-01 5.83971e-01 5.83971e-01 8.01571e-01 1.04909e+00 -4.28497e+00
5.53190e-05 6.04864e-01 2.94325e-01 5.86009e-01 5.86009e-01 8.01608e-01 1.05028e+00 -4.28501e+00
5.68716e-05 6.04976e-01 2.94195e-01 5.87983e-01 5.87983e-01 8.01645e-01 1.05143e+00 -4.28506e+00
5.83992e-05 6.05085e-01 2.94068e-01 5.89905e-01 5.89905e-01 8.01681e-01 1.05256e+00 -4.28510e+00
5.99418e-05 6.05194e-01 2.93941e-01 5.91826e-01 5.91826e-01 8.01716e-01 1.05368e+00 -4.28514e+00
6.15121e-05 6.05303e-01 2.93813e-01 5.93761e-01 5.93761e-01 8.01752e-01 1.05481e+00 -4.28518e+00
6.30823e-05 6.05412e-01 2.93686e-01 5.95675e-01 5.95675e-01 8.01788e-01 1.05593e+00 -4.28522e+00
6.46299e-05 6.05518e-01 2.93563e-01 5.97543e-01 5.97543e-01 8.01822e-01 1.05702e+00 -4.28525e+00
6.61674e-05 6.05622e-01 2.93441e-01 5.99379e-01 5.99379e-01 8.01857e-01 1.05809e+00 -4.28529e+00
6.77187e-05 6.05726e-01 2.93320e-01 6.01212e-01 6.01212e-01 8.01891e-01 1.05916e+00 -4.28533e+00
6.92845e-05 6.05830e-01 2.93199e-01 6.03044e-01 6.03044e-01 8.01925e-01 1.06023e+00 -4.28537e+00
7.08455e-05 6.05932e-01 2.93079e-01 6.04851e-01 6.04851e-01 8.01958e-01 1.06129e+00 -4.28541e+00
7.23926e-05 6.06033e-01 2.92961e-01 6.06624e-01 6.06624e-01 8.01991e-01 1.06233e+00 -4.28544e+00
7.39372e-05 6.06133e-01 2.92845e-01 6.08376e-01 6.08376e-01 8.02024e-01 1.06336e+00 -4.28548e+00
7.54920e-05 6.06232e-01 2.92729e-01 6.10122e-01 6.10122e-01 8.02056e-01 1.06438e+00 -4.28552e+00
7.70536e-05 6.06331e-01 2.92614e-01 6.11858e-01 6.11858e-01 8.02088e-01 1.06540e+00 -4.28555e+00
7.86097e-05 6.06428e-01 2.92500e-01 6.13571e-01 6.13571e-01 8.02120e-01 1.06640e+00 -4.28559e+00
8.01578e-05 6.06524e-01 2.92388e-01 6.15258e-01 6.15258e-01 8.02151e-01 1.06739e+00 -4.28562e+00
8.17068e-05 6.06620e-01 2.92277e-01 6.16929e-01 6.16929e-01 8.02182e-01 1.06837e+00 -4.28566e+00
8.32626e-05 6.06714e-01 2.92167e-01 6.18591e-01 6.18591e-01 8.02213e-01 1.06935e+00 -4.28569e+00
8.48208e-05 6.06808e-01 2.92057e-01 6.20239e-01 6.20239e-01 8.02244e-01 1.07031e+00 -4.28573e+00
8.63745e-05 6.06901e-01 2.91949e-01 6.21866e-01 6.21866e-01 8.02274e-01 1.07127e+00 -4.28576e+00
8.79241e-05 6.06993e-01 2.91842e-01 6.23473e-01 6.23473e-01 8.02304e-01 1.07221e+00 -4.28579e+00
8.94756e-05 6.07084e-01 2.91736e-01 6.25067e-01 6.25067e-01 8.02334e-01 1.07315e+00 -4.28583e+00
9.10311e-05 6.07174e-01 2.91630e-01 6.26649e-01 6.26649e-01 8.02363e-01 1.07408e+00 -4.28586e+00
9.25870e-05 6.07264e-01 2.91526e-01 6.28216e-01 6.28216e-01 8.02392e-01 1.07500e+00 -4.28589e+00
9.41396e-05 6.07352e-01 2.91423e-01 6.29766e-01 6.29766e-01 8.02421e-01 1.07591e+00 -4.28592e+00
9.56904e-05 6.07440e-01 2.91320e-01 6.31298e-01 6.31298e-01 8.02449e-01 1.07681e+00 -4.28595e+00
9.72431e-05 6.07527e-01 2.91219e-01 6.32818e-01 6.32818e-01 8.02478e-01 1.07771e+00 -4.28598e+00
9.87980e-05 6.07613e-01 2.91118e-01 6.34326e-01 6.34326e-01 8.02506e-01 1.07859e+00 -4.28602e+00
1.00352e-04 6.07698e-01 2.91019e-01 6.35818e-01 6.35818e-01 8.02534e-01 1.07947e+00 -4.28605e+00
1.01905e-04 6.07783e-01 2.90920e-01 6.37295e-01 6.37295e-01 8.02561e-01 1.08034e+00 -4.28608e+00
1.03456e-04 6.07866e-01 2.90823e-01 6.38758e-01 6.38758e-01 8.02588e-01 1.08120e+00 -4.28611e+00
1.05009e-04 6.07949e-01 2.90726e-01 6.40208e-01 6.40208e-01 8.02615e-01 1.08206e+00 -4.28614e+00
1.06563e-04 6.08032e-01 2.90630e-01 6.41646e-01 6.41646e-01 8.02642e-01 1.08290e+00 -4.28617e+00
1.08117e-04 6.08113e-01 2.90534e-01 6.43070e-01 6.43070e-01 8.02668e-01 1.08374e+00 -4.28620e+00
1.09669e-04 6.08194e-01 2.90440e-01 6.44480e-01 6.44480e-01 8.02695e-01 1.08457e+00 -4.28622e+00
1.11221e-04 6.08274e-01 2.90347e-01 6.45876e-01 6.45876e-01 8.02721e-01 1.08540e+00 -4.28625e+00
1.12774e-04 6.08354e-01 2.90254e-01 6.47261e-01 6.47261e-01 8.02746e-01 1.08622e+00 -4.28628e+00
1.14328e-04 6.08433e-01 2.90162e-01 6.48634e-01 6.48634e-01 8.02772e-01 1.08703e+00 -4.28631e+00
1.15881e-04 6.08511e-01 2.90071e-01 6.49994e-01 6.49994e-01 8.02797e-01 1.08783e+00 -4.28634e+00
1.17433e-04 6.08588e-01 2.89981e-01 6.51341e-01 6.51341e-01 8.02822e-01 1.08862e+00 -4.28636e+00
1.18985e-04 6.08665e-01 2.89891e-01 6.52676e-01 6.52676e-01 8.02847e-01 1.08941e+00 -4.28639e+00
1.20538e-04 6.08741e-01 2.89802e-01 6.53999e-01 6.53999e-01 8.02872e-01 1.09019e+00 -4.28642e+00
1.22091e-04 6.08816e-01 2.89715e-01 6.55311e-01 6.55311e-01 8.02896e-01 1.09097e+00 -4.28645e+00
1.23643e-04 6.08891e-01 2.89627e-01 6.56611e-01 6.56611e-01 8.02920e-01 1.09174e+00 -4.28647e+00
1.25196e-04 6.08965e-01 2.89541e-01 6.57899e-01 6.57899e-01 8.02944e-01 1.09250e+00 -4.28650e+00
1.26748e-04 6.09038e-01 2.89455e-01 6.59176e-01 6.59176e-01 8.02968e-01 1.09325e+00 -4.28652e+00
1.28301e-04 6.09111e-01 2.89370e-01 6.60442e-01 6.60442e-01 8.02992e-01 1.09400e+00 -4.28655e+00
1.29853e-04 6.09184e-01 2.89286e-01 6.61697e-01 6.61697e-01 8.03015e-01 1.09474e+00 -4.28658e+00
1.31405e-04 6.09255e-01 2.89202e-01 6.62941e-01 6.62941e-01 8.03038e-01 1.09548e+00 -4.28660e+00
1.32957e-04 6.09326e-01 2.89119e-01 6.64174e-01 6.64174e-01 8.03061e-01 1.09621e+00 -4.28663e+00
1.34510e-04 6.09397e-01 2.89037e-01 6.65396e-01 6.65396e-01 8.03084e-01 1.09693e+00 -4.28665e+00
1.36062e-04 6.09466e-01 2.88956e-01 6.66608e-01 6.66608e-01 8.03106e-01 1.09765e+00 -4.28668e+00
1.37614e-04 6.09536e-01 2.88875e-01 6.67810e-01 6.67810e-01 8.03129e-01 1.09836e+00 -4.28670e+00
1.39166e-04 6.09604e-01 2.88795e-01 6.69002e-01 6.69002e-01 8.03151e-01 1.09907e+00 -4.28672e+00
1.40718e-04 6.09673e-01 2.88715e-01 6.70183e-01 6.70183e-01 8.03173e-01 1.09977e+00 -4.28675e+00
1.42270e-04 6.09740e-01 2.88636e-01 6.71354e-01 6.71354e-01 8.03195e-01 1.10046e+00 -4.28677e+00
1.43822e-04 6.09807e-01 2.88558e-01 6.72516e-01 6.72516e-01 8.03216e-01 1.10115e+00 -4.28680e+00
1.45374e-04 6.09874e-01 2.88481e-01 6.73668e-01 6.73668e-01 8.03238e-01 1.10183e+00 -4.28682e+00
1.46926e-04 6.09940e-01 2.88404e-01 6.74810e-01 6.74810e-01 8.03259e-01 1.10251e+00 -4.28684e+00
1.48478e-04 6.10005e-01 2.88327e-01 6.75942e-01 6.75942e-01 8.03280e-01 1.10318e+00 -4.28686e+00
1.50029e-04 6.10070e-01 2.88252e-01 6.77066e-01 6.77066e-01 8.03301e-01 1.10385e+00 -4.28689e+00
1.51581e-04 6.10134e-01 2.88177e-01 6.78180e-01 6.78180e-01 8.03322e-01 1.10451e+00 -4.28691e+00
1.53133e-04 6.10198e-01 2.88102e-01 6.79284e-01 6.79284e-01 8.03343e-01 1.10516e+00 -4.28693e+00
1.54684e-04 6.10262e-01 2.88028e-01 6.80380e-01 6.80380e-01 8.03363e-01 1.10581e+00 -4.28695e+00
1.56236e-04 6.10324e-01 2.87955e-01 6.81467e-01 6.81467e-01 8.03383e-01 1.10646e+00 -4.28698e+00
1.57787e-04 6.10387e-01 2.87882e-01 6.82545e-01 6.82545e-01 8.03403e-01 1.10710e+00 -4.28700e+00
1.59339e-04 6.10449e-01 2.87810e-01 6.83615e-01 6.83615e-01 8.03423e-01 1.10773e+00 -4.28702e+00
1.60890e-04 6.10510e-01 2.87738e-01 6.84675e-01 6.84675e-01 8.03443e-01 1.10836e+00 -4.28704e+00
1.62442e-04 6.10571e-01 2.87667e-01 6.85728e-01 6.85728e-01 8.03463e-01 1.10899e+00 -4.28706e+00
1.63993e-04 6.10631e-01 2.87597e-01 6.86771e-01 6.86771e-01 8.03482e-01 1.10961e+00 -4.28708e+00
1.65544e-04 6.10691e-01 2.87527e-01 6.87807e-01 6.87807e-01 8.03501e-01 1.11022e+00 -4.28710e+00
1.67096e-04 6.10751e-01 2.87457e-01 6.88834e-01 6.88834e-01 8.03521e-01 1.11084e+00 -4.28712e+00
1.68647e-04 6.10810e-01 2.87388e-01 6.89853e-01 6.89853e-01 8.03540e-01 1.11144e+00 -4.28715e+00
1.70198e-04 6.10869e-01 2.87320e-01 6.90865e-01 6.90865e-01 8.03558e-01 1.11204e+00 -4.28717e+00
1.71749e-04 6.10927e-01 2.87252e-01 6.91868e-01 6.91868e-01 8.03577e-01 1.11264e+00 -4.28719e+00
1.73300e-04 6.10984e-01 2.87185e-01 6.92863e-01 6.92863e-01 8.03596e-01 1.11323e+00 -4.28721e+00
1.74851e-04 6.11042e-01 2.87118e-01 6.93851e-01 6.93851e-01 8.03614e-01 1.11382e+00 -4.28723e+00
1.76402e-04 6.11099e-01 2.87052e-01 6.94831e-01 6.94831e-01 8.03632e-01 1.11440e+00 -4.28725e+00
1.77953e-04 6.11155e-01 2.86986e-01 6.95804e-01 6.95804e-01 8.03650e-01 1.11498e+00 -4.28726e+00
1.79504e-04 6.11211e-01 2.86920e-01 6.96769e-01 6.96769e-01 8.03668e-01 1.11556e+00 -4.28728e+00
1.81055e-04 6.11267e-01 2.86856e-01 6.97726e-01 6.97726e-01 8.03686e-01 1.11613e+00 -4.28730e+00
1.82606e-04 6.11322e-01 2.86791e-01 6.98677e-01 6.98677e-01 8.03704e-01 1.11669e+00 -4.28732e+00
1.84156e-04 6.11377e-01 2.86727e-01 6.99620e-01 6.99620e-01 8.03722e-01 1.11725e+00 -4.28734e+00
1.85707e-04 6.11431e-01 2.86664e-01 7.00556e-01 7.00556e-01 8.03739e-01 1.11781e+00 -4.28736e+00
1.87258e-04 6.11485e-01 2.86601e-01 7.01485e-01 7.01485e-01 8.03756e-01 1.11836e+00 -4.28738e+00
1.88808e-04 6.11539e-01 2.86538e-01 7.02407e-01 7.02407e-01 8.03774e-01 1.11891e+00 -4.28740e+00
1.90359e-04 6.11592e-01 2.86476e-01 7.03322e-01 7.03322e-01 8.03791e-01 1.11946e+00 -4.28742e+00
1.91909e-04 6.11645e-01 2.86415e-01 7.04230e-01 7.04230e-01 8.03808e-01 1.12000e+00 -4.28743e+00
1.93460e-04 6.11697e-01 2.86353e-01 7.05131e-01 7.05131e-01 8.03824e-01 1.12054e+00 -4.28745e+00
1.95010e-04 6.11749e-01 2.86293e-01 7.06026e-01 7.06026e-01 8.03841e-01 1.12107e+00 -4.28747e+00
1.96561e-04 6.11801e-01 2.86232e-01 7.06914e-01 7.06914e-01 8.03858e-01 1.12160e+00 -4.28749e+00
1.98111e-04 6.11852e-01 2.86173e-01 7.07796e-01 7.07796e-01 8.03874e-01 1.12213e+00 -4.28751e+00
1.99661e-04 6.11903e-01 2.86113e-01 7.08671e-01 7.08671e-01 8.03890e-01 1.12265e+00 -4.28752e+00
2.01212e-04 6.11954e-01 2.86054e-01 7.09540e-01 7.09540e-01 8.03907e-01 1.12317e+00 -4.28754e+00
2.02762e-04 6.12004e-01 2.85996e-01 7.10403e-01 7.10403e-01 8.03923e-01 1.12368e+00 -4.28756e+00
2.04312e-04 6.12054e-01 2.85937e-01 7.11259e-01 7.11259e-01 8.03939e-01 1.12419e+00 -4.28757e+00
2.05862e-04 6.12103e-01 2.85880e-01 7.12110e-01 7.12110e-01 8.03955e-01 1.12470e+00 -4.28759e+00
2.07412e-04 6.12152e-01 2.85822e-01 7.12954e-01 7.12954e-01 8.03970e-01 1.12521e+00 -4.28761e+00
2.08962e-04 6.12201e-01 2.85765e-01 7.13792e-01 7.13792e-01 8.03986e-01 1.12571e+00 -4.28762e+00
2.10512e-04 6.12250e-01 2.85709e-01 7.14624e-01 7.14624e-01 8.04002e-01 1.12620e+00 -4.28764e+00
2.12062e-04 6.12298e-01 2.85652e-01 7.15450e-01 7.15450e-01 8.04017e-01 1.12670e+00 -4.28766e+00
2.13612e-04 6.12346e-01 2.85597e-01 7.16270e-01 7.16270e-01 8.04032e-01 1.12719e+00 -4.28767e+00
2.15162e-04 6.12393e-01 2.85541e-01 7.17085e-01 7.17085e-01 8.04047e-01 1.12767e+00 -4.28769e+00
2.16712e-04 6.12440e-01 2.85486e-01 7.17894e-01 7.17894e-01 8.04063e-01 1.12816e+00 -4.28771e+00
2.18261e-04 6.12487e-01 2.85431e-01 7.18697e-01 7.18697e-01 8.04078e-01 1.12864e+00 -4.28772e+00
2.19811e-04 6.12534e-01 2.85377e-01 7.19494e-01 7.19494e-01 8.04092e-01 1.12911e+00 -4.28774e+00
2.21361e-04 6.12580e-01 2.85323e-01 7.20286e-01 7.20286e-01 8.04107e-01 1.12959e+00 -4.28775e+00
2.22910e-04 6.12626e-01 2.85270e-01 7.21073e-01 7.21073e-01 8.04122e-01 1.13006e+00 -4.28777e+00
2.24460e-04 6.12672e-01 2.85216e-01 7.21854e-01 7.21854e-01 8.04137e-01 1.13052e+00 -4.28779e+00
2.26009e-04 6.12717e-01 2.85164e-01 7.22630e-01 7.22630e-01 8.04151e-01 1.13099e+00 -4.28780e+00
2.27559e-04 6.12762e-01 2.85111e-01 7.23400e-01 7.23400e-01 8.04165e-01 1.13145e+00 -4.28782e+00
2.29108e-04 6.12807e-01 2.85059e-01 7.24165e-01 7.24165e-01 8.04180e-01 1.13191e+00 -4.28783e+00
2.30658e-04 6.12851e-01 2.85007e-01 7.24925e-01 7.24925e-01 8.04194e-01 1.13236e+00 -4.28785e+00
2.32207e-04 6.12895e-01 2.84956e-01 7.25680e-01 7.25680e-01 8.04208e-01 1.13281e+00 -4.28786e+00
2.33756e-04 6.12939e-01 2.84904e-01 7.26430e-01 7.26430e-01 8.04222e-01 1.13326e+00 -4.28788e+00
2.35306e-04 6.12983e-01 2.84854e-01 7.27174e-01 7.27174e-01 8.04236e-01 1.13371e+00 -4.28789e+00
2.36855e-04 6.13026e-01 2.84803e-01 7.27914e-01 7.27914e-01 8.04250e-01 1.13415e+00 -4.28791e+00
2.38404e-04 6.13069e-01 2.84753e-01 7.28649e-01 7.28649e-01 8.04263e-01 1.13459e+00 -4.28792e+00
2.39953e-04 6.13111e-01 2.84703e-01 7.29379e-01 7.29379e-01 8.04277e-01 1.13503e+00 -4.28793e+00
2.41502e-04 6.13154e-01 2.84654e-01 7.30104e-01 7.30104e-01 8.04291e-01 1.13546e+00 -4.28795e+00
2.43051e-04 6.13196e-01 2.84605e-01 7.30824e-01 7.30824e-01 8.04304e-01 1.13589e+00 -4.28796e+00
2.44600e-04 6.13238e-01 2.84556e-01 7.31540e-01 7.31540e-01 8.04317e-01 1.13632e+00 -4.28798e+00
2.46149e-04 6.13280e-01 2.84507e-01 7.32250e-01 7.32250e-01 8.04331e-01 1.13675e+00 -4.28799e+00
2.47698e-04 6.13321e-01 2.84459e-01 7.32957e-01 7.32957e-01 8.04344e-01 1.13717e+00 -4.28801e+00
2.49247e-04 6.13362e-01 2.84411e-01 7.33658e-01 7.33658e-01 8.04357e-01 1.13759e+00 -4.28802e+00
2.50796e-04 6.13403e-01 2.84363e-01 7.34355e-01 7.34355e-01 8.04370e-01 1.13801e+00 -4.28803e+00
2.52345e-04 6.13443e-01 2.84316e-01 7.35048e-01 7.35048e-01 8.04383e-01 1.13842e+00 -4.28805e+00
2.53893e-04 6.13484e-01 2.84269e-01 7.35736e-01 7.35736e-01 8.04396e-01 1.13884e+00 -4.28806e+00
2.55442e-04 6.13524e-01 2.84222e-01 7.36419e-01 7.36419e-01 8.04409e-01 1.13925e+00 -4.28807e+00
2.56991e-04 6.13563e-01 2.84176e-01 7.37098e-01 7.37098e-01 8.04421e-01 1.13965e+00 -4.28809e+00
2.58539e-04 6.13603e-01 2.84130e-01 7.37773e-01 7.37773e-01 8.04434e-01 1.14006e+00 -4.28810e+00
2.60088e-04 6.13642e-01 2.84084e-01 7.38444e-01 7.38444e-01 8.04446e-01 1.14046e+00 -4.28811e+00
2.61636e-04 6.13681e-01 2.84038e-01 7.39110e-01 7.39110e-01 8.04459e-01 1.14086e+00 -4.28813e+00
2.63185e-04 6.13720e-01 2.83993e-01 7.39772e-01 7.39772e-01 8.04471e-01 1.14126e+00 -4.28814e+00
2.64733e-04 6.13759e-01 2.83948e-01 7.40430e-01 7.40430e-01 8.04483e-01 1.14165e+00 -4.28815e+00
2.66282e-04 6.13797e-01 2.83903e-01 7.41084e-01 7.41084e-01 8.04496e-01 1.14205e+00 -4.28817e+00
2.67830e-04 6.13835e-01 2.83859e-01 7.41734e-01 7.41734e-01 8.04508e-01 1.14244e+00 -4.28818e+00
2.69378e-04 6.13873e-01 2.83815e-01 7.42379e-01 7.42379e-01 8.04520e-01 1.14282e+00 -4.28819e+00
2.70926e-04 6.13911e-01 2.83771e-01 7.43021e-01 7.43021e-01 8.04532e-01 1.14321e+00 -4.28820e+00
2.72475e-04 6.13948e-01 2.83727e-01 7.43659e-01 7.43659e-01 8.04544e-01 1.14359e+00 -4.28822e+00
2.74023e-04 6.13985e-01 2.83684e-01 7.44292e-01 7.44292e-01 8.04556e-01 1.14397e+00 -4.28823e+00
2.75571e-04 6.14022e-01 2.83640e-01 7.44922e-01 7.44922e-01 8.04567e-01 1.14435e+00 -4.28824e+00
2.77119e-04 6.14059e-01 2.83598e-01 7.45548e-01 7.45548e-01 8.04579e-01 1.14473e+00 -4.28825e+00
2.78667e-04 6.14096e-01 2.83555e-01 7.46170e-01 7.46170e-01 8.04591e-01 1.14510e+00 -4.28827e+00
2.80215e-04 6.14132e-01 2.83513e-01 7.46789e-01 7.46789e-01 8.04602e-01 1.14547e+00 -4.28828e+00
2.81763e-04 6.14168e-01 2.83470e-01 7.47403e-01 7.47403e-01 8.04614e-01 1.14584e+00 -4.28829e+00
2.83311e-04 6.14204e-01 2.83429e-01 7.48014e-01 7.48014e-01 8.04625e-01 1.14621e+00 -4.28830e+00
2.84859e-04 6.14240e-01 2.83387e-01 7.48621e-01 7.48621e-01 8.04637e-01 1.14657e+00 -4.28831e+00
2.86407e-04 6.14275e-01 2.83346e-01 7.49225e-01 7.49225e-01 8.04648e-01 1.14694e+00 -4.28833e+00
2.87955e-04 6.14310e-01 2.83304e-01 7.49825e-01 7.49825e-01 8.04659e-01 1.14730e+00 -4.28834e+00
2.89502e-04 6.14346e-01 2.83264e-01 7.50421e-01 7.50421e-01 8.04670e-01 1.14765e+00 -4.28835e+00
2.91050e-04 6.14380e-01 2.83223e-01 7.51014e-01 7.51014e-01 8.04681e-01 1.14801e+00 -4.28836e+00
2.92598e-04 6.14415e-01 2.83182e-01 7.51603e-01 7.51603e-01 8.04692e-01 1.14836e+00 -4.28837e+00
2.94145e-04 6.14450e-01 2.83142e-01 7.52189e-01 7.52189e-01 8.04703e-01 1.14872e+00 -4.28838e+00
2.95693e-04 6.14484e-01 2.83102e-01 7.52771e-01 7.52771e-01 8.04714e-01 1.14907e+00 -4.28840e+00
2.97241e-04 6.14518e-01 2.83063e-01 7.53350e-01 7.53350e-01 8.04725e-01 1.14942e+00 -4.28841e+00
2.98788e-04 6.14552e-01 2.83023e-01 7.53926e-01 7.53926e-01 8.04736e-01 1.14976e+00 -4.28842e+00
3.00336e-04 6.14585e-01 2.82984e-01 7.54498e-01 7.54498e-01 8.04746e-01 1.15011e+00 -4.28843e+00
3.01883e-04 6.14619e-01 2.82945e-01 7.55067e-01 7.55067e-01 8.04757e-01 1.15045e+00 -4.28844e+00
3.03430e-04 6.14652e-01 2.82906e-01 7.55632e-01 7.55632e-01 8.04768e-01 1.15079e+00 -4.28845e+00
3.04978e-04 6.14685e-01 2.82867e-01 7.56194e-01 7.56194e-01 8.04778e-01 1.15113e+00 -4.28846e+00
3.06525e-04 6.14718e-01 2.82829e-01 7.56753e-01 7.56753e-01 8.04789e-01 1.15146e+00 -4.28847e+00
3.08072e-04 6.14751e-01 2.82791e-01 7.57309e-01 7.57309e-01 8.04799e-01 1.15180e+00 -4.28849e+00
3.09620e-04 6.14783e-01 2.82753e-01 7.57862e-01 7.57862e-01 8.04809e-01 1.15213e+00 -4.28850e+00
3.11167e-04 6.14816e-01 2.82715e-01 7.58411e-01 7.58411e-01 8.04820e-01 1.15246e+00 -4.28851e+00
3.12714e-04 6.14848e-01 2.82677e-01 7.58957e-01 7.58957e-01 8.04830e-01 1.15279e+00 -4.28852e+00
3.14261e-04 6.14880e-01 2.82640e-01 7.59501e-01 7.59501e-01 8.04840e-01 1.15312e+00 -4.28853e+00
3.15808e-04 6.14912e-01 2.82603e-01 7.60041e-01 7.60041e-01 8.04850e-01 1.15344e+00 -4.28854e+00
3.17355e-04 6.14943e-01 2.82566e-01 7.60578e-01 7.60578e-01 8.04860e-01 1.15377e+00 -4.28855e+00
3.18902e-04 6.14975e-01 2.82529e-01 7.61112e-01 7.61112e-01 8.04870e-01 1.15409e+00 -4.28856e+00
3.20449e-04 6.15006e-01 2.82493e-01 7.61643e-01 7.61643e-01 8.04880e-01 1.15441e+00 -4.28857e+00
3.21996e-04 6.15037e-01 2.82456e-01 7.62171e-01 7.62171e-01 8.04890e-01 1.15473e+00 -4.28858e+00
3.23543e-04 6.15068e-01 2.82420e-01 7.62696e-01 7.62696e-01 8.04900e-01 1.15504e+00 -4.28859e+00
3.25090e-04 6.15099e-01 2.82384e-01 7.63218e-01 7.63218e-01 8.04909e-01 1.15536e+00 -4.28860e+00
3.26636e-04 6.15130e-01 2.82349e-01 7.63738e-01 7.63738e-01 8.04919e-01 1.15567e+00 -4.28861e+00
3.28183e-04 6.15160e-01 2.82313e-01 7.64254e-01 7.64254e-01 8.04929e-01 1.15598e+00 -4.28862e+00
3.29730e-04 6.15190e-01 2.82278e-01 7.64768e-01 7.64768e-01 8.04938e-01 1.15629e+00 -4.28863e+00
3.31277e-04 6.15221e-01 2.82243e-01 7.65278e-01 7.65278e-01 8.04948e-01 1.15660e+00 -4.28864e+00
3.32823e-04 6.15251e-01 2.82208e-01 7.65786e-01 7.65786e-01 8.04958e-01 1.15691e+00 -4.28865e+00
3.34370e-04 6.15280e-01 2.82173e-01 7.66292e-01 7.66292e-01 8.04967e-01 1.15721e+00 -4.28866e+00
3.35916e-04 6.15310e-01 2.82138e-01 7.66794e-01 7.66794e-01 8.04976e-01 1.15751e+00 -4.28867e+00
3.37463e-04 6.15340e-01 2.82104e-01 7.67294e-01 7.67294e-01 8.04986e-01 1.15781e+00 -4.28868e+00
3.39009e-04 6.15369e-01 2.82070e-01 7.67791e-01 7.67791e-01 8.04995e-01 1.15811e+00 -4.28869e+00
3.40556e-04 6.15398e-01 2.82036e-01 7.68285e-01 7.68285e-01 8.05004e-01 1.15841e+00 -4.28870e+00
3.42102e-04 6.15427e-01 2.82002e-01 7.68777e-01 7.68777e-01 8.05013e-01 1.15871e+00 -4.28871e+00
3.43648e-04 6.15456e-01 2.81968e-01 7.69266e-01 7.69266e-01 8.05023e-01 1.15900e+00 -4.28872e+00
3.45195e-04 6.15485e-01 2.81934e-01 7.69752e-01 7.69752e-01 8.05032e-01 1.15930e+00 -4.28873e+00
3.46741e-04 6.15513e-01 2.81901e-01 7.70236e-01 7.70236e-01 8.05041e-01 1.15959e+00 -4.28874e+00
3.48287e-04 6.15542e-01 2.81868e-01 7.70717e-01 7.70717e-01 8.05050e-01 1.15988e+00 -4.28875e+00
3.49834e-04 6.15570e-01 2.81835e-01 7.71196e-01 7.71196e-01 8.05059e-01 1.16017e+00 -4.28876e+00
3.51380e-04 6.15598e-01 2.81802e-01 7.71672e-01 7.71672e-01 8.05068e-01 1.16046e+00 -4.28877e+00
3.52926e-04 6.15626e-01 2.81769e-01 7.72146e-01 7.72146e-01 8.05077e-01 1.16074e+00 -4.28878e+00
3.54472e-04 6.15654e-01 2.81737e-01 7.72617e-01 7.72617e-01 8.05085e-01 1.16103e+00 -4.28878e+00
3.56018e-04 6.15682e-01 2.81705e-01 7.73086e-01 7.73086e-01 8.05094e-01 1.16131e+00 -4.28879e+00
3.57564e-04 6.15709e-01 2.81672e-01 7.73552e-01 7.73552e-01 8.05103e-01 1.16159e+00 -4.28880e+00
3.59110e-04 6.15737e-01 2.81640e-01 7.74016e-01 7.74016e-01 8.05112e-01 1.16187e+00 -4.28881e+00
3.60656e-04 6.15764e-01 2.81609e-01 7.74478e-01 7.74478e-01 8.05120e-01 1.16215e+00 -4.28882e+00
3.62202e-04 6.15791e-01 2.81577e-01 7.74937e-01 7.74937e-01 8.05129e-01 1.16243e+00 -4.28883e+00
3.63748e-04 6.15818e-01 2.81545e-01 7.75393e-01 7.75393e-01 8.05137e-01 1.16270e+00 -4.28884e+00
3.65293e-04 6.15845e-01 2.81514e-01 7.75848e-01 7.75848e-01 8.05146e-01 1.16298e+00 -4.28885e+00
3.66839e-04 6.15872e-01 2.81483e-01 7.76300e-01 7.76300e-01 8.05154e-01 1.16325e+00 -4.28886e+00
3.68385e-04 6.15898e-01 2.81452e-01 7.76749e-01 7.76749e-01 8.05163e-01 1.16352e+00 -4.28887e+00
3.69931e-04 6.15925e-01 2.81421e-01 7.77197e-01 7.77197e-01 8.05171e-01 1.16379e+00 -4.28887e+00
3.71476e-04 6.15951e-01 2.81390e-01 7.77642e-01 7.77642e-01 8.05179e-01 1.16406e+00 -4.28888e+00
3.73022e-04 6.15977e-01 2.81360e-01 7.78085e-01 7.78085e-01 8.05188e-01 1.16433e+00 -4.28889e+00
3.74567e-04 6.16003e-01 2.81329e-01 7.78525e-01 7.78525e-01 8.05196e-01 1.16460e+00 -4.28890e+00
3.76113e-04 6.16029e-01 2.81299e-01 7.78964e-01 7.78964e-01 8.05204e-01 1.16486e+00 -4.28891e+00
3.77659e-04 6.16055e-01 2.81269e-01 7.79400e-01 7.79400e-01 8.05212e-01 1.16512e+00 -4.28892e+00
3.79204e-04 6.16081e-01 2.81239e-01 7.79834e-01 7.79834e-01 8.05220e-01 1.16539e+00 -4.28892e+00
3.80749e-04 6.16107e-01 2.81209e-01 7.80266e-01 7.80266e-01 8.05228e-01 1.16565e+00 -4.28893e+00
3.82295e-04 6.16132e-01 2.81179e-01 7.80695e-01 7.80695e-01 8.05237e-01 1.16591e+00 -4.28894e+00
3.83840e-04 6.16157e-01 2.81150e-01 7.81123e-01 7.81123e-01 8.05245e-01 1.16617e+00 -4.28895e+00
3.85386e-04 6.16182e-01 2.81120e-01 7.81548e-01 7.81548e-01 8.05252e-01 1.16642e+00 -4.28896e+00
3.86931e-04 6.16208e-01 2.81091e-01 7.81972e-01 7.81972e-01 8.05260e-01 1.16668e+00 -4.28897e+00
3.88476e-04 6.16232e-01 2.81062e-01 7.82393e-01 7.82393e-01 8.05268e-01 1.16693e+00 -4.28897e+00
3.90021e-04 6.16257e-01 2.81033e-01 7.82812e-01 7.82812e-01 8.05276e-01 1.16719e+00 -4.28898e+00
3.91566e-04 6.16282e-01 2.81004e-01 7.83229e-01 7.83229e-01 8.05284e-01 1.16744e+00 -4.28899e+00
3.93112e-04 6.16307e-01 2.80976e-01 7.83644e-01 7.83644e-01 8.05292e-01 1.16769e+00 -4.28900e+00
3.94657e-04 6.16331e-01 2.80947e-01 7.84057e-01 7.84057e-01 8.05299e-01 1.16794e+00 -4.28901e+00
3.96202e-04 6.16355e-01 2.80919e-01 7.84468e-01 7.84468e-01 8.05307e-01 1.16819e+00 -4.28901e+00
3.97747e-04 6.16380e-01 2.80890e-01 7.84877e-01 7.84877e-01 8.05315e-01 1.16844e+00 -4.28902e+00
3.99292e-04 6.16404e-01 2.80862e-01 7.85284e-01 7.85284e-01 8.05322e-01 1.16868e+00 -4.28903e+00
4.00837e-04 6.16428e-01 2.80834e-01 7.85689e-01 7.85689e-01 8.05330e-01 1.16893e+00 -4.28904e+00
4.02382e-04 6.16452e-01 2.80806e-01 7.86092e-01 7.86092e-01 8.05338e-01 1.16917e+00 -4.28905e+00
4.03926e-04 6.16476e-01 2.80779e-01 7.86494e-01 7.86494e-01 8.05345e-01 1.16941e+00 -4.28905e+00
4.05471e-04 6.16499e-01 2.80751e-01 7.86893e-01 7.86893e-01 8.05353e-01 1.16966e+00 -4.28906e+00
4.07016e-04 6.16523e-01 2.80723e-01 7.87290e-01 7.87290e-01 8.05360e-01 1.16990e+00 -4.28907e+00
4.08561e-04 6.16546e-01 2.80696e-01 7.87686e-01 7.87686e-01 8.05367e-01 1.17014e+00 -4.28908e+00
4.10106e-04 6.16570e-01 2.80669e-01 7.88079e-01 7.88079e-01 8.05375e-01 1.17037e+00 -4.28908e+00
4.11650e-04 6.16593e-01 2.80642e-01 7.88471e-01 7.88471e-01 8.05382e-01 1.17061e+00 -4.28909e+00
4.13195e-04 6.16616e-01 2.80615e-01 7.88861e-01 7.88861e-01 8.05389e-01 1.17085e+00 -4.28910e+00
4.14739e-04 6.16639e-01 2.80588e-01 7.89249e-01 7.89249e-01 8.05397e-01 1.17108e+00 -4.28911e+00
4.16284e-04 6.16662e-01 2.80561e-01 7.89635e-01 7.89635e-01 8.05404e-01 1.17132e+00 -4.28911e+00
4.17829e-04 6.16685e-01 2.80534e-01 7.90019e-01 7.90019e-01 8.05411e-01 1.17155e+00 -4.28912e+00
4.19373e-04 6.16707e-01 2.80508e-01 7.90402e-01 7.90402e-01 8.05418e-01 1.17178e+00 -4.28913e+00
4.20918e-04 6.16730e-01 2.80482e-01 7.90783e-01 7.90783e-01 8.05425e-01 1.17201e+00 -4.28914e+00
4.22462e-04 6.16753e-01 2.80455e-01 7.91162e-01 7.91162e-01 8.05433e-01 1.17224e+00 -4.28914e+00
4.24006e-04 6.16775e-01 2.80429e-01 7.91539e-01 7.91539e-01 8.05440e-01 1.17247e+00 -4.28915e+00
4.25551e-04 6.16797e-01 2.80403e-01 7.91915e-01 7.91915e-01 8.05447e-01 1.17270e+00 -4.28916e+00
4.27095e-04 6.16819e-01 2.80377e-01 7.92288e-01 7.92288e-01 8.05454e-01 1.17292e+00 -4.28917e+00
4.28639e-04 6.16842e-01 2.80352e-01 7.92661e-01 7.92661e-01 8.05461e-01 1.17315e+00 -4.28917e+00
4.30184e-04 6.16864e-01 2.80326e-01 7.93031e-01 7.93031e-01 8.05468e-01 1.17337e+00 -4.28918e+00
4.31728e-04 6.16885e-01 2.80300e-01 7.93400e-01 7.93400e-01 8.05474e-01 1.17360e+00 -4.28919e+00
4.33272e-04 6.16907e-01 2.80275e-01 7.93767e-01 7.93767e-01 8.05481e-01 1.17382e+00 -4.28919e+00
4.34816e-04 6.16929e-01 2.80250e-01 7.94132e-01 7.94132e-01 8.05488e-01 1.17404e+00 -4.28920e+00
4.36360e-04 6.16951e-01 2.80224e-01 7.94496e-01 7.94496e-01 8.05495e-01 1.17426e+00 -4.28921e+00
4.37904e-04 6.16972e-01 2.80199e-01 7.94858e-01 7.94858e-01 8.05502e-01 1.17448e+00 -4.28922e+00
4.39448e-04 6.16993e-01 2.80174e-01 7.95218e-01 7.95218e-01 8.05508e-01 1.17470e+00 -4.28922e+00
4.40992e-04 6.17015e-01 2.80149e-01 7.95577e-01 7.95577e-01 8.05515e-01 1.17492e+00 -4.28923e+00
4.42536e-04 6.17036e-01 2.80125e-01 7.95934e-01 7.95934e-01 8.05522e-01 1.17513e+00 -4.28924e+00
4.44080e-04 6.17057e-01 2.80100e-01 7.96289e-01 7.96289e-01 8.05529e-01 1.17535e+00 -4.28924e+00
4.45624e-04 6.17078e-01 2.80075e-01 7.96643e-01 7.96643e-01 8.05535e-01 1.17556e+00 -4.28925e+00
4.47168e-04 6.17099e-01 2.80051e-01 7.96996e-01 7.96996e-01 8.05542e-01 1.17578e+00 -4.28926e+00
4.48712e-04 6.17120e-01 2.80027e-01 7.97346e-01 7.97346e-01 8.05548e-01 1.17599e+00 -4.28926e+00
4.50255e-04 6.17141e-01 2.80002e-01 7.97696e-01 7.97696e-01 8.05555e-01 1.17620e+00 -4.28927e+00
4.51799e-04 6.17161e-01 2.79978e-01 7.98043e-01 7.98043e-01 8.05561e-01 1.17641e+00 -4.28928e+00
4.53343e-04 6.17182e-01 2.79954e-01 7.98390e-01 7.98390e-01 8.05568e-01 1.17662e+00 -4.28928e+00
4.54886e-04 6.17203e-01 2.79930e-01 7.98734e-01 7.98734e-01 8.05574e-01 1.17683e+00 -4.28929e+00
4.56430e-04 6.17223e-01 2.79907e-01 7.99077e-01 7.99077e-01 8.05581e-01 1.17704e+00 -4.28930e+00
4.57974e-04 6.17243e-01 2.79883e-01 7.99419e-01 7.99419e-01 8.05587e-01 1.17725e+00 -4.28930e+00
4.59517e-04 6.17263e-01 2.79859e-01 7.99759e-01 7.99759e-01 8.05594e-01 1.17745e+00 -4.28931e+00
4.61061e-04 6.17284e-01 2.79836e-01 8.00098e-01 8.00098e-01 8.05600e-01 1.17766e+00 -4.28932e+00
4.62604e-04 6.17304e-01 2.79812e-01 8.00435e-01 8.00435e-01 8.05606e-01 1.17786e+00 -4.28932e+00
4.64148e-04 6.17324e-01 2.79789e-01 8.00770e-01 8.00770e-01 8.05613e-01 1.17807e+00 -4.28933e+00
4.65691e-04 6.17344e-01 2.79766e-01 8.01105e-01 8.01105e-01 8.05619e-01 1.17827e+00 -4.28934e+00
4.67234e-04 6.17363e-01 2.79743e-01 8.01437e-01 8.01437e-01 8.05625e-01 1.17847e+00 -4.28934e+00
4.68778e-04 6.17383e-01 2.79720e-01 8.01769e-01 8.01769e-01 8.05631e-01 1.17867e+00 -4.28935e+00
4.70321e-04 6.17403e-01 2.79697e-01 8.02099e-01 8.02099e-01 8.05637e-01 1.17887e+00 -4.28936e+00
4.71864e-04 6.17422e-01 2.79674e-01 8.02427e-01 8.02427e-01 8.05644e-01 1.17907e+00 -4.28936e+00
4.73407e-04 6.17442e-01 2.79651e-01 8.02754e-01 8.02754e-01 8.05650e-01 1.17927e+00 -4.28937e+00
4.74951e-04 6.17461e-01 2.79629e-01 8.03080e-01 8.03080e-01 8.05656e-01 1.17947e+00 -4.28937e+00
4.76494e-04 6.17480e-01 2.79606e-01 8.03404e-01 8.03404e-01 8.05662e-01 1.17966e+00 -4.28938e+00
4.78037e-04 6.17500e-01 2.79584e-01 8.03727e-01 8.03727e-01 8.05668e-01 1.17986e+00 -4.28939e+00
4.79580e-04 6.17519e-01 2.79561e-01 8.04049e-01 8.04049e-01 8.05674e-01 1.18006e+00 -4.28939e+00
4.81123e-04 6.17538e-01 2.79539e-01 8.04369e-01 8.04369e-01 8.05680e-01 1.18025e+00 -4.28940e+00
4.82666e-04 6.17557e-01 2.79517e-01 8.04688e-01 8.04688e-01 8.05686e-01 1.18044e+00 -4.28941e+00
4.84209e-04 6.17576e-01 2.79495e-01 8.05006e-01 8.05006e-01 8.05692e-01 1.18064e+00 -4.28941e+00
4.85752e-04 6.17595e-01 2.79473e-01 8.05322e-01 8.05322e-01 8.05698e-01 1.18083e+00 -4.28942e+00
4.87295e-04 6.17613e-01 2.79451e-01 8.05637e-01 8.05637e-01 8.05704e-01 1.18102e+00 -4.28942e+00
4.88837e-04 6.17632e-01 2.79429e-01 8.05950e-01 8.05950e-01 8.05710e-01 1.18121e+00 -4.28943e+00
4.90380e-04 6.17651e-01 2.79408e-01 8.06262e-01 8.06262e-01 8.05715e-01 1.18140e+00 -4.28944e+00
4.91923e-04 6.17669e-01 2.79386e-01 8.06573e-01 8.06573e-01 8.05721e-01 1.18159e+00 -4.28944e+00
4.93466e-04 6.17688e-01 2.79364e-01 8.06883e-01 8.06883e-01 8.05727e-01 1.18178e+00 -4.28945e+00
4.95008e-04 6.17706e-01 2.79343e-01 8.07191e-01 8.07191e-01 8.05733e-01 1.18196e+00 -4.28945e+00
4.96551e-04 6.17724e-01 2.79322e-01 8.07498e-01 8.07498e-01 8.05739e-01 1.18215e+00 -4.28946e+00
4.98094e-04 6.17743e-01 2.79300e-01 8.07804e-01 8.07804e-01 8.05744e-01 1.18234e+00 -4.28947e+00
4.99636e-04 6.17761e-01 2.79279e-01 8.08109e-01 8.08109e-01 8.05750e-01 1.18252e+00 -4.28947e+00
5.01179e-04 6.17779e-01 2.79258e-01 8.08412e-01 8.08412e-01 8.05756e-01 1.18271e+00 -4.28948e+00
5.02721e-04 6.17797e-01 2.79237e-01 8.08714e-01 8.08714e-01 8.05761e-01 1.18289e+00 -4.28948e+00
5.04264e-04 6.17815e-01 2.79216e-01 8.09015e-01 8.09015e-01 8.05767e-01 1.18307e+00 -4.28949e+00
5.05806e-04 6.17833e-01 2.79195e-01 8.09315e-01 8.09315e-01 8.05773e-01 1.18326e+00 -4.28949e+00
5.07349e-04 6.17850e-01 2.79175e-01 8.09613e-01 8.09613e-01 8.05778e-01 1.18344e+00 -4.28950e+00
5.08891e-04 6.17868e-01 2.79154e-01 8.09910e-01 8.09910e-01 8.05784e-01 1.18362e+00 -4.28951e+00
5.10433e-04 6.17886e-01 2.79133e-01 8.10206e-01 8.10206e-01 8.05789e-01 1.18380e+00 -4.28951e+00
5.11976e-04 6.17903e-01 2.79113e-01 8.10501e-01 8.10501e-01 8.05795e-01 1.18398e+00 -4.28952e+00
5.13518e-04 6.17921e-01 2.79092e-01 8.10795e-01 8.10795e-01 8.05800e-01 1.18415e+00 -4.28952e+00
5.15060e-04 6.17938e-01 2.79072e-01 8.11087e-01 8.11087e-01 8.05806e-01 1.18433e+00 -4.28953e+00
5.16602e-04 6.17956e-01 2.79052e-01 8.11379e-01 8.11379e-01 8.05811e-01 1.18451e+00 -4.28953e+00
5.18144e-04 6.17973e-01 2.79031e-01 8.11669e-01 8.11669e-01 8.05817e-01 1.18469e+00 -4.28954e+00
5.19686e-04 6.17990e-01 2.79011e-01 8.11958e-01 8.11958e-01 8.05822e-01 1.18486e+00 -4.28954e+00
5.21229e-04 6.18007e-01 2.78991e-01 8.12246e-01 8.12246e-01 8.05828e-01 1.18504e+00 -4.28955e+00
5.22771e-04 6.18025e-01 2.78971e-01 8.12532e-01 8.12532e-01 8.05833e-01 1.18521e+00 -4.28956e+00
5.24313e-04 6.18042e-01 2.78952e-01 8.12818e-01 8.12818e-01 8.05838e-01 1.18538e+00 -4.28956e+00
5.25854e-04 6.18059e-01 2.78932e-01 8.13102e-01 8.13102e-01 8.05844e-01 1.18556e+00 -4.28957e+00
5.27396e-04 6.18075e-01 2.78912e-01 8.13385e-01 8.13385e-01 8.05849e-01 1.18573e+00 -4.28957e+00
5.28938e-04 6.18092e-01 2.78892e-01 8.13668e-01 8.13668e-01 8.05854e-01 1.18590e+00 -4.28958e+00
5.30480e-04 6.18109e-01 2.78873e-01 8.13949e-01 8.13949e-01 8.05860e-01 1.18607e+00 -4.28958e+00
5.32022e-04 6.18126e-01 2.78853e-01 8.14229e-01 8.14229e-01 8.05865e-01 1.18624e+00 -4.28959e+00
5.33564e-04 6.18142e-01 2.78834e-01 8.14507e-01 8.14507e-01 8.05870e-01 1.18641e+00 -4.28959e+00
5.35105e-04 6.18159e-01 2.78814e-01 8.14785e-01 8.14785e-01 8.05875e-01 1.18658e+00 -4.28960e+00
5.36647e-04 6.18176e-01 2.78795e-01 8.15062e-01 8.15062e-01 8.05880e-01 1.18675e+00 -4.28960e+00
5.38189e-04 6.18192e-01 2.78776e-01 8.15338e-01 8.15338e-01 8.05886e-01 1.18692e+00 -4.28961e+00
5.39730e-04 6.18208e-01 2.78757e-01 8.15612e-01 8.15612e-01 8.05891e-01 1.18708e+00 -4.28961e+00
5.41272e-04 6.18225e-01 2.78738e-01 8.15886e-01 8.15886e-01 8.05896e-01 1.18725e+00 -4.28962e+00
5.42813e-04 6.18241e-01 2.78719e-01 8.16158e-01 8.16158e-01 8.05901e-01 1.18742e+00 -4.28963e+00
5.44355e-04 6.18257e-01 2.78700e-01 8.16429e-01 8.16429e-01 8.05906e-01 1.18758e+00 -4.28963e+00
5.45896e-04 6.18273e-01 2.78681e-01 8.16700e-01 8.16700e-01 8.05911e-01 1.18775e+00 -4.28964e+00
5.47438e-04 6.18289e-01 2.78662e-01 8.16969e-01 8.16969e-01 8.05916e-01 1.18791e+00 -4.28964e+00
5.48979e-04 6.18305e-01 2.78644e-01 8.17237e-01 8.17237e-01 8.05921e-01 1.18807e+00 -4.28965e+00
5.50520e-04 6.18321e-01 2.78625e-01 8.17505e-01 8.17505e-01 8.05926e-01 1.18824e+00 -4.28965e+00
5.52062e-04 6.18337e-01 2.78606e-01 8.17771e-01 8.17771e-01 8.05931e-01 1.18840e+00 -4.28966e+00
5.53603e-04 6.18353e-01 2.78588e-01 8.18036e-01 8.18036e-01 8.05936e-01 1.18856e+00 -4.28966e+00
5.55144e-04 6.18369e-01 2.78570e-01 8.18300e-01 8.18300e-01 8.05941e-01 1.18872e+00 -4.28967e+00
5.56685e-04 6.18385e-01 2.78551e-01 8.18564e-01 8.18564e-01 8.05946e-01 1.18888e+00 -4.28967e+00
5.58226e-04 6.18400e-01 2.78533e-01 8.18826e-01 8.18826e-01 8.05951e-01 1.18904e+00 -4.28968e+00
5.59768e-04 6.18416e-01 2.78515e-01 8.19087e-01 8.19087e-01 8.05956e-01 1.18920e+00 -4.28968e+00
5.61309e-04 6.18432e-01 2.78497e-01 8.19347e-01 8.19347e-01 8.05961e-01 1.18936e+00 -4.28969e+00
5.62850e-04 6.18447e-01 2.78478e-01 8.19607e-01 8.19607e-01 8.05966e-01 1.18952e+00 -4.28969e+00
5.64391e-04 6.18462e-01 2.78460e-01 8.19865e-01 8.19865e-01 8.05970e-01 1.18967e+00 -4.28970e+00
5.65932e-04 6.18478e-01 2.78442e-01 8.20122e-01 8.20122e-01 8.05975e-01 1.18983e+00 -4.28970e+00
5.67472e-04 6.18493e-01 2.78425e-01 8.20379e-01 8.20379e-01 8.05980e-01 1.18999e+00 -4.28971e+00
5.69013e-04 6.18508e-01 2.78407e-01 8.20634e-01 8.20634e-01 8.05985e-01 1.19014e+00 -4.28971e+00
5.70554e-04 6.18524e-01 2.78389e-01 8.20889e-01 8.20889e-01 8.05990e-01 1.19030e+00 -4.28972e+00
5.72095e-04 6.18539e-01 2.78371e-01 8.21142e-01 8.21142e-01 8.05994e-01 1.19045e+00 -4.28972e+00
5.73636e-04 6.18554e-01 2.78354e-01 8.21395e-01 8.21395e-01 8.05999e-01 1.19061e+00 -4.28973e+00
5.75176e-04 6.18569e-01 2.78336e-01 8.21647e-01 8.21647e-01 8.06004e-01 1.19076e+00 -4.28973e+00
5.76717e-04 6.18584e-01 2.78319e-01 8.21897e-01 8.21897e-01 8.06009e-01 1.19091e+00 -4.28973e+00
5.78258e-04 6.18599e-01 2.78301e-01 8.22147e-01 8.22147e-01 8.06013e-01 1.19106e+00 -4.28974e+00
5.79798e-04 6.18614e-01 2.78284e-01 8.22396e-01 8.22396e-01 8.06018e-01 1.19122e+00 -4.28974e+00
5.81339e-04 6.18629e-01 2.78267e-01 8.22644e-01 8.22644e-01 8.06023e-01 1.19137e+00 -4.28975e+00
5.82879e-04 6.18643e-01 2.78249e-01 8.22891e-01 8.22891e-01 8.06027e-01 1.19152e+00 -4.28975e+00
5.84420e-04 6.18658e-01 2.78232e-01 8.23137e-01 8.23137e-01 8.06032e-01 1.19167e+00 -4.28976e+00
5.85960e-04 6.18673e-01 2.78215e-01 8.23383e-01 8.23383e-01 8.06036e-01 1.19182e+00 -4.28976e+00
5.87500e-04 6.18687e-01 2.78198e-01 8.23627e-01 8.23627e-01 8.06041e-01 1.19197e+00 -4.28977e+00
5.89041e-04 6.18702e-01 2.78181e-01 8.23871e-01 8.23871e-01 8.06046e-01 1.19211e+00 -4.28977e+00
5.90581e-04 6.18717e-01 2.78164e-01 8.24113e-01 8.24113e-01 8.06050e-01 1.19226e+00 -4.28978e+00
5.92121e-04 6.18731e-01 2.78147e-01 8.24355e-01 8.24355e-01 8.06055e-01 1.19241e+00 -4.28978e+00
5.93662e-04 6.18745e-01 2.78130e-01 8.24596e-01 8.24596e-01 8.06059e-01 1.19256e+00 -4.28979e+00
5.95202e-04 6.18760e-01 2.78114e-01 8.24836e-01 8.24836e-01 8.06064e-01 1.19270e+00 -4.28979e+00
5.96742e-04 6.18774e-01 2.78097e-01 8.25076e-01 8.25076e-01 8.06068e-01 1.19285e+00 -4.28980e+00
5.98282e-04 6.18788e-01 2.78080e-01 8.25314e-01 8.25314e-01 8.06073e-01 1.19299e+00 -4.28980e+00
5.99822e-04 6.18803e-01 2.78064e-01 8.25551e-01 8.25551e-01 8.06077e-01 1.19314e+00 -4.28980e+00
6.01362e-04 6.18817e-01 2.78047e-01 8.25788e-01 8.25788e-01 8.06082e-01 1.19328e+00 -4.28981e+00
6.02902e-04 6.18831e-01 2.78031e-01 8.26024e-01 8.26024e-01 8.06086e-01 1.19343e+00 -4.28981e+00
6.04442e-04 6.18845e-01 2.78014e-01 8.26259e-01 8.26259e-01 8.06090e-01 1.19357e+00 -4.28982e+00
6.05982e-04 6.18859e-01 2.77998e-01 8.26493e-01 8.26493e-01 8.06095e-01 1.19371e+00 -4.28982e+00
6.07522e-04 6.18873e-01 2.77982e-01 8.26726e-01 8.26726e-01 8.06099e-01 1.19385e+00 -4.28983e+00
6.09061e-04 6.18887e-01 2.77965e-01 8.26959e-01 8.26959e-01 8.06104e-01 1.19400e+00 -4.28983e+00
6.10601e-04 6.18901e-01 2.77949e-01 8.27191e-01 8.27191e-01 8.06108e-01 1.19414e+00 -4.28984e+00
6.12141e-04 6.18915e-01 2.77933e-01 8.27421e-01 8.27421e-01 8.06112e-01 1.19428e+00 -4.28984e+00
6.13681e-04 6.18928e-01 2.77917e-01 8.27652e-01 8.27652e-01 8.06117e-01 1.19442e+00 -4.28984e+00
6.15220e-04 6.18942e-01 2.77901e-01 8.27881e-01 8.27881e-01 8.06121e-01 1.19456e+00 -4.28985e+00
6.16760e-04 6.18956e-01 2.77885e-01 8.28109e-01 8.28109e-01 8.06125e-01 1.19470e+00 -4.28985e+00
6.18299e-04 6.18969e-01 2.77869e-01 8.28337e-01 8.28337e-01 8.06129e-01 1.19484e+00 -4.28986e+00
6.19839e-04 6.18983e-01 2.77853e-01 8.28564e-01 8.28564e-01 8.06134e-01 1.19498e+00 -4.28986e+00
6.21378e-04 6.18997e-01 2.77837e-01 8.28790e-01 8.28790e-01 8.06138e-01 1.19511e+00 -4.28987e+00
6.22918e-04 6.19010e-01 2.77822e-01 8.29015e-01 8.29015e-01 8.06142e-01 1.19525e+00 -4.28987e+00
6.24457e-04 6.19024e-01 2.77806e-01 8.29240e-01 8.29240e-01 8.06146e-01 1.19539e+00 -4.28987e+00
6.25996e-04 6.19037e-01 2.77790e-01 8.29464e-01 8.29464e-01 8.06150e-01 1.19552e+00 -4.28988e+00
6.27536e-04 6.19050e-01 2.77775e-01 8.29687e-01 8.29687e-01 8.06155e-01 1.19566e+00 -4.28988e+00
6.29075e-04 6.19064e-01 2.77759e-01 8.29909e-01 8.29909e-01 8.06159e-01 1.19580e+00 -4.28989e+00
6.30614e-04 6.19077e-01 2.77744e-01 8.30130e-01 8.30130e-01 8.06163e-01 1.19593e+00 -4.28989e+00
6.32153e-04 6.19090e-01 2.77728e-01 8.30351e-01 8.30351e-01 8.06167e-01 1.19607e+00 -4.28990e+00
6.33692e-04 6.19103e-01 2.77713e-01 8.30571e-01 8.30571e-01 8.06171e-01 1.19620e+00 -4.28990e+00
6.35231e-04 6.19116e-01 2.77698e-01 8.30790e-01 8.30790e-01 8.06175e-01 1.19633e+00 -4.28990e+00
6.36770e-04 6.19130e-01 2.77682e-01 8.31009e-01 8.31009e-01 8.06179e-01 1.19647e+00 -4.28991e+00
6.38309e-04 6.19143e-01 2.77667e-01 8.31226e-01 8.31226e-01 8.06184e-01 1.19660e+00 -4.28991e+00
6.39848e-04 6.19156e-01 2.77652e-01 8.31443e-01 8.31443e-01 8.06188e-01 1.19673e+00 -4.28992e+00
6.41387e-04 6.19169e-01 2.77637e-01 8.31660e-01 8.31660e-01 8.06192e-01 1.19686e+00 -4.28992e+00
6.42926e-04 6.19181e-01 2.77622e-01 8.31875e-01 8.31875e-01 8.06196e-01 1.19700e+00 -4.28992e+00
6.44465e-04 6.19194e-01 2.77607e-01 8.32090e-01 8.32090e-01 8.06200e-01 1.19713e+00 -4.28993e+00
6.46004e-04 6.19207e-01 2.77592e-01 8.32304e-01 8.32304e-01 8.06204e-01 1.19726e+00 -4.28993e+00
6.47542e-04 6.19220e-01 2.77577e-01 8.32518e-01 8.32518e-01 8.06208e-01 1.19739e+00 -4.28994e+00
6.49081e-04 6.19233e-01 2.77562e-01 8.32730e-01 8.32730e-01 8.06212e-01 1.19752e+00 -4.28994e+00
6.50620e-04 6.19245e-01 2.77547e-01 8.32942e-01 8.32942e-01 8.06216e-01 1.19765e+00 -4.28995e+00
6.52158e-04 6.19258e-01 2.77532e-01 8.33153e-01 8.33153e-01 8.06220e-01 1.19778e+00 -4.28995e+00
6.53697e-04 6.19271e-01 2.77517e-01 8.33364e-01 8.33364e-01 8.06224e-01 1.19790e+00 -4.28995e+00
6.55235e-04 6.19283e-01 2.77503e-01 8.33574e-01 8.33574e-01 8.06228e-01 1.19803e+00 -4.28996e+00
6.56774e-04 6.19296e-01 2.77488e-01 8.33783e-01 8.33783e-01 8.06232e-01 1.19816e+00 -4.28996e+00
6.58312e-04 6.19308e-01 2.77474e-01 8.33991e-01 8.33991e-01 8.06235e-01 1.19829e+00 -4.28997e+00
6.59851e-04 6.19321e-01 2.77459e-01 8.34199e-01 8.34199e-01 8.06239e-01 1.19841e+00 -4.28997e+00
6.61389e-04 6.19333e-01 2.77445e-01 8.34406e-01 8.34406e-01 8.06243e-01 1.19854e+00 -4.28997e+00
6.62927e-04 6.19346e-01 2.77430e-01 8.34613e-01 8.34613e-01 8.06247e-01 1.19867e+00 -4.28998e+00
6.64465e-04 6.19358e-01 2.77416e-01 8.34818e-01 8.34818e-01 8.06251e-01 1.19879e+00 -4.28998e+00
6.66004e-04 6.19370e-01 2.77401e-01 8.35023e-01 8.35023e-01 8.06255e-01 1.19892e+00 -4.28998e+00
6.67542e-04 6.19383e-01 2.77387e-01 8.35228e-01 8.35228e-01 8.06259e-01 1.19904e+00 -4.28999e+00
6.69080e-04 6.19395e-01 2.77373e-01 8.35432e-01 8.35432e-01 8.06262e-01 1.19917e+00 -4.28999e+00
6.70618e-04 6.19407e-01 2.77359e-01 8.35635e-01 8.35635e-01 8.06266e-01 1.19929e+00 -4.29000e+00
6.72156e-04 6.19419e-01 2.77344e-01 8.35837e-01 8.35837e-01 8.06270e-01 1.19941e+00 -4.29000e+00
6.73694e-04 6.19431e-01 2.77330e-01 8.36039e-01 8.36039e-01 8.06274e-01 1.19954e+00 -4.29000e+00
6.75232e-04 6.19443e-01 2.77316e-01 8.36240e-01 8.36240e-01 8.06278e-01 1.19966e+00 -4.29001e+00
6.76770e-04 6.19455e-01 2.77302e-01 8.36440e-01 8.36440e-01 8.06281e-01 1.19978e+00 -4.29001e+00
6.78307e-04 6.19467e-01 2.77288e-01 8.36640e-01 8.36640e-01 8.06285e-01 1.19990e+00 -4.29002e+00
6.79845e-04 6.19479e-01 2.77274e-01 8.36839e-01 8.36839e-01 8.06289e-01 1.20003e+00 -4.29002e+00
6.81383e-04 6.19491e-01 2.77260e-01 8.37038e-01 8.37038e-01 8.06293e-01 1.20015e+00 -4.29002e+00
6.82921e-04 6.19503e-01 2.77246e-01 8.37236e-01 8.37236e-01 8.06296e-01 1.20027e+00 -4.29003e+00
6.84458e-04 6.19515e-01 2.77233e-01 8.37433e-01 8.37433e-01 8.06300e-01 1.20039e+00 -4.29003e+00
6.85996e-04 6.19527e-01 2.77219e-01 8.37629e-01 8.37629e-01 8.06304e-01 1.20051e+00 -4.29003e+00
6.87533e-04 6.19538e-01 2.77205e-01 8.37825e-01 8.37825e-01 8.06307e-01 1.20063e+00 -4.29004e+00
6.89071e-04 6.19550e-01 2.77191e-01 8.38021e-01 8.38021e-01 8.06311e-01 1.20075e+00 -4.29004e+00
6.90608e-04 6.19562e-01 2.77178e-01 8.38216e-01 8.38216e-01 8.06315e-01 1.20087e+00 -4.29005e+00
6.92146e-04 6.19574e-01 2.77164e-01 8.38410e-01 8.38410e-01 8.06318e-01 1.20099e+00 -4.29005e+00
6.93683e-04 6.19585e-01 2.77151e-01 8.38603e-01 8.38603e-01 8.06322e-01 1.20110e+00 -4.29005e+00
6.95221e-04 6.19597e-01 2.77137e-01 8.38796e-01 8.38796e-01 8.06326e-01 1.20122e+00 -4.29006e+00
6.96758e-04 6.19608e-01 2.77124e-01 8.38988e-01 8.38988e-01 8.06329e-01 1.20134e+00 -4.29006e+00
6.98295e-04 6.19620e-01 2.77110e-01 8.39180e-01 8.39180e-01 8.06333e-01 1.20146e+00 -4.29006e+00
6.99832e-04 6.19631e-01 2.77097e-01 8.39371e-01 8.39371e-01 8.06336e-01 1.20157e+00 -4.29007e+00
7.01369e-04 6.19643e-01 2.77084e-01 8.39562e-01 8.39562e-01 8.06340e-01 1.20169e+00 -4.29007e+00
7.02907e-04 6.19654e-01 2.77070e-01 8.39751e-01 8.39751e-01 8.06344e-01 1.20181e+00 -4.29007e+00
7.04444e-04 6.19665e-01 2.77057e-01 8.39941e-01 8.39941e-01 8.06347e-01 1.20192e+00 -4.29008e+00
7.05981e-04 6.19677e-01 2.77044e-01 8.40129e-01 8.40129e-01 8.06351e-01 1.20204e+00 -4.29008e+00
7.07518e-04 6.19688e-01 2.77031e-01 8.40318e-01 8.40318e-01 8.06354e-01 1.20215e+00 -4.29009e+00
7.09055e-04 6.19699e-01 2.77017e-01 8.40505e-01 8.40505e-01 8.06358e-01 1.20227e+00 -4.29009e+00
7.10591e-04 6.19711e-01 2.77004e-01 8.40692e-01 8.40692e-01 8.06361e-01 1.20238e+00 -4.29009e+00
7.12128e-04 6.19722e-01 2.76991e-01 8.40878e-01 8.40878e-01 8.06365e-01 1.20249e+00 -4.29010e+00
7.13665e-04 6.19733e-01 2.76978e-01 8.41064e-01 8.41064e-01 8.06368e-01 1.20261e+00 -4.29010e+00
7.15202e-04 6.19744e-01 2.76965e-01 8.41249e-01 8.41249e-01 8.06372e-01 1.20272e+00 -4.29010e+00
7.16738e-04 6.19755e-01 2.76952e-01 8.41434e-01 8.41434e-01 8.06375e-01 1.20283e+00 -4.29011e+00
7.18275e-04 6.19766e-01 2.76939e-01 8.41618e-01 8.41618e-01 8.06379e-01 1.20295e+00 -4.29011e+00
7.19812e-04 6.19777e-01 2.76927e-01 8.41802e-01 8.41802e-01 8.06382e-01 1.20306e+00 -4.29011e+00
7.21348e-04 6.19788e-01 2.76914e-01 8.41985e-01 8.41985e-01 8.06385e-01 1.20317e+00 -4.29012e+00
7.22885e-04 6.19799e-01 2.76901e-01 8.42167e-01 8.42167e-01 8.06389e-01 1.20328e+00 -4.29012e+00
7.24421e-04 6.19810e-01 2.76888e-01 8.42349e-01 8.42349e-01 8.06392e-01 1.20339e+00 -4.29012e+00
7.25958e-04 6.19821e-01 2.76875e-01 8.42530e-01 8.42530e-01 8.06396e-01 1.20350e+00 -4.29013e+00
7.27494e-04 6.19832e-01 2.76863e-01 8.42711e-01 8.42711e-01 8.06399e-01 1.20362e+00 -4.29013e+00
7.29030e-04 6.19843e-01 2.76850e-01 8.42891e-01 8.42891e-01 8.06403e-01 1.20373e+00 -4.29013e+00
7.30567e-04 6.19854e-01 2.76838e-01 8.43071e-01 8.43071e-01 8.06406e-01 1.20384e+00 -4.29014e+00
7.32103e-04 6.19864e-01 2.76825e-01 8.43250e-01 8.43250e-01 8.06409e-01 1.20394e+00 -4.29014e+00
7.33639e-04 6.19875e-01 2.76812e-01 8.43428e-01 8.43428e-01 8.06413e-01 1.20405e+00 -4.29014e+00
7.35175e-04 6.19886e-01 2.76800e-01 8.43606e-01 8.43606e-01 8.06416e-01 1.20416e+00 -4.29015e+00
7.36711e-04 6.19896e-01 2.76788e-01 8.43784e-01 8.43784e-01 8.06419e-01 1.20427e+00 -4.29015e+00
7.38247e-04 6.19907e-01 2.76775e-01 8.43961e-01 8.43961e-01 8.06423e-01 1.20438e+00 -4.29015e+00
7.39783e-04 6.19918e-01 2.76763e-01 8.44137e-01 8.44137e-01 8.06426e-01 1.20449e+00 -4.29016e+00
7.41319e-04 6.19928e-01 2.76750e-01 8.44313e-01 8.44313e-01 8.06429e-01 1.20460e+00 -4.29016e+00
7.42855e-04 6.19939e-01 2.76738e-01 8.44489e-01 8.44489e-01 8.06433e-01 1.20470e+00 -4.29016e+00
7.44391e-04 6.19949e-01 2.76726e-01 8.44663e-01 8.44663e-01 8.06436e-01 1.20481e+00 -4.29017e+00
7.45927e-04 6.19960e-01 2.76714e-01 8.44838e-01 8.44838e-01 8.06439e-01 1.20492e+00 -4.29017e+00
7.47463e-04 6.19970e-01 2.76701e-01 8.45012e-01 8.45012e-01 8.06442e-01 1.20502e+00 -4.29017e+00
7.48999e-04 6.19981e-01 2.76689e-01 8.45185e-01 8.45185e-01 8.06446e-01 1.20513e+00 -4.29018e+00
7.50534e-04 6.19991e-01 2.76677e-01 8.45358e-01 8.45358e-01 8.06449e-01 1.20523e+00 -4.29018e+00
7.52070e-04 6.20001e-01 2.76665e-01 8.45530e-01 8.45530e-01 8.06452e-01 1.20534e+00 -4.29018e+00
7.53606e-04 6.20012e-01 2.76653e-01 8.45702e-01 8.45702e-01 8.06455e-01 1.20544e+00 -4.29019e+00
7.55141e-04 6.20022e-01 2.76641e-01 8.45873e-01 8.45873e-01 8.06458e-01 1.20555e+00 -4.29019e+00
7.56677e-04 6.20032e-01 2.76629e-01 8.46044e-01 8.46044e-01 8.06462e-01 1.20565e+00 -4.29019e+00
7.58212e-04 6.20043e-01 2.76617e-01 8.46214e-01 8.46214e-01 8.06465e-01 1.20576e+00 -4.29020e+00
7.59748e-04 6.20053e-01 2.76605e-01 8.46384e-01 8.46384e-01 8.06468e-01 1.20586e+00 -4.29020e+00
7.61283e-04 6.20063e-01 2.76593e-01 8.46553e-01 8.46553e-01 8.06471e-01 1.20597e+00 -4.29020e+00
7.62818e-04 6.20073e-01 2.76581e-01 8.46722e-01 8.46722e-01 8.06474e-01 1.20607e+00 -4.29021e+00
7.64354e-04 6.20083e-01 2.76570e-01 8.46890e-01 8.46890e-01 8.06478e-01 1.20617e+00 -4.29021e+00
7.65889e-04 6.20093e-01 2.76558e-01 8.47058e-01 8.47058e-01 8.06481e-01 1.20627e+00 -4.29021e+00
7.67424e-04 6.20103e-01 2.76546e-01 8.47225e-01 8.47225e-01 8.06484e-01 1.20638e+00 -4.29022e+00
7.68959e-04 6.20113e-01 2.76534e-01 8.47392e-01 8.47392e-01 8.06487e-01 1.20648e+00 -4.29022e+00
7.70494e-04 6.20123e-01 2.76523e-01 8.47558e-01 8.47558e-01 8.06490e-01 1.20658e+00 -4.29022e+00
7.72029e-04 6.20133e-01 2.76511e-01 8.47724e-01 8.47724e-01 8.06493e-01 1.20668e+00 -4.29023e+00
7.73564e-04 6.20143e-01 2.76499e-01 8.47889e-01 8.47889e-01 8.06496e-01 1.20678e+00 -4.29023e+00
7.75099e-04 6.20153e-01 2.76488e-01 8.48054e-01 8.48054e-01 8.06499e-01 1.20688e+00 -4.29023e+00
7.76634e-04 6.20163e-01 2.76476e-01 8.48219e-01 8.48219e-01 8.06503e-01 1.20699e+00 -4.29023e+00
7.78169e-04 6.20173e-01 2.76465e-01 8.48383e-01 8.48383e-01 8.06506e-01 1.20709e+00 -4.29024e+00
7.79704e-04 6.20183e-01 2.76453e-01 8.48546e-01 8.48546e-01 8.06509e-01 1.20719e+00 -4.29024e+00
7.81239e-04 6.20193e-01 2.76442e-01 8.48709e-01 8.48709e-01 8.06512e-01 1.20729e+00 -4.29024e+00
7.82774e-04 6.20202e-01 2.76430e-01 8.48872e-01 8.48872e-01 8.06515e-01 1.20738e+00 -4.29025e+00
7.84308e-04 6.20212e-01 2.76419e-01 8.49034e-01 8.49034e-01 8.06518e-01 1.20748e+00 -4.29025e+00
7.85843e-04 6.20222e-01 2.76408e-01 8.49195e-01 8.49195e-01 8.06521e-01 1.20758e+00 -4.29025e+00
7.87378e-04 6.20232e-01 2.76396e-01 8.49356e-01 8.49356e-01 8.06524e-01 1.20768e+00 -4.29026e+00
7.88912e-04 6.20241e-01 2.76385e-01 8.49517e-01 8.49517e-01 8.06527e-01 1.20778e+00 -4.29026e+00
7.90447e-04 6.20251e-01 2.76374e-01 8.49677e-01 8.49677e-01 8.06530e-01 1.20788e+00 -4.29026e+00
7.91981e-04 6.20261e-01 2.76363e-01 8.49837e-01 8.49837e-01 8.06533e-01 1.20798e+00 -4.29027e+00
7.93516e-04 6.20270e-01 2.76351e-01 8.49997e-01 8.49997e-01 8.06536e-01 1.20807e+00 -4.29027e+00
7.95050e-04 6.20280e-01 2.76340e-01 8.50155e-01 8.50155e-01 8.06539e-01 1.20817e+00 -4.29027e+00
7.96585e-04 6.20289e-01 2.76329e-01 8.50314e-01 8.50314e-01 8.06542e-01 1.20827e+00 -4.29027e+00
7.98119e-04 6.20299e-01 2.76318e-01 8.50472e-01 8.50472e-01 8.06545e-01 1.20836e+00 -4.29028e+00
7.99653e-04 6.20308e-01 2.76307e-01 8.50629e-01 8.50629e-01 8.06548e-01 1.20846e+00 -4.29028e+00
8.01188e-04 6.20318e-01 2.76296e-01 8.50787e-01 8.50787e-01 8.06551e-01 1.20856e+00 -4.29028e+00
8.02722e-04 6.20327e-01 2.76285e-01 8.50943e-01 8.50943e-01 8.06554e-01 1.20865e+00 -4.29029e+00
8.04256e-04 6.20337e-01 2.76274e-01 8.51099e-01 8.51099e-01 8.06557e-01 1.20875e+00 -4.29029e+00
8.05790e-04 6.20346e-01 2.76263e-01 8.51255e-01 8.51255e-01 8.06560e-01 1.20884e+00 -4.29029e+00
8.07324e-04 6.20355e-01 2.76252e-01 8.51411e-01 8.51411e-01 8.06562e-01 1.20894e+00 -4.29029e+00
8.08858e-04 6.20365e-01 2.76241e-01 8.51566e-01 8.51566e-01 8.06565e-01 1.20903e+00 -4.29030e+00
8.10392e-04 6.20374e-01 2.76230e-01 8.51720e-01 8.51720e-01 8.06568e-01 1.20913e+00 -4.29030e+00
8.11926e-04 6.20383e-01 2.76219e-01 8.51874e-01 8.51874e-01 8.06571e-01 1.20922e+00 -4.29030e+00
8.13460e-04 6.20393e-01 2.76209e-01 8.52028e-01 8.52028e-01 8.06574e-01 1.20932e+00 -4.29031e+00
8.14994e-04 6.20402e-01 2.76198e-01 8.52181e-01 8.52181e-01 8.06577e-01 1.20941e+00 -4.29031e+00
8.16528e-04 6.20411e-01 2.76187e-01 8.52334e-01 8.52334e-01 8.06580e-01 1.20951e+00 -4.29031e+00
8.18062e-04 6.20420e-01 2.76176e-01 8.52486e-01 8.52486e-01 8.06583e-01 1.20960e+00 -4.29031e+00
8.19595e-04 6.20429e-01 2.76166e-01 8.52638e-01 8.52638e-01 8.06586e-01 1.20969e+00 -4.29032e+00
8.21129e-04 6.20438e-01 2.76155e-01 8.52790e-01 8.52790e-01 8.06588e-01 1.20978e+00 -4.29032e+00
8.22663e-04 6.20448e-01 2.76144e-01 8.52941e-01 8.52941e-01 8.06591e-01 1.20988e+00 -4.29032e+00
8.24196e-04 6.20457e-01 2.76134e-01 8.53092e-01 8.53092e-01 8.06594e-01 1.20997e+00 -4.29033e+00
8.25730e-04 6.20466e-01 2.76123e-01 8.53242e-01 8.53242e-01 8.06597e-01 1.21006e+00 -4.29033e+00
8.27263e-04 6.20475e-01 2.76113e-01 8.53392e-01 8.53392e-01 8.06600e-01 1.21015e+00 -4.29033e+00
8.28797e-04 6.20484e-01 2.76102e-01 8.53541e-01 8.53541e-01 8.06603e-01 1.21025e+00 -4.29033e+00
8.30330e-04 6.20493e-01 2.76092e-01 8.53691e-01 8.53691e-01 8.06605e-01 1.21034e+00 -4.29034e+00
8.31864e-04 6.20502e-01 2.76081e-01 8.53839e-01 8.53839e-01 8.06608e-01 1.21043e+00 -4.29034e+00
8.33397e-04 6.20511e-01 2.76071e-01 8.53988e-01 8.53988e-01 8.06611e-01 1.21052e+00 -4.29034e+00
8.34931e-04 6.20520e-01 2.76061e-01 8.54135e-01 8.54135e-01 8.06614e-01 1.21061e+00 -4.29035e+00
8.36464e-04 6.20528e-01 2.76050e-01 8.54283e-01 8.54283e-01 8.06616e-01 1.21070e+00 -4.29035e+00
8.37997e-04 6.20537e-01 2.76040e-01 8.54430e-01 8.54430e-01 8.06619e-01 1.21079e+00 -4.29035e+00
8.39530e-04 6.20546e-01 2.76029e-01 8.54577e-01 8.54577e-01 8.06622e-01 1.21088e+00 -4.29035e+00
8.41063e-04 6.20555e-01 2.76019e-01 8.54723e-01 8.54723e-01 8.06625e-01 1.21097e+00 -4.29036e+00
8.42597e-04 6.20564e-01 2.76009e-01 8.54869e-01 8.54869e-01 8.06627e-01 1.21106e+00 -4.29036e+00
8.44130e-04 6.20573e-01 2.75999e-01 8.55015e-01 8.55015e-01 8.06630e-01 1.21115e+00 -4.29036e+00
8.45663e-04 6.20581e-01 2.75988e-01 8.55160e-01 8.55160e-01 8.06633e-01 1.21124e+00 -4.29037e+00
8.47196e-04 6.20590e-01 2.75978e-01 8.55304e-01 8.55304e-01 8.06636e-01 1.21133e+00 -4.29037e+00
8.48729e-04 6.20599e-01 2.75968e-01 8.55449e-01 8.55449e-01 8.06638e-01 1.21141e+00 -4.29037e+00
8.50262e-04 6.20607e-01 2.75958e-01 8.55593e-01 8.55593e-01 8.06641e-01 1.21150e+00 -4.29037e+00
8.51794e-04 6.20616e-01 2.75948e-01 8.55736e-01 8.55736e-01 8.06644e-01 1.21159e+00 -4.29038e+00
8.53327e-04 6.20625e-01 2.75938e-01 8.55880e-01 8.55880e-01 8.06646e-01 1.21168e+00 -4.29038e+00
8.54860e-04 6.20633e-01 2.75928e-01 8.56022e-01 8.56023e-01 8.06649e-01 1.21177e+00 -4.29038e+00
8.56393e-04 6.20642e-01 2.75918e-01 8.56165e-01 8.56165e-01 8.06652e-01 1.21185e+00 -4.29038e+00
8.57926e-04 6.20650e-01 2.75908e-01 8.56307e-01 8.56307e-01 8.06654e-01 1.21194e+00 -4.29039e+00
8.59458e-04 6.20659e-01 2.75898e-01 8.56449e-01 8.56449e-01 8.06657e-01 1.21203e+00 -4.29039e+00
8.60991e-04 6.20668e-01 2.75888e-01 8.56590e-01 8.56590e-01 8.06660e-01 1.21211e+00 -4.29039e+00
8.62523e-04 6.20676e-01 2.75878e-01 8.56731e-01 8.56731e-01 8.06662e-01 1.21220e+00 -4.29039e+00
8.64056e-04 6.20685e-01 2.75868e-01 8.56872e-01 8.56872e-01 8.06665e-01 1.21229e+00 -4.29040e+00
8.65589e-04 6.20693e-01 2.75858e-01 8.57012e-01 8.57012e-01 8.06668e-01 1.21237e+00 -4.29040e+00
8.67121e-04 6.20701e-01 2.75848e-01 8.57152e-01 8.57152e-01 8.06670e-01 1.21246e+00 -4.29040e+00
8.68653e-04 6.20710e-01 2.75839e-01 8.57291e-01 8.57291e-01 8.06673e-01 1.21254e+00 -4.29041e+00
8.70186e-04 6.20718e-01 2.75829e-01 8.57430e-01 8.57430e-01 8.06676e-01 1.21263e+00 -4.29041e+00
8.71718e-04 6.20727e-01 2.75819e-01 8.57569e-01 8.57569e-01 8.06678e-01 1.21271e+00 -4.29041e+00
8.73250e-04 6.20735e-01 2.75809e-01 8.57708e-01 8.57708e-01 8.06681e-01 1.21280e+00 -4.29041e+00
8.74783e-04 6.20743e-01 2.75800e-01 8.57846e-01 8.57846e-01 8.06683e-01 1.21288e+00 -4.29042e+00
8.76315e-04 6.20752e-01 2.75790e-01 8.57983e-01 8.57983e-01 8.06686e-01 1.21297e+00 -4.29042e+00
8.77847e-04 6.20760e-01 2.75780e-01 8.58121e-01 8.58121e-01 8.06689e-01 1.21305e+00 -4.29042e+00
8.79379e-04 6.20768e-01 2.75770e-01 8.58258e-01 8.58258e-01 8.06691e-01 1.21314e+00 -4.29042e+00
8.80911e-04 6.20776e-01 2.75761e-01 8.58394e-01 8.58394e-01 8.06694e-01 1.21322e+00 -4.29043e+00
8.82444e-04 6.20785e-01 2.75751e-01 8.58531e-01 8.58531e-01 8.06696e-01 1.21330e+00 -4.29043e+00
8.83976e-04 6.20793e-01 2.75742e-01 8.58667e-01 8.58667e-01 8.06699e-01 1.21339e+00 -4.29043e+00
8.85508e-04 6.20801e-01 2.75732e-01 8.58802e-01 8.58802e-01 8.06701e-01 1.21347e+00 -4.29043e+00
8.87040e-04 6.20809e-01 2.75723e-01 8.58938e-01 8.58938e-01 8.06704e-01 1.21355e+00 -4.29044e+00
8.88571e-04 6.20817e-01 2.75713e-01 8.59072e-01 8.59073e-01 8.06706e-01 1.21364e+00 -4.29044e+00
8.90103e-04 6.20825e-01 2.75704e-01 8.59207e-01 8.59207e-01 8.06709e-01 1.21372e+00 -4.29044e+00
8.91635e-04 6.20834e-01 2.75694e-01 8.59341e-01 8.59341e-01 8.06711e-01 1.21380e+00 -4.29044e+00
8.93167e-04 6.20842e-01 2.75685e-01 8.59475e-01 8.59475e-01 8.06714e-01 1.21388e+00 -4.29045e+00
8.94699e-04 6.20850e-01 2.75675e-01 8.59609e-01 8.59609e-01 8.06716e-01 1.21396e+00 -4.29045e+00
8.96230e-04 6.20858e-01 2.75666e-01 8.59742e-01 8.59742e-01 8.06719e-01 1.21405e+00 -4.29045e+00
8.97762e-04 6.20866e-01 2.75657e-01 8.59875e-01 8.59875e-01 8.06721e-01 1.21413e+00 -4.29045e+00
8.99294e-04 6.20874e-01 2.75647e-01 8.60007e-01 8.60007e-01 8.06724e-01 1.21421e+00 -4.29046e+00
9.00825e-04 6.20882e-01 2.75638e-01 8.60139e-01 8.60139e-01 8.06726e-01 1.21429e+00 -4.29046e+00
9.02357e-04 6.20890e-01 2.75629e-01 8.60271e-01 8.60271e-01 8.06729e-01 1.21437e+00 -4.29046e+00
9.03889e-04 6.20898e-01 2.75619e-01 8.60403e-01 8.60403e-01 8.06731e-01 1.21445e+00 -4.29046e+00
9.05420e-04 6.20906e-01 2.75610e-01 8.60534e-01 8.60534e-01 8.06734e-01 1.21453e+00 -4.29047e+00
9.06951e-04 6.20913e-01 2.75601e-01 8.60665e-01 8.60665e-01 8.06736e-01 1.21461e+00 -4.29047e+00
9.08483e-04 6.20921e-01 2.75592e-01 8.60795e-01 8.60795e-01 8.06739e-01 1.21469e+00 -4.29047e+00
9.10014e-04 6.20929e-01 2.75583e-01 8.60926e-01 8.60926e-01 8.06741e-01 1.21477e+00 -4.29047e+00
9.11546e-04 6.20937e-01 2.75574e-01 8.61056e-01 8.61056e-01 8.06744e-01 1.21485e+00 -4.29048e+00
9.13077e-04 6.20945e-01 2.75564e-01 8.61185e-01 8.61185e-01 8.06746e-01 1.21493e+00 -4.29048e+00
9.14608e-04 6.20953e-01 2.75555e-01 8.61314e-01 8.61314e-01 8.06749e-01 1.21501e+00 -4.29048e+00
9.16139e-04 6.20960e-01 2.75546e-01 8.61443e-01 8.61443e-01 8.06751e-01 1.21509e+00 -4.29048e+00
9.17671e-04 6.20968e-01 2.75537e-01 8.61572e-01 8.61572e-01 8.06753e-01 1.21517e+00 -4.29049e+00
9.19202e-04 6.20976e-01 2.75528e-01 8.61700e-01 8.61700e-01 8.06756e-01 1.21525e+00 -4.29049e+00
9.20733e-04 6.20984e-01 2.75519e-01 8.61828e-01 8.61828e-01 8.06758e-01 1.21533e+00 -4.29049e+00
9.22264e-04 6.20991e-01 2.75510e-01 8.61956e-01 8.61956e-01 8.06761e-01 1.21540e+00 -4.29049e+00
9.23795e-04 6.20999e-01 2.75501e-01 8.62083e-01 8.62083e-01 8.06763e-01 1.21548e+00 -4.29050e+00
9.25326e-04 6.21007e-01 2.75492e-01 8.62210e-01 8.62210e-01 8.06765e-01 1.21556e+00 -4.29050e+00
9.26857e-04 6.21014e-01 2.75483e-01 8.62337e-01 8.62337e-01 8.06768e-01 1.21564e+00 -4.29050e+00
9.28388e-04 6.21022e-01 2.75474e-01 8.62463e-01 8.62463e-01 8.06770e-01 1.21572e+00 -4.29050e+00
9.29919e-04 6.21030e-01 2.75465e-01 8.62589e-01 8.62589e-01 8.06772e-01 1.21579e+00 -4.29050e+00
9.31449e-04 6.21037e-01 2.75457e-01 8.62715e-01 8.62715e-01 8.06775e-01 1.21587e+00 -4.29051e+00
9.32980e-04 6.21045e-01 2.75448e-01 8.62841e-01 8.62841e-01 8.06777e-01 1.21595e+00 -4.29051e+00
9.34511e-04 6.21052e-01 2.75439e-01 8.62966e-01 8.62966e-01 8.06780e-01 1.21602e+00 -4.29051e+00
9.36042e-04 6.21060e-01 2.75430e-01 8.63091e-01 8.63091e-01 8.06782e-01 1.21610e+00 -4.29051e+00
9.37572e-04 6.21067e-01 2.75421e-01 8.63215e-01 8.63215e-01 8.06784e-01 1.21618e+00 -4.29052e+00
9.39103e-04 6.21075e-01 2.75413e-01 8.63339e-01 8.63339e-01 8.06787e-01 1.21625e+00 -4.29052e+00
9.40634e-04 6.21082e-01 2.75404e-01 8.63463e-01 8.63463e-01 8.06789e-01 1.21633e+00 -4.29052e+00
9.42164e-04 6.21090e-01 2.75395e-01 8.63587e-01 8.63587e-01 8.06791e-01 1.21641e+00 -4.29052e+00
9.43695e-04 6.21097e-01 2.75386e-01 8.63710e-01 8.63710e-01 8.06794e-01 1.21648e+00 -4.29053e+00
9.45225e-04 6.21105e-01 2.75378e-01 8.63833e-01 8.63833e-01 8.06796e-01 1.21656e+00 -4.29053e+00
9.46756e-04 6.21112e-01 2.75369e-01 8.63956e-01 8.63956e-01 8.06798e-01 1.21663e+00 -4.29053e+00
9.48286e-04 6.21120e-01 2.75360e-01 8.64079e-01 8.64079e-01 8.06800e-01 1.21671e+00 -4.29053e+00
9.49816e-04 6.21127e-01 2.75352e-01 8.64201e-01 8.64201e-01 8.06803e-01 1.21678e+00 -4.29054e+00
9.51347e-04 6.21134e-01 2.75343e-01 8.64323e-01 8.64323e-01 8.06805e-01 1.21686e+00 -4.29054e+00
9.52877e-04 6.21142e-01 2.75335e-01 8.64444e-01 8.64444e-01 8.06807e-01 1.21693e+00 -4.29054e+00
9.54407e-04 6.21149e-01 2.75326e-01 8.64566e-01 8.64566e-01 8.06810e-01 1.21701e+00 -4.29054e+00
9.55938e-04 6.21156e-01 2.75318e-01 8.64687e-01 8.64687e-01 8.06812e-01 1.21708e+00 -4.29054e+00
9.57468e-04 6.21164e-01 2.75309e-01 8.64807e-01 8.64807e-01 8.06814e-01 1.21716e+00 -4.29055e+00
9.58998e-04 6.21171e-01 2.75301e-01 8.64928e-01 8.64928e-01 8.06816e-01 1.21723e+00 -4.29055e+00
9.60528e-04 6.21178e-01 2.75292e-01 8.65048e-01 8.65048e-01 8.06819e-01 1.21730e+00 -4.29055e+00
9.62058e-04 6.21185e-01 2.75284e-01 8.65168e-01 8.65168e-01 8.06821e-01 1.21738e+00 -4.29055e+00
9.63588e-04 6.21193e-01 2.75275e-01 8.65287e-01 8.65287e-01 8.06823e-01 1.21745e+00 -4.29056e+00
9.65118e-04 6.21200e-01 2.75267e-01 8.65407e-01 8.65407e-01 8.06825e-01 1.21752e+00 -4.29056e+00
9.66648e-04 6.21207e-01 2.75258e-01 8.65526e-01 8.65526e-01 8.06828e-01 1.21760e+00 -4.29056e+00
9.68178e-04 6.21214e-01 2.75250e-01 8.65644e-01 8.65644e-01 8.06830e-01 1.21767e+00 -4.29056e+00
9.69708e-04 6.21221e-01 2.75242e-01 8.65763e-01 8.65763e-01 8.06832e-01 1.21774e+00 -4.29056e+00
9.71238e-04 6.21228e-01 2.75233e-01 8.65881e-01 8.65881e-01 8.06834e-01 1.21781e+00 -4.29057e+00
9.72768e-04 6.21236e-01 2.75225e-01 8.65999e-01 8.65999e-01 8.06837e-01 1.21789e+00 -4.29057e+00
9.74297e-04 6.21243e-01 2.75217e-01 8.66116e-01 8.66116e-01 8.06839e-01 1.21796e+00 -4.29057e+00
9.75827e-04 6.21250e-01 2.75209e-01 8.66234e-01 8.66234e-01 8.06841e-01 1.21803e+00 -4.29057e+00
9.77357e-04 6.21257e-01 2.75200e-01 8.66351e-01 8.66351e-01 8.06843e-01 1.21810e+00 -4.29058e+00
9.78886e-04 6.21264e-01 2.75192e-01 8.66467e-01 8.66468e-01 8.06845e-01 1.21817e+00 -4.29058e+00
9.80416e-04 6.21271e-01 2.75184e-01 8.66584e-01 8.66584e-01 8.06848e-01 1.21825e+00 -4.29058e+00
9.81946e-04 6.21278e-01 2.75176e-01 8.66700e-01 8.66700e-01 8.06850e-01 1.21832e+00 -4.29058e+00
9.83475e-04 6.21285e-01 2.75167e-01 8.66816e-01 8.66816e-01 8.06852e-01 1.21839e+00 -4.29058e+00
9.85005e-04 6.21292e-01 2.75159e-01 8.66932e-01 8.66932e-01 8.06854e-01 1.21846e+00 -4.29059e+00
9.86534e-04 6.21299e-01 2.75151e-01 8.67047e-01 8.67047e-01 8.06856e-01 1.21853e+00 -4.29059e+00
9.88064e-04 6.21306e-01 2.75143e-01 8.67162e-01 8.67162e-01 8.06858e-01 1.21860e+00 -4.29059e+00
9.89593e-04 6.21313e-01 2.75135e-01 8.67277e-01 8.67277e-01 8.06861e-01 1.21867e+00 -4.29059e+00
9.91122e-04 6.21320e-01 2.75127e-01 8.67392e-01 8.67392e-01 8.06863e-01 1.21874e+00 -4.29059e+00
9.92652e-04 6.21327e-01 2.75119e-01 8.67506e-01 8.67506e-01 8.06865e-01 1.21881e+00 -4.29060e+00
9.94181e-04 6.21334e-01 2.75111e-01 8.67620e-01 8.67620e-01 8.06867e-01 1.21888e+00 -4.29060e+00
9.95710e-04 6.21341e-01 2.75103e-01 8.67734e-01 8.67734e-01 8.06869e-01 1.21895e+00 -4.29060e+00
9.97239e-04 6.21347e-01 2.75095e-01 8.67848e-01 8.67848e-01 8.06871e-01 1.21902e+00 -4.29060e+00
9.98769e-04 6.21354e-01 2.75087e-01 8.67961e-01 8.67961e-01 8.06873e-01 1.21909e+00 -4.29061e+00
1.00000e-03 6.21360e-01 2.75080e-01 8.68052e-01 8.68052e-01 8.06875e-01 1.21915e+00 -4.29061e+00
