# x AR CA ca co phi u v
0.00000e+00 6.00000e-01 3.00000e-01 4.99135e-01 4.99135e-01 8.00000e-01 1.00000e+00 -4.28317e+00
1.90490e-03 6.55546e-01 2.35196e-01 5.57227e-01 5.36883e-01 8.20980e-01 1.70488e+00 -4.30187e+00
3.80980e-03 6.66421e-01 2.22509e-01 6.07734e-01 5.70835e-01 8.17357e-01 1.57530e+00 -4.29953e+00
5.71470e-03 6.60884e-01 2.28969e-01 6.53758e-01 6.02689e-01 8.14958e-01 1.49136e+00 -4.29777e+00
7.61960e-03 6.52449e-01 2.38809e-01 6.95873e-01 6.32840e-01 8.12856e-01 1.41900e+00 -4.29608e+00
9.52450e-03 6.44565e-01 2.48008e-01 7.34646e-01 6.61276e-01 8.10988e-01 1.35563e+00 -4.29448e+00
1.14294e-02 6.37726e-01 2.55987e-01 7.70629e-01 6.88576e-01 8.09330e-01 1.30012e+00 -4.29297e+00
1.33343e-02 6.31866e-01 2.62823e-01 8.04340e-01 7.14483e-01 8.07862e-01 1.25153e+00 -4.29158e+00
1.52392e-02 6.26850e-01 2.68675e-01 8.36257e-01 7.39846e-01 8.06565e-01 1.20902e+00 -4.29030e+00
1.71441e-02 6.22553e-01 2.73688e-01 8.66801e-01 7.63949e-01 8.05421e-01 1.17188e+00 -4.28913e+00
1.90490e-02 6.18871e-01 2.77984e-01 8.96341e-01 7.88186e-01 8.04421e-01 1.13965e+00 -4.28809e+00
2.09539e-02 6.15717e-01 2.81663e-01 9.25180e-01 8.10934e-01 8.03566e-01 1.11230e+00 -4.28717e+00
2.28588e-02 6.13024e-01 2.84805e-01 9.53564e-01 8.34778e-01 8.02894e-01 1.09091e+00 -4.28644e+00
2.47637e-02 6.10735e-01 2.87475e-01 9.81668e-01 8.56203e-01 8.02530e-01 1.07936e+00 -4.28604e+00
2.66686e-02 6.08801e-01 2.89732e-01 1.00960e+00 8.80428e-01 8.02788e-01 1.08752e+00 -4.28633e+00
2.85735e-02 6.07172e-01 2.91633e-01 1.03736e+00 8.99847e-01 8.04289e-01 1.13540e+00 -4.28795e+00
3.04784e-02 6.05792e-01 2.93243e-01 1.06488e+00 9.25421e-01 8.07928e-01 1.25368e+00 -4.29164e+00
3.23833e-02 6.04580e-01 2.94657e-01 1.09196e+00 9.41032e-01 8.14395e-01 1.47187e+00 -4.29733e+00
3.42882e-02 6.03418e-01 2.96013e-01 1.11842e+00 9.69054e-01 8.23244e-01 1.78766e+00 -4.30311e+00
3.61931e-02 6.02188e-01 2.97447e-01 1.14417e+00 9.78941e-01 8.32352e-01 2.13471e+00 -4.30637e+00
3.80980e-02 5.32449e-01 3.50346e-01 1.16947e+00 1.00968e+00 8.39200e-01 2.41126e+00 -4.30680e+00
4.00029e-02 5.02492e-01 3.73599e-01 1.18764e+00 1.01242e+00 8.31814e-01 2.11358e+00 -4.30626e+00
4.19078e-02 5.06228e-01 3.71537e-01 1.20148e+00 1.03811e+00 8.26719e-01 1.91736e+00 -4.30470e+00
4.38127e-02 5.19262e-01 3.62401e-01 1.21136e+00 1.03759e+00 8.23194e-01 1.78581e+00 -4.30309e+00
4.57176e-02 5.30162e-01 3.54784e-01 1.21863e+00 1.05737e+00 8.20653e-01 1.69304e+00 -4.30167e+00
4.76225e-02 5.37419e-01 3.49829e-01 1.22342e+00 1.05678e+00 8.18783e-01 1.62591e+00 -4.30050e+00
4.95274e-02 5.42048e-01 3.46777e-01 1.22666e+00 1.07118e+00 8.17396e-01 1.57668e+00 -4.29956e+00
5.14323e-02 5.45038e-01 3.44890e-01 1.22843e+00 1.07135e+00 8.16355e-01 1.54005e+00 -4.29882e+00
5.33372e-02 5.47013e-01 3.43703e-01 1.22932e+00 1.08166e+00 8.15569e-01 1.51259e+00 -4.29823e+00
5.52421e-02 5.48350e-01 3.42942e-01 1.22938e+00 1.08252e+00 8.14970e-01 1.49177e+00 -4.29778e+00
5.71470e-02 5.49272e-01 3.42446e-01 1.22897e+00 1.08992e+00 8.14513e-01 1.47594e+00 -4.29742e+00
5.90519e-02 5.49921e-01 3.42117e-01 1.22811e+00 1.09123e+00 8.14162e-01 1.46383e+00 -4.29714e+00
6.09568e-02 5.50383e-01 3.41896e-01 1.22703e+00 1.09662e+00 8.13894e-01 1.45458e+00 -4.29693e+00
6.28617e-02 5.50717e-01 3.41745e-01 1.22573e+00 1.09813e+00 8.13689e-01 1.44753e+00 -4.29676e+00
6.47666e-02 5.50960e-01 3.41641e-01 1.22434e+00 1.10212e+00 8.13534e-01 1.44222e+00 -4.29664e+00
6.66715e-02 5.51137e-01 3.41569e-01 1.22287e+00 1.10365e+00 8.13420e-01 1.43830e+00 -4.29654e+00
6.85764e-02 5.51265e-01 3.41519e-01 1.22139e+00 1.10665e+00 8.13340e-01 1.43555e+00 -4.29648e+00
7.04813e-02 5.51356e-01 3.41485e-01 1.21991e+00 1.10808e+00 8.13288e-01 1.43379e+00 -4.29644e+00
7.23862e-02 5.51417e-01 3.41463e-01 1.21845e+00 1.11036e+00 8.13264e-01 1.43294e+00 -4.29642e+00
7.42911e-02 5.51454e-01 3.41450e-01 1.21701e+00 1.11162e+00 8.13264e-01 1.43297e+00 -4.29642e+00
7.61960e-02 5.51467e-01 3.41446e-01 1.21560e+00 1.11333e+00 8.13291e-01 1.43388e+00 -4.29644e+00
7.81009e-02 5.51460e-01 3.41450e-01 1.21422e+00 1.11439e+00 8.13346e-01 1.43577e+00 -4.29648e+00
8.00058e-02 5.51430e-01 3.41462e-01 1.21285e+00 1.11564e+00 8.13434e-01 1.43877e+00 -4.29656e+00
8.19107e-02 5.51375e-01 3.41483e-01 1.21148e+00 1.11646e+00 8.13560e-01 1.44312e+00 -4.29666e+00
8.38156e-02 5.51290e-01 3.41515e-01 1.21009e+00 1.11729e+00 8.13736e-01 1.44915e+00 -4.29680e+00
8.57205e-02 5.51169e-01 3.41563e-01 1.20866e+00 1.11785e+00 8.13973e-01 1.45730e+00 -4.29699e+00
8.76254e-02 5.51001e-01 3.41632e-01 1.20713e+00 1.11826e+00 8.14290e-01 1.46824e+00 -4.29724e+00
8.95303e-02 5.50770e-01 3.41731e-01 1.20549e+00 1.11851e+00 8.14713e-01 1.48286e+00 -4.29758e+00
9.14352e-02 5.50453e-01 3.41873e-01 1.20366e+00 1.11846e+00 8.15278e-01 1.50248e+00 -4.29801e+00
9.33401e-02 5.50018e-01 3.42078e-01 1.20159e+00 1.11834e+00 8.16038e-01 1.52895e+00 -4.29858e+00
9.52450e-02 5.49416e-01 3.42379e-01 1.19919e+00 1.11774e+00 8.17064e-01 1.56496e+00 -4.29933e+00
9.71499e-02 5.48575e-01 3.42824e-01 1.19638e+00 1.11712e+00 8.18455e-01 1.61421e+00 -4.30028e+00
9.90548e-02 5.47386e-01 3.43489e-01 1.19304e+00 1.11581e+00 8.20329e-01 1.68133e+00 -4.30148e+00
1.00960e-01 5.45685e-01 3.44492e-01 1.18904e+00 1.11450e+00 8.22771e-01 1.77025e+00 -4.30287e+00
1.02865e-01 5.43219e-01 3.46017e-01 1.18422e+00 1.11224e+00 8.25700e-01 1.87898e+00 -4.30428e+00
1.04769e-01 5.39590e-01 3.48364e-01 1.17839e+00 1.10993e+00 8.28576e-01 1.98804e+00 -4.30538e+00
1.06674e-01 5.34130e-01 3.52030e-01 1.17130e+00 1.10640e+00 8.30048e-01 2.04474e+00 -4.30583e+00
1.08579e-01 5.25609e-01 3.57939e-01 1.16258e+00 1.10251e+00 8.28008e-01 1.96629e+00 -4.30518e+00
1.10484e-01 5.11487e-01 3.67989e-01 1.15164e+00 1.09702e+00 8.20975e-01 1.70471e+00 -4.30186e+00
1.12389e-01 4.86095e-01 3.86400e-01 1.13756e+00 1.09028e+00 8.10506e-01 1.33943e+00 -4.29405e+00
1.14294e-01 5.62800e-01 3.27969e-01 1.11913e+00 1.08105e+00 8.00781e-01 1.02435e+00 -4.28407e+00
1.16199e-01 5.93595e-01 3.04157e-01 1.10121e+00 1.07215e+00 8.01768e-01 1.05530e+00 -4.28519e+00
1.18104e-01 6.01816e-01 2.97360e-01 1.08401e+00 1.06333e+00 8.02186e-01 1.06847e+00 -4.28566e+00
1.20009e-01 6.04315e-01 2.94901e-01 1.06748e+00 1.05481e+00 8.02579e-01 1.08092e+00 -4.28610e+00
1.21914e-01 6.05774e-01 2.93257e-01 1.05161e+00 1.04641e+00 8.02937e-01 1.09226e+00 -4.28649e+00
1.23818e-01 6.07035e-01 2.91792e-01 1.03639e+00 1.03825e+00 8.03265e-01 1.10270e+00 -4.28685e+00
1.25723e-01 6.08216e-01 2.90414e-01 1.02184e+00 1.03025e+00 8.03569e-01 1.11237e+00 -4.28718e+00
1.27628e-01 6.09331e-01 2.89114e-01 1.00798e+00 1.02248e+00 8.03851e-01 1.12137e+00 -4.28748e+00
1.29533e-01 6.10381e-01 2.87889e-01 9.94822e-01 1.01489e+00 8.04113e-01 1.12977e+00 -4.28776e+00
1.31438e-01 6.11368e-01 2.86737e-01 9.82385e-01 1.00754e+00 8.04358e-01 1.13761e+00 -4.28802e+00
1.33343e-01 6.12291e-01 2.85660e-01 9.70681e-01 1.00042e+00 8.04585e-01 1.14493e+00 -4.28826e+00
1.35248e-01 6.13150e-01 2.84658e-01 9.59719e-01 9.93531e-01 8.04797e-01 1.15173e+00 -4.28848e+00
1.37153e-01 6.13946e-01 2.83730e-01 9.49500e-01 9.86888e-01 8.04993e-01 1.15804e+00 -4.28869e+00
1.39058e-01 6.14680e-01 2.82874e-01 9.40018e-01 9.80497e-01 8.05173e-01 1.16387e+00 -4.28888e+00
1.40963e-01 6.15353e-01 2.82088e-01 9.31262e-01 9.74356e-01 8.05340e-01 1.16923e+00 -4.28905e+00
1.42867e-01 6.15968e-01 2.81370e-01 9.23217e-01 9.68469e-01 8.05492e-01 1.17416e+00 -4.28921e+00
1.44772e-01 6.16528e-01 2.80717e-01 9.15860e-01 9.62833e-01 8.05631e-01 1.17867e+00 -4.28935e+00
1.46677e-01 6.17037e-01 2.80124e-01 9.09164e-01 9.57445e-01 8.05758e-01 1.18278e+00 -4.28948e+00
1.48582e-01 6.17497e-01 2.79587e-01 9.03102e-01 9.52302e-01 8.05873e-01 1.18651e+00 -4.28960e+00
1.50487e-01 6.17911e-01 2.79104e-01 8.97640e-01 9.47398e-01 8.05977e-01 1.18989e+00 -4.28970e+00
1.52392e-01 6.18284e-01 2.78668e-01 8.92745e-01 9.42728e-01 8.06071e-01 1.19295e+00 -4.28980e+00
1.54297e-01 6.18619e-01 2.78278e-01 8.88382e-01 9.38284e-01 8.06156e-01 1.19571e+00 -4.28989e+00
1.56202e-01 6.18919e-01 2.77928e-01 8.84513e-01 9.34060e-01 8.06233e-01 1.19820e+00 -4.28996e+00
1.58107e-01 6.19187e-01 2.77615e-01 8.81104e-01 9.30048e-01 8.06301e-01 1.20043e+00 -4.29003e+00
1.60012e-01 6.19426e-01 2.77336e-01 8.78117e-01 9.26240e-01 8.06363e-01 1.20243e+00 -4.29009e+00
1.61916e-01 6.19640e-01 2.77087e-01 8.75519e-01 9.22628e-01 8.06418e-01 1.20422e+00 -4.29015e+00
1.63821e-01 6.19830e-01 2.76865e-01 8.73275e-01 9.19205e-01 8.06467e-01 1.20583e+00 -4.29020e+00
1.65726e-01 6.19999e-01 2.76668e-01 8.71353e-01 9.15963e-01 8.06511e-01 1.20726e+00 -4.29024e+00
1.67631e-01 6.20149e-01 2.76493e-01 8.69720e-01 9.12894e-01 8.06550e-01 1.20854e+00 -4.29028e+00
1.69536e-01 6.20283e-01 2.76337e-01 8.68348e-01 9.09991e-01 8.06585e-01 1.20968e+00 -4.29032e+00
1.71441e-01 6.20401e-01 2.76198e-01 8.67209e-01 9.07247e-01 8.06616e-01 1.21070e+00 -4.29035e+00
1.73346e-01 6.20507e-01 2.76075e-01 8.66276e-01 9.04655e-01 8.06644e-01 1.21161e+00 -4.29038e+00
1.75251e-01 6.20600e-01 2.75966e-01 8.65526e-01 9.02207e-01 8.06669e-01 1.21241e+00 -4.29040e+00
1.77156e-01 6.20684e-01 2.75869e-01 8.64936e-01 8.99897e-01 8.06691e-01 1.21313e+00 -4.29042e+00
1.79061e-01 6.20757e-01 2.75783e-01 8.64486e-01 8.97720e-01 8.06711e-01 1.21378e+00 -4.29044e+00
1.80965e-01 6.20823e-01 2.75707e-01 8.64157e-01 8.95668e-01 8.06728e-01 1.21435e+00 -4.29046e+00
1.82870e-01 6.20881e-01 2.75639e-01 8.63931e-01 8.93737e-01 8.06744e-01 1.21486e+00 -4.29048e+00
1.84775e-01 6.20933e-01 2.75578e-01 8.63794e-01 8.91920e-01 8.06758e-01 1.21532e+00 -4.29049e+00
1.86680e-01 6.20979e-01 2.75524e-01 8.63732e-01 8.90211e-01 8.06770e-01 1.21572e+00 -4.29050e+00
1.88585e-01 6.21020e-01 2.75477e-01 8.63732e-01 8.88607e-01 8.06781e-01 1.21608e+00 -4.29051e+00
1.90490e-01 6.21057e-01 2.75434e-01 8.63784e-01 8.87101e-01 8.06791e-01 1.21641e+00 -4.29052e+00
1.92395e-01 6.21089e-01 2.75396e-01 8.63877e-01 8.85689e-01 8.06800e-01 1.21670e+00 -4.29053e+00
1.94300e-01 6.21118e-01 2.75362e-01 8.64003e-01 8.84366e-01 8.06808e-01 1.21695e+00 -4.29054e+00
1.96205e-01 6.21144e-01 2.75332e-01 8.64155e-01 8.83128e-01 8.06815e-01 1.21719e+00 -4.29055e+00
1.98110e-01 6.21167e-01 2.75305e-01 8.64325e-01 8.81970e-01 8.06821e-01 1.21739e+00 -4.29055e+00
2.00014e-01 6.21187e-01 2.75281e-01 8.64510e-01 8.80889e-01 8.06827e-01 1.21758e+00 -4.29056e+00
2.01919e-01 6.21206e-01 2.75260e-01 8.64703e-01 8.79880e-01 8.06832e-01 1.21774e+00 -4.29056e+00
2.03824e-01 6.21222e-01 2.75241e-01 8.64901e-01 8.78939e-01 8.06837e-01 1.21789e+00 -4.29057e+00
2.05729e-01 6.21237e-01 2.75224e-01 8.65101e-01 8.78062e-01 8.06841e-01 1.21802e+00 -4.29057e+00
2.07634e-01 6.21250e-01 2.75208e-01 8.65299e-01 8.77247e-01 8.06844e-01 1.21814e+00 -4.29058e+00
2.09539e-01 6.21262e-01 2.75195e-01 8.65494e-01 8.76489e-01 8.06848e-01 1.21825e+00 -4.29058e+00
2.11444e-01 6.21272e-01 2.75182e-01 8.65683e-01 8.75786e-01 8.06851e-01 1.21834e+00 -4.29058e+00
2.13349e-01 6.21282e-01 2.75171e-01 8.65866e-01 8.75134e-01 8.06853e-01 1.21843e+00 -4.29059e+00
2.15254e-01 6.21290e-01 2.75162e-01 8.66041e-01 8.74529e-01 8.06855e-01 1.21851e+00 -4.29059e+00
2.17159e-01 6.21298e-01 2.75153e-01 8.66208e-01 8.73970e-01 8.06858e-01 1.21857e+00 -4.29059e+00
2.19063e-01 6.21304e-01 2.75145e-01 8.66365e-01 8.73454e-01 8.06859e-01 1.21864e+00 -4.29059e+00
2.20968e-01 6.21310e-01 2.75138e-01 8.66514e-01 8.72977e-01 8.06861e-01 1.21869e+00 -4.29059e+00
2.22873e-01 6.21316e-01 2.75132e-01 8.66653e-01 8.72537e-01 8.06863e-01 1.21874e+00 -4.29059e+00
2.24778e-01 6.21321e-01 2.75126e-01 8.66782e-01 8.72132e-01 8.06864e-01 1.21878e+00 -4.29060e+00
2.26683e-01 6.21325e-01 2.75121e-01 8.66902e-01 8.71760e-01 8.06865e-01 1.21882e+00 -4.29060e+00
2.28588e-01 6.21329e-01 2.75116e-01 8.67013e-01 8.71418e-01 8.06866e-01 1.21886e+00 -4.29060e+00
2.30493e-01 6.21332e-01 2.75112e-01 8.67116e-01 8.71104e-01 8.06867e-01 1.21889e+00 -4.29060e+00
2.32398e-01 6.21335e-01 2.75109e-01 8.67210e-01 8.70816e-01 8.06868e-01 1.21892e+00 -4.29060e+00
2.34303e-01 6.21338e-01 2.75106e-01 8.67296e-01 8.70553e-01 8.06869e-01 1.21895e+00 -4.29060e+00
2.36208e-01 6.21341e-01 2.75103e-01 8.67375e-01 8.70312e-01 8.06870e-01 1.21897e+00 -4.29060e+00
2.38112e-01 6.21343e-01 2.75100e-01 8.67447e-01 8.70092e-01 8.06870e-01 1.21899e+00 -4.29060e+00
2.40017e-01 6.21345e-01 2.75098e-01 8.67512e-01 8.69891e-01 8.06871e-01 1.21901e+00 -4.29060e+00
2.41922e-01 6.21346e-01 2.75096e-01 8.67571e-01 8.69708e-01 8.06871e-01 1.21902e+00 -4.29060e+00
2.43827e-01 6.21348e-01 2.75094e-01 8.67624e-01 8.69542e-01 8.06872e-01 1.21904e+00 -4.29060e+00
2.45732e-01 6.21349e-01 2.75092e-01 8.67672e-01 8.69391e-01 8.06872e-01 1.21905e+00 -4.29060e+00
2.47637e-01 6.21351e-01 2.75091e-01 8.67715e-01 8.69254e-01 8.06873e-01 1.21906e+00 -4.29060e+00
2.49542e-01 6.21352e-01 2.75090e-01 8.67754e-01 8.69129e-01 8.06873e-01 1.21907e+00 -4.29060e+00
2.51447e-01 6.21353e-01 2.75089e-01 8.67789e-01 8.69017e-01 8.06873e-01 1.21908e+00 -4.29061e+00
2.53352e-01 6.21354e-01 2.75088e-01 8.67820e-01 8.68915e-01 8.06873e-01 1.21909e+00 -4.29061e+00
2.55257e-01 6.21354e-01 2.75087e-01 8.67847e-01 8.68823e-01 8.06874e-01 1.21910e+00 -4.29061e+00
2.57161e-01 6.21355e-01 2.75086e-01 8.67872e-01 8.68740e-01 8.06874e-01 1.21910e+00 -4.29061e+00
2.59066e-01 6.21356e-01 2.75085e-01 8.67894e-01 8.68665e-01 8.06874e-01 1.21911e+00 -4.29061e+00
2.60971e-01 6.21356e-01 2.75085e-01 8.67913e-01 8.68598e-01 8.06874e-01 1.21911e+00 -4.29061e+00
2.62876e-01 6.21357e-01 2.75084e-01 8.67931e-01 8.68538e-01 8.06874e-01 1.21912e+00 -4.29061e+00
2.64781e-01 6.21357e-01 2.75084e-01 8.67946e-01 8.68484e-01 8.06874e-01 1.21912e+00 -4.29061e+00
2.66686e-01 6.21357e-01 2.75083e-01 8.67959e-01 8.68435e-01 8.06874e-01 1.21912e+00 -4.29061e+00
2.68591e-01 6.21358e-01 2.75083e-01 8.67971e-01 8.68391e-01 8.06875e-01 1.21913e+00 -4.29061e+00
2.70496e-01 6.21358e-01 2.75082e-01 8.67981e-01 8.68352e-01 8.06875e-01 1.21913e+00 -4.29061e+00
2.72401e-01 6.21358e-01 2.75082e-01 8.67991e-01 8.68318e-01 8.06875e-01 1.21913e+00 -4.29061e+00
2.74306e-01 6.21358e-01 2.75082e-01 8.67999e-01 8.68287e-01 8.06875e-01 1.21913e+00 -4.29061e+00
2.76210e-01 6.21359e-01 2.75082e-01 8.68006e-01 8.68259e-01 8.06875e-01 1.21914e+00 -4.29061e+00
2.78115e-01 6.21359e-01 2.75082e-01 8.68012e-01 8.68234e-01 8.06875e-01 1.21914e+00 -4.29061e+00
2.80020e-01 6.21359e-01 2.75081e-01 8.68017e-01 8.68213e-01 8.06875e-01 1.21914e+00 -4.29061e+00
2.81925e-01 6.21359e-01 2.75081e-01 8.68022e-01 8.68193e-01 8.06875e-01 1.21914e+00 -4.29061e+00
2.83830e-01 6.21359e-01 2.75081e-01 8.68026e-01 8.68176e-01 8.06875e-01 1.21914e+00 -4.29061e+00
2.85735e-01 6.21359e-01 2.75081e-01 8.68030e-01 8.68161e-01 8.06875e-01 1.21914e+00 -4.29061e+00
2.87640e-01 6.21359e-01 2.75081e-01 8.68033e-01 8.68147e-01 8.06875e-01 1.21914e+00 -4.29061e+00
2.89545e-01 6.21359e-01 2.75081e-01 8.68035e-01 8.68135e-01 8.06875e-01 1.21914e+00 -4.29061e+00
2.91450e-01 6.21359e-01 2.75081e-01 8.68038e-01 8.68125e-01 8.06875e-01 1.21914e+00 -4.29061e+00
2.93355e-01 6.21359e-01 2.75081e-01 8.68040e-01 8.68116e-01 8.06875e-01 1.21915e+00 -4.29061e+00
2.95259e-01 6.21359e-01 2.75081e-01 8.68042e-01 8.68108e-01 8.06875e-01 1.21915e+00 -4.29061e+00
2.97164e-01 6.21360e-01 2.75081e-01 8.68043e-01 8.68100e-01 8.06875e-01 1.21915e+00 -4.29061e+00
2.99069e-01 6.21360e-01 2.75081e-01 8.68044e-01 8.68094e-01 8.06875e-01 1.21915e+00 -4.29061e+00
3.00974e-01 6.21360e-01 2.75081e-01 8.68045e-01 8.68089e-01 8.06875e-01 1.21915e+00 -4.29061e+00
3.02879e-01 6.21360e-01 2.75080e-01 8.68046e-01 8.68084e-01 8.06875e-01 1.21915e+00 -4.29061e+00
3.04784e-01 6.21360e-01 2.75080e-01 8.68047e-01 8.68080e-01 8.06875e-01 1.21915e+00 -4.29061e+00
3.06689e-01 6.21360e-01 2.75080e-01 8.68048e-01 8.68076e-01 8.06875e-01 1.21915e+00 -4.29061e+00
3.08594e-01 6.21360e-01 2.75080e-01 8.68049e-01 8.68073e-01 8.06875e-01 1.21915e+00 -4.29061e+00
3.10499e-01 6.21360e-01 2.75080e-01 8.68049e-01 8.68070e-01 8.06875e-01 1.21915e+00 -4.29061e+00
3.12404e-01 6.21360e-01 2.75080e-01 8.68050e-01 8.68067e-01 8.06875e-01 1.21915e+00 -4.29061e+00
3.14308e-01 6.21360e-01 2.75080e-01 8.68050e-01 8.68065e-01 8.06875e-01 1.21915e+00 -4.29061e+00
3.16213e-01 6.21360e-01 2.75080e-01 8.68050e-01 8.68063e-01 8.06875e-01 1.21915e+00 -4.29061e+00
3.18118e-01 6.21360e-01 2.75080e-01 8.68051e-01 8.68062e-01 8.06875e-01 1.21915e+00 -4.29061e+00
3.20023e-01 6.21360e-01 2.75080e-01 8.68051e-01 8.68060e-01 8.06875e-01 1.21915e+00 -4.29061e+00
3.21928e-01 6.21360e-01 2.75080e-01 8.68051e-01 8.68059e-01 8.06875e-01 1.21915e+00 -4.29061e+00
3.23833e-01 6.21360e-01 2.75080e-01 8.68051e-01 8.68058e-01 8.06875e-01 1.21915e+00 -4.29061e+00
3.25738e-01 6.21360e-01 2.75080e-01 8.68051e-01 8.68057e-01 8.06875e-01 1.21915e+00 -4.29061e+00
3.27643e-01 6.21360e-01 2.75080e-01 8.68051e-01 8.68057e-01 8.06875e-01 1.21915e+00 -4.29061e+00
3.29548e-01 6.21360e-01 2.75080e-01 8.68052e-01 8.68056e-01 8.06875e-01 1.21915e+00 -4.29061e+00
3.31453e-01 6.21360e-01 2.75080e-01 8.68052e-01 8.68055e-01 8.06875e-01 1.21915e+00 -4.29061e+00
3.33357e-01 6.21360e-01 2.75080e-01 8.68052e-01 8.68055e-01 8.06875e-01 1.21915e+00 -4.29061e+00
3.35262e-01 6.21360e-01 2.75080e-01 8.68052e-01 8.68054e-01 8.06875e-01 1.21915e+00 -4.29061e+00
3.37167e-01 6.21360e-01 2.75080e-01 8.68052e-01 8.68054e-01 8.06875e-01 1.21915e+00 -4.29061e+00
3.39072e-01 6.21360e-01 2.75080e-01 8.68052e-01 8.68054e-01 8.06875e-01 1.21915e+00 -4.29061e+00
3.40977e-01 6.21360e-01 2.75080e-01 8.68052e-01 8.68054e-01 8.06875e-01 1.21915e+00 -4.29061e+00
3.42882e-01 6.21360e-01 2.75080e-01 8.68052e-01 8.68053e-01 8.06875e-01 1.21915e+00 -4.29061e+00
3.44787e-01 6.21360e-01 2.75080e-01 8.68052e-01 8.68053e-01 8.06875e-01 1.21915e+00 -4.29061e+00
3.46692e-01 6.21360e-01 2.75080e-01 8.68052e-01 8.68053e-01 8.06875e-01 1.21915e+00 -4.29061e+00
3.48597e-01 6.21360e-01 2.75080e-01 8.68052e-01 8.68053e-01 8.06875e-01 1.21915e+00 -4.29061e+00
3.50502e-01 6.21360e-01 2.75080e-01 8.68052e-01 8.68053e-01 8.06875e-01 1.21915e+00 -4.29061e+00
3.52406e-01 6.21360e-01 2.75080e-01 8.68052e-01 8.68053e-01 8.06875e-01 1.21915e+00 -4.29061e+00
3.54311e-01 6.21360e-01 2.75080e-01 8.68052e-01 8.68053e-01 8.06875e-01 1.21915e+00 -4.29061e+00
3.56216e-01 6.21360e-01 2.75080e-01 8.68052e-01 8.68052e-01 8.06875e-01 1.21915e+00 -4.29061e+00
3.58121e-01 6.21360e-01 2.75080e-01 8.68052e-01 8.68052e-01 8.06875e-01 1.21915e+00 -4.29061e+00
3.60026e-01 6.21360e-01 2.75080e-01 8.68052e-01 8.68052e-01 8.06875e-01 1.21915e+00 -4.29061e+00
3.61931e-01 6.21360e-01 2.75080e-01 8.68052e-01 8.68052e-01 8.06875e-01 1.21915e+00 -4.29061e+00
3.63836e-01 6.21360e-01 2.75080e-01 8.68052e-01 8.68052e-01 8.06875e-01 1.21915e+00 -4.29061e+00
3.65741e-01 6.21360e-01 2.75080e-01 8.68052e-01 8.68052e-01 8.06875e-01 1.21915e+00 -4.29061e+00
3.67646e-01 6.21360e-01 2.75080e-01 8.68052e-01 8.68052e-01 8.06875e-01 1.21915e+00 -4.29061e+00
3.69551e-01 6.21360e-01 2.75080e-01 8.68052e-01 8.68052e-01 8.06875e-01 1.21915e+00 -4.29061e+00
3.71455e-01 6.21360e-01 2.75080e-01 8.68052e-01 8.68052e-01 8.06875e-01 1.21915e+00 -4.29061e+00
3.73360e-01 6.21360e-01 2.75080e-01 8.68052e-01 8.68052e-01 8.06875e-01 1.21915e+00 -4.29061e+00
3.75265e-01 6.21360e-01 2.75080e-01 8.68052e-01 8.68052e-01 8.06875e-01 1.21915e+00 -4.29061e+00
3.77170e-01 6.21360e-01 2.75080e-01 8.68052e-01 8.68052e-01 8.06875e-01 1.21915e+00 -4.29061e+00
3.79075e-01 6.21360e-01 2.75080e-01 8.68052e-01 8.68052e-01 8.06875e-01 1.21915e+00 -4.29061e+00
