# x AR CA ca co phi u v
0.00000e+00 6.00000e-01 3.00000e-01 4.99135e-01 4.99135e-01 8.00000e-01 1.00000e+00 -4.28317e+00
1.90490e-03 6.47874e-01 2.44147e-01 5.56686e-01 5.38439e-01 8.17402e-01 1.57689e+00 -4.29956e+00
3.80980e-03 6.53068e-01 2.38087e-01 6.06549e-01 5.73751e-01 8.14574e-01 1.47804e+00 -4.29747e+00
5.71470e-03 6.47481e-01 2.44606e-01 6.51479e-01 6.06963e-01 8.12663e-01 1.41240e+00 -4.29592e+00
7.61960e-03 6.40980e-01 2.52190e-01 6.92193e-01 6.37872e-01 8.10996e-01 1.35591e+00 -4.29448e+00
9.52450e-03 6.35232e-01 2.58896e-01 7.29391e-01 6.67489e-01 8.09534e-01 1.30690e+00 -4.29316e+00
1.14294e-02 6.30312e-01 2.64636e-01 7.63723e-01 6.95078e-01 8.08247e-01 1.26421e+00 -4.29195e+00
1.33343e-02 6.26099e-01 2.69551e-01 7.95785e-01 7.22249e-01 8.07109e-01 1.22680e+00 -4.29084e+00
1.52392e-02 6.22470e-01 2.73785e-01 8.26103e-01 7.47376e-01 8.06097e-01 1.19378e+00 -4.28982e+00
1.71441e-02 6.19321e-01 2.77459e-01 8.55144e-01 7.73149e-01 8.05191e-01 1.16444e+00 -4.28889e+00
1.90490e-02 6.16568e-01 2.80671e-01 8.83296e-01 7.96308e-01 8.04376e-01 1.13821e+00 -4.28804e+00
2.09539e-02 6.14146e-01 2.83497e-01 9.10892e-01 8.21708e-01 8.03643e-01 1.11476e+00 -4.28726e+00
2.28588e-02 6.12004e-01 2.85996e-01 9.38186e-01 8.42866e-01 8.02994e-01 1.09409e+00 -4.28655e+00
2.47637e-02 6.10104e-01 2.88212e-01 9.65383e-01 8.69129e-01 8.02464e-01 1.07727e+00 -4.28597e+00
2.66686e-02 6.08418e-01 2.90179e-01 9.92607e-01 8.87381e-01 8.02182e-01 1.06834e+00 -4.28566e+00
2.85735e-02 6.06919e-01 2.91928e-01 1.01992e+00 9.16438e-01 8.02522e-01 1.07911e+00 -4.28603e+00
3.04784e-02 6.05581e-01 2.93489e-01 1.04728e+00 9.29257e-01 8.04321e-01 1.13645e+00 -4.28798e+00
3.23833e-02 6.04368e-01 2.94904e-01 1.07452e+00 9.64352e-01 8.08882e-01 1.28525e+00 -4.29255e+00
3.42882e-02 6.03216e-01 2.96248e-01 1.10138e+00 9.66908e-01 8.17134e-01 1.56744e+00 -4.29938e+00
3.61931e-02 6.02057e-01 2.97600e-01 1.12769e+00 1.01162e+00 8.27809e-01 1.95871e+00 -4.30511e+00
3.80980e-02 5.31571e-01 3.50967e-01 1.15312e+00 1.00109e+00 8.36820e-01 2.31361e+00 -4.30686e+00
4.00029e-02 5.11754e-01 3.66431e-01 1.17224e+00 1.05031e+00 8.29690e-01 2.03089e+00 -4.30572e+00
4.19078e-02 5.20739e-01 3.60225e-01 1.18573e+00 1.02946e+00 8.24919e-01 1.84973e+00 -4.30393e+00
4.38127e-02 5.33019e-01 3.51471e-01 1.19635e+00 1.07289e+00 8.21677e-01 1.73022e+00 -4.30227e+00
4.57176e-02 5.41753e-01 3.45326e-01 1.20330e+00 1.05315e+00 8.19384e-01 1.64736e+00 -4.30089e+00
4.76225e-02 5.47265e-01 3.41548e-01 1.20865e+00 1.08683e+00 8.17740e-01 1.58883e+00 -4.29980e+00
4.95274e-02 5.50750e-01 3.39242e-01 1.21177e+00 1.07176e+00 8.16536e-01 1.54641e+00 -4.29895e+00
5.14323e-02 5.52997e-01 3.37816e-01 1.21403e+00 1.09632e+00 8.15651e-01 1.51544e+00 -4.29829e+00
5.33372e-02 5.54489e-01 3.36912e-01 1.21498e+00 1.08599e+00 8.14987e-01 1.49235e+00 -4.29779e+00
5.52421e-02 5.55496e-01 3.36330e-01 1.21551e+00 1.10336e+00 8.14489e-01 1.47513e+00 -4.29740e+00
5.71470e-02 5.56194e-01 3.35948e-01 1.21531e+00 1.09678e+00 8.14111e-01 1.46205e+00 -4.29710e+00
5.90519e-02 5.56683e-01 3.35693e-01 1.21493e+00 1.10887e+00 8.13824e-01 1.45218e+00 -4.29687e+00
6.09568e-02 5.57033e-01 3.35521e-01 1.21417e+00 1.10497e+00 8.13604e-01 1.44463e+00 -4.29669e+00
6.28617e-02 5.57284e-01 3.35403e-01 1.21336e+00 1.11328e+00 8.13439e-01 1.43894e+00 -4.29656e+00
6.47666e-02 5.57468e-01 3.35321e-01 1.21237e+00 1.11119e+00 8.13313e-01 1.43463e+00 -4.29646e+00
6.66715e-02 5.57600e-01 3.35264e-01 1.21141e+00 1.11678e+00 8.13221e-01 1.43148e+00 -4.29638e+00
6.85764e-02 5.57696e-01 3.35224e-01 1.21038e+00 1.11591e+00 8.13155e-01 1.42922e+00 -4.29633e+00
7.04813e-02 5.57762e-01 3.35198e-01 1.20942e+00 1.11950e+00 8.13112e-01 1.42776e+00 -4.29629e+00
7.23862e-02 5.57806e-01 3.35181e-01 1.20845e+00 1.11945e+00 8.13089e-01 1.42698e+00 -4.29627e+00
7.42911e-02 5.57830e-01 3.35172e-01 1.20753e+00 1.12147e+00 8.13086e-01 1.42687e+00 -4.29627e+00
7.61960e-02 5.57837e-01 3.35170e-01 1.20664e+00 1.12204e+00 8.13102e-01 1.42741e+00 -4.29628e+00
7.81009e-02 5.57826e-01 3.35175e-01 1.20577e+00 1.12273e+00 8.13138e-01 1.42866e+00 -4.29631e+00
8.00058e-02 5.57797e-01 3.35187e-01 1.20492e+00 1.12384e+00 8.13199e-01 1.43072e+00 -4.29636e+00
8.19107e-02 5.57747e-01 3.35207e-01 1.20405e+00 1.12326e+00 8.13287e-01 1.43373e+00 -4.29644e+00
8.38156e-02 5.57672e-01 3.35239e-01 1.20317e+00 1.12495e+00 8.13409e-01 1.43794e+00 -4.29654e+00
8.57205e-02 5.57566e-01 3.35284e-01 1.20219e+00 1.12301e+00 8.13576e-01 1.44366e+00 -4.29667e+00
8.76254e-02 5.57418e-01 3.35349e-01 1.20115e+00 1.12542e+00 8.13800e-01 1.45135e+00 -4.29685e+00
8.95303e-02 5.57215e-01 3.35442e-01 1.19989e+00 1.12188e+00 8.14099e-01 1.46163e+00 -4.29709e+00
9.14352e-02 5.56936e-01 3.35575e-01 1.19847e+00 1.12522e+00 8.14499e-01 1.47545e+00 -4.29741e+00
9.33401e-02 5.56550e-01 3.35768e-01 1.19668e+00 1.11968e+00 8.15036e-01 1.49407e+00 -4.29783e+00
9.52450e-02 5.56012e-01 3.36051e-01 1.19459e+00 1.12419e+00 8.15766e-01 1.51946e+00 -4.29838e+00
9.71499e-02 5.55253e-01 3.36470e-01 1.19187e+00 1.11618e+00 8.16764e-01 1.55441e+00 -4.29911e+00
9.90548e-02 5.54168e-01 3.37101e-01 1.18865e+00 1.12197e+00 8.18144e-01 1.60314e+00 -4.30007e+00
1.00960e-01 5.52596e-01 3.38059e-01 1.18446e+00 1.11108e+00 8.20044e-01 1.67109e+00 -4.30130e+00
1.02865e-01 5.50280e-01 3.39534e-01 1.17944e+00 1.11778e+00 8.22590e-01 1.76361e+00 -4.30277e+00
1.04769e-01 5.46819e-01 3.41826e-01 1.17298e+00 1.10415e+00 8.25687e-01 1.87848e+00 -4.30427e+00
1.06674e-01 5.41540e-01 3.45443e-01 1.16519e+00 1.11017e+00 8.28576e-01 1.98802e+00 -4.30538e+00
1.08579e-01 5.33266e-01 3.51274e-01 1.15527e+00 1.09511e+00 8.29207e-01 2.01227e+00 -4.30558e+00
1.10484e-01 5.19615e-01 3.61102e-01 1.14298e+00 1.09714e+00 8.24521e-01 1.83494e+00 -4.30374e+00
1.12389e-01 4.95183e-01 3.78948e-01 1.12686e+00 1.08174e+00 8.13473e-01 1.44013e+00 -4.29659e+00
1.14294e-01 5.73741e-01 3.19371e-01 1.10556e+00 1.07580e+00 8.00667e-01 1.02077e+00 -4.28394e+00
1.16199e-01 5.97736e-01 3.00796e-01 1.08463e+00 1.06106e+00 8.01612e-01 1.05038e+00 -4.28502e+00
1.18104e-01 6.02964e-01 2.96323e-01 1.06454e+00 1.05283e+00 8.02002e-01 1.06267e+00 -4.28546e+00
1.20009e-01 6.04727e-01 2.94465e-01 1.04527e+00 1.04051e+00 8.02380e-01 1.07460e+00 -4.28588e+00
1.21914e-01 6.06020e-01 2.92975e-01 1.02686e+00 1.03151e+00 8.02733e-01 1.08580e+00 -4.28627e+00
1.23818e-01 6.07230e-01 2.91565e-01 1.00932e+00 1.02065e+00 8.03065e-01 1.09635e+00 -4.28663e+00
1.25723e-01 6.08389e-01 2.90213e-01 9.92721e-01 1.01160e+00 8.03378e-01 1.10629e+00 -4.28697e+00
1.27628e-01 6.09492e-01 2.88927e-01 9.77083e-01 1.00179e+00 8.03671e-01 1.11565e+00 -4.28729e+00
1.29533e-01 6.10532e-01 2.87713e-01 9.62439e-01 9.93077e-01 8.03946e-01 1.12441e+00 -4.28758e+00
1.31438e-01 6.11504e-01 2.86578e-01 9.48809e-01 9.84165e-01 8.04200e-01 1.13257e+00 -4.28785e+00
1.33343e-01 6.12405e-01 2.85528e-01 9.36197e-01 9.75999e-01 8.04436e-01 1.14011e+00 -4.28810e+00
1.35248e-01 6.13233e-01 2.84562e-01 9.24599e-01 9.67915e-01 8.04651e-01 1.14705e+00 -4.28833e+00
1.37153e-01 6.13988e-01 2.83681e-01 9.13997e-01 9.60394e-01 8.04849e-01 1.15339e+00 -4.28854e+00
1.39058e-01 6.14673e-01 2.82881e-01 9.04364e-01 9.53091e-01 8.05028e-01 1.15916e+00 -4.28872e+00
1.40963e-01 6.15291e-01 2.82160e-01 8.95665e-01 9.46251e-01 8.05189e-01 1.16438e+00 -4.28889e+00
1.42867e-01 6.15846e-01 2.81513e-01 8.87856e-01 9.39687e-01 8.05335e-01 1.16908e+00 -4.28904e+00
1.44772e-01 6.16342e-01 2.80934e-01 8.80891e-01 9.33520e-01 8.05465e-01 1.17330e+00 -4.28918e+00
1.46677e-01 6.16783e-01 2.80420e-01 8.74716e-01 9.27648e-01 8.05582e-01 1.17707e+00 -4.28930e+00
1.48582e-01 6.17175e-01 2.79963e-01 8.69279e-01 9.22125e-01 8.05685e-01 1.18043e+00 -4.28940e+00
1.50487e-01 6.17521e-01 2.79558e-01 8.64523e-01 9.16893e-01 8.05777e-01 1.18341e+00 -4.28950e+00
1.52392e-01 6.17827e-01 2.79202e-01 8.60393e-01 9.11973e-01 8.05859e-01 1.18605e+00 -4.28958e+00
1.54297e-01 6.18097e-01 2.78887e-01 8.56833e-01 9.07327e-01 8.05931e-01 1.18839e+00 -4.28966e+00
1.56202e-01 6.18333e-01 2.78611e-01 8.53791e-01 9.02962e-01 8.05994e-01 1.19045e+00 -4.28972e+00
1.58107e-01 6.18541e-01 2.78369e-01 8.51213e-01 8.98852e-01 8.06050e-01 1.19227e+00 -4.28978e+00
1.60012e-01 6.18723e-01 2.78156e-01 8.49053e-01 8.94993e-01 8.06100e-01 1.19387e+00 -4.28983e+00
1.61916e-01 6.18883e-01 2.77970e-01 8.47261e-01 8.91368e-01 8.06143e-01 1.19527e+00 -4.28987e+00
1.63821e-01 6.19023e-01 2.77807e-01 8.45797e-01 8.87969e-01 8.06181e-01 1.19651e+00 -4.28991e+00
1.65726e-01 6.19145e-01 2.77664e-01 8.44618e-01 8.84782e-01 8.06214e-01 1.19759e+00 -4.28994e+00
1.67631e-01 6.19252e-01 2.77539e-01 8.43687e-01 8.81798e-01 8.06243e-01 1.19855e+00 -4.28997e+00
1.69536e-01 6.19346e-01 2.77430e-01 8.42972e-01 8.79006e-01 8.06269e-01 1.19938e+00 -4.29000e+00
1.71441e-01 6.19428e-01 2.77334e-01 8.42441e-01 8.76396e-01 8.06292e-01 1.20012e+00 -4.29002e+00
1.73346e-01 6.19500e-01 2.77251e-01 8.42066e-01 8.73959e-01 8.06311e-01 1.20076e+00 -4.29004e+00
1.75251e-01 6.19562e-01 2.77177e-01 8.41822e-01 8.71686e-01 8.06329e-01 1.20132e+00 -4.29006e+00
1.77156e-01 6.19617e-01 2.77113e-01 8.41687e-01 8.69567e-01 8.06344e-01 1.20182e+00 -4.29007e+00
1.79061e-01 6.19665e-01 2.77057e-01 8.41642e-01 8.67595e-01 8.06357e-01 1.20226e+00 -4.29009e+00
1.80965e-01 6.19708e-01 2.77008e-01 8.41668e-01 8.65761e-01 8.06369e-01 1.20264e+00 -4.29010e+00
1.82870e-01 6.19745e-01 2.76965e-01 8.41753e-01 8.64057e-01 8.06379e-01 1.20298e+00 -4.29011e+00
1.84775e-01 6.19777e-01 2.76927e-01 8.41881e-01 8.62477e-01 8.06389e-01 1.20327e+00 -4.29012e+00
1.86680e-01 6.19806e-01 2.76894e-01 8.42043e-01 8.61014e-01 8.06397e-01 1.20353e+00 -4.29013e+00
1.88585e-01 6.19831e-01 2.76864e-01 8.42229e-01 8.59659e-01 8.06404e-01 1.20376e+00 -4.29013e+00
1.90490e-01 6.19853e-01 2.76839e-01 8.42431e-01 8.58408e-01 8.06410e-01 1.20396e+00 -4.29014e+00
1.92395e-01 6.19872e-01 2.76816e-01 8.42643e-01 8.57253e-01 8.06415e-01 1.20414e+00 -4.29015e+00
1.94300e-01 6.19889e-01 2.76796e-01 8.42859e-01 8.56189e-01 8.06420e-01 1.20430e+00 -4.29015e+00
1.96205e-01 6.19904e-01 2.76779e-01 8.43074e-01 8.55210e-01 8.06424e-01 1.20444e+00 -4.29016e+00
1.98110e-01 6.19917e-01 2.76763e-01 8.43285e-01 8.54310e-01 8.06428e-01 1.20456e+00 -4.29016e+00
2.00014e-01 6.19929e-01 2.76750e-01 8.43490e-01 8.53485e-01 8.06431e-01 1.20467e+00 -4.29016e+00
2.01919e-01 6.19939e-01 2.76738e-01 8.43687e-01 8.52729e-01 8.06434e-01 1.20476e+00 -4.29017e+00
2.03824e-01 6.19948e-01 2.76727e-01 8.43874e-01 8.52037e-01 8.06437e-01 1.20484e+00 -4.29017e+00
2.05729e-01 6.19956e-01 2.76718e-01 8.44050e-01 8.51405e-01 8.06439e-01 1.20492e+00 -4.29017e+00
2.07634e-01 6.19963e-01 2.76710e-01 8.44214e-01 8.50829e-01 8.06441e-01 1.20498e+00 -4.29017e+00
2.09539e-01 6.19969e-01 2.76703e-01 8.44367e-01 8.50304e-01 8.06443e-01 1.20504e+00 -4.29017e+00
2.11444e-01 6.19974e-01 2.76697e-01 8.44508e-01 8.49827e-01 8.06444e-01 1.20509e+00 -4.29018e+00
2.13349e-01 6.19979e-01 2.76691e-01 8.44638e-01 8.49394e-01 8.06446e-01 1.20514e+00 -4.29018e+00
2.15254e-01 6.19983e-01 2.76686e-01 8.44756e-01 8.49001e-01 8.06447e-01 1.20517e+00 -4.29018e+00
2.17159e-01 6.19987e-01 2.76682e-01 8.44863e-01 8.48646e-01 8.06448e-01 1.20521e+00 -4.29018e+00
2.19063e-01 6.19990e-01 2.76678e-01 8.44961e-01 8.48325e-01 8.06449e-01 1.20524e+00 -4.29018e+00
2.20968e-01 6.19993e-01 2.76675e-01 8.45048e-01 8.48036e-01 8.06450e-01 1.20527e+00 -4.29018e+00
2.22873e-01 6.19995e-01 2.76672e-01 8.45127e-01 8.47776e-01 8.06451e-01 1.20529e+00 -4.29018e+00
2.24778e-01 6.19998e-01 2.76670e-01 8.45198e-01 8.47541e-01 8.06451e-01 1.20531e+00 -4.29018e+00
2.26683e-01 6.19999e-01 2.76667e-01 8.45261e-01 8.47331e-01 8.06452e-01 1.20533e+00 -4.29018e+00
2.28588e-01 6.20001e-01 2.76665e-01 8.45317e-01 8.47143e-01 8.06452e-01 1.20534e+00 -4.29018e+00
2.30493e-01 6.20002e-01 2.76664e-01 8.45366e-01 8.46974e-01 8.06453e-01 1.20536e+00 -4.29018e+00
2.32398e-01 6.20004e-01 2.76662e-01 8.45410e-01 8.46824e-01 8.06453e-01 1.20537e+00 -4.29018e+00
2.34303e-01 6.20005e-01 2.76661e-01 8.45449e-01 8.46690e-01 8.06453e-01 1.20538e+00 -4.29018e+00
2.36208e-01 6.20006e-01 2.76660e-01 8.45483e-01 8.46570e-01 8.06454e-01 1.20539e+00 -4.29019e+00
2.38112e-01 6.20007e-01 2.76659e-01 8.45513e-01 8.46464e-01 8.06454e-01 1.20540e+00 -4.29019e+00
2.40017e-01 6.20007e-01 2.76658e-01 8.45539e-01 8.46370e-01 8.06454e-01 1.20540e+00 -4.29019e+00
2.41922e-01 6.20008e-01 2.76657e-01 8.45561e-01 8.46286e-01 8.06454e-01 1.20541e+00 -4.29019e+00
2.43827e-01 6.20009e-01 2.76657e-01 8.45581e-01 8.46212e-01 8.06454e-01 1.20541e+00 -4.29019e+00
2.45732e-01 6.20009e-01 2.76656e-01 8.45598e-01 8.46147e-01 8.06454e-01 1.20542e+00 -4.29019e+00
2.47637e-01 6.20009e-01 2.76656e-01 8.45613e-01 8.46090e-01 8.06455e-01 1.20542e+00 -4.29019e+00
2.49542e-01 6.20010e-01 2.76655e-01 8.45626e-01 8.46039e-01 8.06455e-01 1.20543e+00 -4.29019e+00
2.51447e-01 6.20010e-01 2.76655e-01 8.45637e-01 8.45995e-01 8.06455e-01 1.20543e+00 -4.29019e+00
2.53352e-01 6.20010e-01 2.76655e-01 8.45647e-01 8.45956e-01 8.06455e-01 1.20543e+00 -4.29019e+00
2.55257e-01 6.20010e-01 2.76654e-01 8.45655e-01 8.45922e-01 8.06455e-01 1.20543e+00 -4.29019e+00
2.57161e-01 6.20011e-01 2.76654e-01 8.45662e-01 8.45892e-01 8.06455e-01 1.20543e+00 -4.29019e+00
2.59066e-01 6.20011e-01 2.76654e-01 8.45668e-01 8.45866e-01 8.06455e-01 1.20544e+00 -4.29019e+00
2.60971e-01 6.20011e-01 2.76654e-01 8.45673e-01 8.45843e-01 8.06455e-01 1.20544e+00 -4.29019e+00
2.62876e-01 6.20011e-01 2.76654e-01 8.45678e-01 8.45823e-01 8.06455e-01 1.20544e+00 -4.29019e+00
2.64781e-01 6.20011e-01 2.76654e-01 8.45681e-01 8.45806e-01 8.06455e-01 1.20544e+00 -4.29019e+00
2.66686e-01 6.20011e-01 2.76654e-01 8.45685e-01 8.45791e-01 8.06455e-01 1.20544e+00 -4.29019e+00
2.68591e-01 6.20011e-01 2.76653e-01 8.45687e-01 8.45778e-01 8.06455e-01 1.20544e+00 -4.29019e+00
2.70496e-01 6.20011e-01 2.76653e-01 8.45690e-01 8.45767e-01 8.06455e-01 1.20544e+00 -4.29019e+00
2.72401e-01 6.20011e-01 2.76653e-01 8.45692e-01 8.45758e-01 8.06455e-01 1.20544e+00 -4.29019e+00
2.74306e-01 6.20012e-01 2.76653e-01 8.45693e-01 8.45749e-01 8.06455e-01 1.20544e+00 -4.29019e+00
2.76210e-01 6.20012e-01 2.76653e-01 8.45695e-01 8.45742e-01 8.06455e-01 1.20544e+00 -4.29019e+00
2.78115e-01 6.20012e-01 2.76653e-01 8.45696e-01 8.45736e-01 8.06455e-01 1.20544e+00 -4.29019e+00
2.80020e-01 6.20012e-01 2.76653e-01 8.45697e-01 8.45731e-01 8.06455e-01 1.20544e+00 -4.29019e+00
2.81925e-01 6.20012e-01 2.76653e-01 8.45698e-01 8.45727e-01 8.06455e-01 1.20544e+00 -4.29019e+00
2.83830e-01 6.20012e-01 2.76653e-01 8.45698e-01 8.45723e-01 8.06455e-01 1.20544e+00 -4.29019e+00
2.85735e-01 6.20012e-01 2.76653e-01 8.45699e-01 8.45719e-01 8.06455e-01 1.20544e+00 -4.29019e+00
2.87640e-01 6.20012e-01 2.76653e-01 8.45699e-01 8.45717e-01 8.06455e-01 1.20544e+00 -4.29019e+00
2.89545e-01 6.20012e-01 2.76653e-01 8.45700e-01 8.45714e-01 8.06455e-01 1.20544e+00 -4.29019e+00
2.91450e-01 6.20012e-01 2.76653e-01 8.45700e-01 8.45712e-01 8.06455e-01 1.20544e+00 -4.29019e+00
2.93355e-01 6.20012e-01 2.76653e-01 8.45700e-01 8.45711e-01 8.06455e-01 1.20544e+00 -4.29019e+00
2.95259e-01 6.20012e-01 2.76653e-01 8.45701e-01 8.45709e-01 8.06455e-01 1.20544e+00 -4.29019e+00
2.97164e-01 6.20012e-01 2.76653e-01 8.45701e-01 8.45708e-01 8.06455e-01 1.20544e+00 -4.29019e+00
2.99069e-01 6.20012e-01 2.76653e-01 8.45701e-01 8.45707e-01 8.06455e-01 1.20544e+00 -4.29019e+00
3.00974e-01 6.20012e-01 2.76653e-01 8.45701e-01 8.45706e-01 8.06455e-01 1.20544e+00 -4.29019e+00
3.02879e-01 6.20012e-01 2.76653e-01 8.45701e-01 8.45705e-01 8.06455e-01 1.20544e+00 -4.29019e+00
3.04784e-01 6.20012e-01 2.76653e-01 8.45701e-01 8.45705e-01 8.06455e-01 1.20544e+00 -4.29019e+00
3.06689e-01 6.20012e-01 2.76653e-01 8.45701e-01 8.45704e-01 8.06455e-01 1.20544e+00 -4.29019e+00
3.08594e-01 6.20012e-01 2.76653e-01 8.45701e-01 8.45704e-01 8.06455e-01 1.20544e+00 -4.29019e+00
3.10499e-01 6.20012e-01 2.76653e-01 8.45701e-01 8.45703e-01 8.06455e-01 1.20544e+00 -4.29019e+00
3.12404e-01 6.20012e-01 2.76653e-01 8.45701e-01 8.45703e-01 8.06455e-01 1.20544e+00 -4.29019e+00
3.14308e-01 6.20012e-01 2.76653e-01 8.45702e-01 8.45703e-01 8.06455e-01 1.20544e+00 -4.29019e+00
3.16213e-01 6.20012e-01 2.76653e-01 8.45702e-01 8.45703e-01 8.06455e-01 1.20544e+00 -4.29019e+00
3.18118e-01 6.20012e-01 2.76653e-01 8.45702e-01 8.45702e-01 8.06455e-01 1.20544e+00 -4.29019e+00
3.20023e-01 6.20012e-01 2.76653e-01 8.45702e-01 8.45702e-01 8.06455e-01 1.20544e+00 -4.29019e+00
3.21928e-01 6.20012e-01 2.76653e-01 8.45702e-01 8.45702e-01 8.06455e-01 1.20544e+00 -4.29019e+00
3.23833e-01 6.20012e-01 2.76653e-01 8.45702e-01 8.45702e-01 8.06455e-01 1.20544e+00 -4.29019e+00
3.25738e-01 6.20012e-01 2.76653e-01 8.45702e-01 8.45702e-01 8.06455e-01 1.20544e+00 -4.29019e+00
3.27643e-01 6.20012e-01 2.76653e-01 8.45702e-01 8.45702e-01 8.06455e-01 1.20544e+00 -4.29019e+00
3.29548e-01 6.20012e-01 2.76653e-01 8.45702e-01 8.45702e-01 8.06455e-01 1.20544e+00 -4.29019e+00
3.31453e-01 6.20012e-01 2.76653e-01 8.45702e-01 8.45702e-01 8.06455e-01 1.20544e+00 -4.29019e+00
3.33357e-01 6.20012e-01 2.76653e-01 8.45702e-01 8.45702e-01 8.06455e-01 1.20544e+00 -4.29019e+00
3.35262e-01 6.20012e-01 2.76653e-01 8.45702e-01 8.45702e-01 8.06455e-01 1.20544e+00 -4.29019e+00
3.37167e-01 6.20012e-01 2.76653e-01 8.45702e-01 8.45702e-01 8.06455e-01 1.20544e+00 -4.29019e+00
3.39072e-01 6.20012e-01 2.76653e-01 8.45702e-01 8.45702e-01 8.06455e-01 1.20544e+00 -4.29019e+00
3.40977e-01 6.20012e-01 2.76653e-01 8.45702e-01 8.45702e-01 8.06455e-01 1.20544e+00 -4.29019e+00
3.42882e-01 6.20012e-01 2.76653e-01 8.45702e-01 8.45702e-01 8.06455e-01 1.20544e+00 -4.29019e+00
3.44787e-01 6.20012e-01 2.76653e-01 8.45702e-01 8.45702e-01 8.06455e-01 1.20544e+00 -4.29019e+00
3.46692e-01 6.20012e-01 2.76653e-01 8.45702e-01 8.45702e-01 8.06455e-01 1.20544e+00 -4.29019e+00
3.48597e-01 6.20012e-01 2.76653e-01 8.45702e-01 8.45702e-01 8.06455e-01 1.20544e+00 -4.29019e+00
3.50502e-01 6.20012e-01 2.76653e-01 8.45702e-01 8.45702e-01 8.06455e-01 1.20544e+00 -4.29019e+00
3.52406e-01 6.20012e-01 2.76653e-01 8.45702e-01 8.45702e-01 8.06455e-01 1.20544e+00 -4.29019e+00
3.54311e-01 6.20012e-01 2.76653e-01 8.45702e-01 8.45702e-01 8.06455e-01 1.20544e+00 -4.29019e+00
3.56216e-01 6.20012e-01 2.76653e-01 8.45702e-01 8.45702e-01 8.06455e-01 1.20544e+00 -4.29019e+00
3.58121e-01 6.20012e-01 2.76653e-01 8.45702e-01 8.45702e-01 8.06455e-01 1.20544e+00 -4.29019e+00
3.60026e-01 6.20012e-01 2.76653e-01 8.45702e-01 8.45702e-01 8.06455e-01 1.20544e+00 -4.29019e+00
3.61931e-01 6.20012e-01 2.76653e-01 8.45702e-01 8.45702e-01 8.06455e-01 1.20544e+00 -4.29019e+00
3.63836e-01 6.20012e-01 2.76653e-01 8.45702e-01 8.45702e-01 8.06455e-01 1.20544e+00 -4.29019e+00
3.65741e-01 6.20012e-01 2.76653e-01 8.45702e-01 8.45702e-01 8.06455e-01 1.20544e+00 -4.29019e+00
3.67646e-01 6.20012e-01 2.76653e-01 8.45702e-01 8.45702e-01 8.06455e-01 1.20544e+00 -4.29019e+00
3.69551e-01 6.20012e-01 2.76653e-01 8.45702e-01 8.45702e-01 8.06455e-01 1.20544e+00 -4.29019e+00
3.71455e-01 6.20012e-01 2.76653e-01 8.45702e-01 8.45702e-01 8.06455e-01 1.20544e+00 -4.29019e+00
3.73360e-01 6.20012e-01 2.76653e-01 8.45702e-01 8.45702e-01 8.06455e-01 1.20544e+00 -4.29019e+00
3.75265e-01 6.20012e-01 2.76653e-01 8.45702e-01 8.45702e-01 8.06455e-01 1.20544e+00 -4.29019e+00
3.77170e-01 6.20012e-01 2.76653e-01 8.45702e-01 8.45702e-01 8.06455e-01 1.20544e+00 -4.29019e+00
3.79075e-01 6.20012e-01 2.76653e-01 8.45702e-01 8.45702e-01 8.06455e-01 1.20544e+00 -4.29019e+00
