# x AR CA ca co phi u v
0.00000e+00 6.00000e-01 3.00000e-01 4.99135e-01 4.99135e-01 8.00000e-01 1.00000e+00 -4.28317e+00
1.90490e-03 6.36770e-01 2.57101e-01 5.54556e-01 5.40073e-01 8.12939e-01 1.42183e+00 -4.29615e+00
3.80980e-03 6.37801e-01 2.55899e-01 6.02150e-01 5.76940e-01 8.11051e-01 1.35774e+00 -4.29453e+00
5.71470e-03 6.33553e-01 2.60855e-01 6.44305e-01 6.11343e-01 8.09745e-01 1.31396e+00 -4.29335e+00
7.61960e-03 6.29436e-01 2.65658e-01 6.81960e-01 6.43258e-01 8.08625e-01 1.27671e+00 -4.29231e+00
9.52450e-03 6.25922e-01 2.69758e-01 7.15989e-01 6.73622e-01 8.07657e-01 1.24476e+00 -4.29138e+00
1.14294e-02 6.22931e-01 2.73248e-01 7.47179e-01 7.01936e-01 8.06811e-01 1.21704e+00 -4.29054e+00
1.33343e-02 6.20352e-01 2.76257e-01 7.76232e-01 7.29582e-01 8.06061e-01 1.19261e+00 -4.28979e+00
1.52392e-02 6.18092e-01 2.78893e-01 8.03757e-01 7.55320e-01 8.05384e-01 1.17069e+00 -4.28909e+00
1.71441e-02 6.16075e-01 2.81246e-01 8.30289e-01 7.81351e-01 8.04763e-01 1.15064e+00 -4.28845e+00
1.90490e-02 6.14243e-01 2.83383e-01 8.56272e-01 8.05171e-01 8.04182e-01 1.13198e+00 -4.28783e+00
2.09539e-02 6.12549e-01 2.85359e-01 8.82085e-01 8.30566e-01 8.03631e-01 1.11436e+00 -4.28724e+00
2.28588e-02 6.10963e-01 2.87210e-01 9.08021e-01 8.52690e-01 8.03104e-01 1.09758e+00 -4.28667e+00
2.47637e-02 6.09461e-01 2.88962e-01 9.34311e-01 8.78468e-01 8.02603e-01 1.08168e+00 -4.28612e+00
2.66686e-02 6.08033e-01 2.90628e-01 9.61104e-01 8.98501e-01 8.02153e-01 1.06745e+00 -4.28562e+00
2.85735e-02 6.06675e-01 2.92212e-01 9.88490e-01 9.26019e-01 8.01869e-01 1.05848e+00 -4.28531e+00
3.04784e-02 6.05389e-01 2.93713e-01 1.01646e+00 9.42521e-01 8.02162e-01 1.06772e+00 -4.28563e+00
3.23833e-02 6.04179e-01 2.95125e-01 1.04491e+00 9.73948e-01 8.04181e-01 1.13196e+00 -4.28783e+00
3.42882e-02 6.03038e-01 2.96455e-01 1.07353e+00 9.83637e-01 8.10059e-01 1.32445e+00 -4.29364e+00
3.61931e-02 6.01954e-01 2.97720e-01 1.10191e+00 1.02155e+00 8.21275e-01 1.71558e+00 -4.30204e+00
3.80980e-02 5.31861e-01 3.50689e-01 1.12947e+00 1.02097e+00 8.34054e-01 2.20219e+00 -4.30665e+00
4.00029e-02 5.24466e-01 3.56646e-01 1.15001e+00 1.06131e+00 8.27135e-01 1.93310e+00 -4.30486e+00
4.19078e-02 5.36325e-01 3.48081e-01 1.16480e+00 1.04954e+00 8.22739e-01 1.76905e+00 -4.30285e+00
4.38127e-02 5.46459e-01 3.40764e-01 1.17626e+00 1.08547e+00 8.19843e-01 1.66386e+00 -4.30118e+00
4.57176e-02 5.52863e-01 3.36217e-01 1.18405e+00 1.07190e+00 8.17868e-01 1.59335e+00 -4.29989e+00
4.76225e-02 5.56790e-01 3.33499e-01 1.19002e+00 1.10068e+00 8.16497e-01 1.54502e+00 -4.29892e+00
4.95274e-02 5.59261e-01 3.31842e-01 1.19377e+00 1.08898e+00 8.15520e-01 1.51088e+00 -4.29819e+00
5.14323e-02 5.60850e-01 3.30814e-01 1.19656e+00 1.11083e+00 8.14818e-01 1.48650e+00 -4.29766e+00
5.33372e-02 5.61905e-01 3.30158e-01 1.19806e+00 1.10191e+00 8.14302e-01 1.46866e+00 -4.29725e+00
5.52421e-02 5.62615e-01 3.29735e-01 1.19909e+00 1.11796e+00 8.13923e-01 1.45559e+00 -4.29695e+00
5.71470e-02 5.63106e-01 3.29454e-01 1.19938e+00 1.11165e+00 8.13638e-01 1.44580e+00 -4.29672e+00
5.90519e-02 5.63448e-01 3.29266e-01 1.19948e+00 1.12312e+00 8.13426e-01 1.43852e+00 -4.29655e+00
6.09568e-02 5.63693e-01 3.29138e-01 1.19920e+00 1.11897e+00 8.13266e-01 1.43301e+00 -4.29642e+00
6.28617e-02 5.63867e-01 3.29049e-01 1.19887e+00 1.12684e+00 8.13146e-01 1.42891e+00 -4.29632e+00
6.47666e-02 5.63994e-01 3.28987e-01 1.19837e+00 1.12442e+00 8.13056e-01 1.42582e+00 -4.29625e+00
6.66715e-02 5.64085e-01 3.28944e-01 1.19790e+00 1.12939e+00 8.12990e-01 1.42357e+00 -4.29619e+00
6.85764e-02 5.64150e-01 3.28914e-01 1.19739e+00 1.12838e+00 8.12943e-01 1.42197e+00 -4.29615e+00
7.04813e-02 5.64194e-01 3.28894e-01 1.19693e+00 1.13094e+00 8.12912e-01 1.42091e+00 -4.29613e+00
7.23862e-02 5.64222e-01 3.28881e-01 1.19651e+00 1.13115e+00 8.12895e-01 1.42033e+00 -4.29611e+00
7.42911e-02 5.64236e-01 3.28875e-01 1.19614e+00 1.13154e+00 8.12891e-01 1.42018e+00 -4.29611e+00
7.61960e-02 5.64238e-01 3.28875e-01 1.19583e+00 1.13293e+00 8.12899e-01 1.42047e+00 -4.29612e+00
7.81009e-02 5.64226e-01 3.28881e-01 1.19554e+00 1.13121e+00 8.12920e-01 1.42120e+00 -4.29613e+00
8.00058e-02 5.64201e-01 3.28892e-01 1.19532e+00 1.13388e+00 8.12957e-01 1.42245e+00 -4.29616e+00
8.19107e-02 5.64159e-01 3.28911e-01 1.19503e+00 1.12993e+00 8.13011e-01 1.42430e+00 -4.29621e+00
8.38156e-02 5.64098e-01 3.28940e-01 1.19479e+00 1.13412e+00 8.13088e-01 1.42692e+00 -4.29627e+00
8.57205e-02 5.64013e-01 3.28980e-01 1.19438e+00 1.12762e+00 8.13191e-01 1.43046e+00 -4.29636e+00
8.76254e-02 5.63894e-01 3.29038e-01 1.19397e+00 1.13372e+00 8.13332e-01 1.43528e+00 -4.29647e+00
8.95303e-02 5.63731e-01 3.29120e-01 1.19322e+00 1.12414e+00 8.13519e-01 1.44171e+00 -4.29663e+00
9.14352e-02 5.63505e-01 3.29237e-01 1.19236e+00 1.13264e+00 8.13773e-01 1.45044e+00 -4.29683e+00
9.33401e-02 5.63191e-01 3.29407e-01 1.19094e+00 1.11927e+00 8.14114e-01 1.46217e+00 -4.29710e+00
9.52450e-02 5.62747e-01 3.29656e-01 1.18926e+00 1.13075e+00 8.14581e-01 1.47830e+00 -4.29747e+00
9.71499e-02 5.62118e-01 3.30026e-01 1.18667e+00 1.11271e+00 8.15222e-01 1.50052e+00 -4.29797e+00
9.90548e-02 5.61201e-01 3.30586e-01 1.18358e+00 1.12756e+00 8.16121e-01 1.53188e+00 -4.29864e+00
1.00960e-01 5.59855e-01 3.31441e-01 1.17907e+00 1.10415e+00 8.17393e-01 1.57657e+00 -4.29956e+00
1.02865e-01 5.57830e-01 3.32777e-01 1.17368e+00 1.12202e+00 8.19217e-01 1.64138e+00 -4.30078e+00
1.04769e-01 5.54743e-01 3.34881e-01 1.16616e+00 1.09341e+00 8.21768e-01 1.73352e+00 -4.30232e+00
1.06674e-01 5.49917e-01 3.38265e-01 1.15712e+00 1.11191e+00 8.25008e-01 1.85308e+00 -4.30397e+00
1.08579e-01 5.42223e-01 3.43784e-01 1.14498e+00 1.08068e+00 8.27873e-01 1.96116e+00 -4.30513e+00
1.10484e-01 5.29471e-01 3.53083e-01 1.13012e+00 1.09371e+00 8.27025e-01 1.92892e+00 -4.30482e+00
1.12389e-01 5.06855e-01 3.69730e-01 1.11014e+00 1.06424e+00 8.17540e-01 1.58177e+00 -4.29966e+00
1.14294e-01 5.84630e-01 3.10950e-01 1.08348e+00 1.06353e+00 8.00565e-01 1.01758e+00 -4.28382e+00
1.16199e-01 6.00695e-01 2.98420e-01 1.05705e+00 1.03868e+00 8.01404e-01 1.04387e+00 -4.28478e+00
1.18104e-01 6.03602e-01 2.95737e-01 1.03183e+00 1.03150e+00 8.01775e-01 1.05554e+00 -4.28520e+00
1.20009e-01 6.04968e-01 2.94200e-01 1.00786e+00 1.01256e+00 8.02147e-01 1.06725e+00 -4.28562e+00
1.21914e-01 6.06203e-01 2.92763e-01 9.85246e-01 1.00277e+00 8.02506e-01 1.07860e+00 -4.28602e+00
1.23818e-01 6.07401e-01 2.91365e-01 9.64092e-01 9.87311e-01 8.02849e-01 1.08948e+00 -4.28639e+00
1.25723e-01 6.08546e-01 2.90030e-01 9.44464e-01 9.76817e-01 8.03173e-01 1.09976e+00 -4.28675e+00
1.27628e-01 6.09620e-01 2.88777e-01 9.26405e-01 9.63728e-01 8.03474e-01 1.10934e+00 -4.28707e+00
1.29533e-01 6.10612e-01 2.87620e-01 9.09928e-01 9.53506e-01 8.03750e-01 1.11817e+00 -4.28737e+00
1.31438e-01 6.11516e-01 2.86564e-01 8.95018e-01 9.42228e-01 8.04002e-01 1.12621e+00 -4.28764e+00
1.33343e-01 6.12331e-01 2.85613e-01 8.81637e-01 9.32736e-01 8.04228e-01 1.13345e+00 -4.28788e+00
1.35248e-01 6.13059e-01 2.84764e-01 8.69726e-01 9.22958e-01 8.04430e-01 1.13993e+00 -4.28810e+00
1.37153e-01 6.13704e-01 2.84012e-01 8.59209e-01 9.14383e-01 8.04609e-01 1.14568e+00 -4.28829e+00
1.39058e-01 6.14271e-01 2.83351e-01 8.50000e-01 9.05898e-01 8.04767e-01 1.15075e+00 -4.28845e+00
1.40963e-01 6.14766e-01 2.82773e-01 8.42004e-01 8.98283e-01 8.04905e-01 1.15520e+00 -4.28860e+00
1.42867e-01 6.15197e-01 2.82270e-01 8.35121e-01 8.90930e-01 8.05025e-01 1.15908e+00 -4.28872e+00
1.44772e-01 6.15571e-01 2.81834e-01 8.29251e-01 8.84245e-01 8.05129e-01 1.16244e+00 -4.28883e+00
1.46677e-01 6.15893e-01 2.81458e-01 8.24291e-01 8.77890e-01 8.05220e-01 1.16536e+00 -4.28892e+00
1.48582e-01 6.16171e-01 2.81134e-01 8.20145e-01 8.72072e-01 8.05298e-01 1.16788e+00 -4.28901e+00
1.50487e-01 6.16409e-01 2.80856e-01 8.16718e-01 8.66597e-01 8.05365e-01 1.17005e+00 -4.28907e+00
1.52392e-01 6.16613e-01 2.80618e-01 8.13921e-01 8.61568e-01 8.05422e-01 1.17192e+00 -4.28913e+00
1.54297e-01 6.16788e-01 2.80414e-01 8.11672e-01 8.56871e-01 8.05472e-01 1.17352e+00 -4.28919e+00
1.56202e-01 6.16938e-01 2.80239e-01 8.09895e-01 8.52551e-01 8.05514e-01 1.17489e+00 -4.28923e+00
1.58107e-01 6.17065e-01 2.80090e-01 8.08519e-01 8.48538e-01 8.05551e-01 1.17607e+00 -4.28927e+00
1.60012e-01 6.17174e-01 2.79963e-01 8.07482e-01 8.44851e-01 8.05582e-01 1.17708e+00 -4.28930e+00
1.61916e-01 6.17268e-01 2.79854e-01 8.06728e-01 8.41442e-01 8.05609e-01 1.17794e+00 -4.28933e+00
1.63821e-01 6.17347e-01 2.79762e-01 8.06208e-01 8.38314e-01 8.05631e-01 1.17868e+00 -4.28935e+00
1.65726e-01 6.17415e-01 2.79682e-01 8.05878e-01 8.35434e-01 8.05651e-01 1.17931e+00 -4.28937e+00
1.67631e-01 6.17473e-01 2.79615e-01 8.05700e-01 8.32799e-01 8.05668e-01 1.17985e+00 -4.28939e+00
1.69536e-01 6.17523e-01 2.79557e-01 8.05642e-01 8.30383e-01 8.05682e-01 1.18031e+00 -4.28940e+00
1.71441e-01 6.17565e-01 2.79507e-01 8.05676e-01 8.28179e-01 8.05694e-01 1.18071e+00 -4.28941e+00
1.73346e-01 6.17602e-01 2.79465e-01 8.05779e-01 8.26167e-01 8.05705e-01 1.18105e+00 -4.28942e+00
1.75251e-01 6.17633e-01 2.79429e-01 8.05931e-01 8.24337e-01 8.05714e-01 1.18134e+00 -4.28943e+00
1.77156e-01 6.17659e-01 2.79398e-01 8.06118e-01 8.22674e-01 8.05721e-01 1.18159e+00 -4.28944e+00
1.79061e-01 6.17682e-01 2.79371e-01 8.06326e-01 8.21168e-01 8.05728e-01 1.18181e+00 -4.28945e+00
1.80965e-01 6.17701e-01 2.79348e-01 8.06544e-01 8.19805e-01 8.05734e-01 1.18199e+00 -4.28945e+00
1.82870e-01 6.17718e-01 2.79329e-01 8.06766e-01 8.18575e-01 8.05739e-01 1.18215e+00 -4.28946e+00
1.84775e-01 6.17732e-01 2.79312e-01 8.06984e-01 8.17468e-01 8.05743e-01 1.18229e+00 -4.28946e+00
1.86680e-01 6.17745e-01 2.79298e-01 8.07194e-01 8.16473e-01 8.05746e-01 1.18240e+00 -4.28947e+00
1.88585e-01 6.17755e-01 2.79286e-01 8.07393e-01 8.15581e-01 8.05749e-01 1.18250e+00 -4.28947e+00
1.90490e-01 6.17764e-01 2.79275e-01 8.07580e-01 8.14783e-01 8.05752e-01 1.18259e+00 -4.28947e+00
1.92395e-01 6.17772e-01 2.79266e-01 8.07752e-01 8.14072e-01 8.05754e-01 1.18266e+00 -4.28948e+00
1.94300e-01 6.17778e-01 2.79259e-01 8.07910e-01 8.13438e-01 8.05756e-01 1.18272e+00 -4.28948e+00
1.96205e-01 6.17784e-01 2.79252e-01 8.08052e-01 8.12875e-01 8.05758e-01 1.18278e+00 -4.28948e+00
1.98110e-01 6.17789e-01 2.79247e-01 8.08181e-01 8.12377e-01 8.05759e-01 1.18282e+00 -4.28948e+00
2.00014e-01 6.17793e-01 2.79242e-01 8.08295e-01 8.11936e-01 8.05760e-01 1.18286e+00 -4.28948e+00
2.01919e-01 6.17796e-01 2.79238e-01 8.08396e-01 8.11547e-01 8.05761e-01 1.18289e+00 -4.28948e+00
2.03824e-01 6.17799e-01 2.79234e-01 8.08485e-01 8.11206e-01 8.05762e-01 1.18292e+00 -4.28948e+00
2.05729e-01 6.17802e-01 2.79232e-01 8.08563e-01 8.10906e-01 8.05763e-01 1.18295e+00 -4.28948e+00
2.07634e-01 6.17804e-01 2.79229e-01 8.08631e-01 8.10643e-01 8.05764e-01 1.18297e+00 -4.28949e+00
2.09539e-01 6.17805e-01 2.79227e-01 8.08690e-01 8.10414e-01 8.05764e-01 1.18298e+00 -4.28949e+00
2.11444e-01 6.17807e-01 2.79225e-01 8.08741e-01 8.10214e-01 8.05765e-01 1.18300e+00 -4.28949e+00
2.13349e-01 6.17808e-01 2.79224e-01 8.08785e-01 8.10041e-01 8.05765e-01 1.18301e+00 -4.28949e+00
2.15254e-01 6.17809e-01 2.79222e-01 8.08822e-01 8.09890e-01 8.05765e-01 1.18302e+00 -4.28949e+00
2.17159e-01 6.17810e-01 2.79221e-01 8.08854e-01 8.09760e-01 8.05766e-01 1.18303e+00 -4.28949e+00
2.19063e-01 6.17811e-01 2.79220e-01 8.08881e-01 8.09648e-01 8.05766e-01 1.18304e+00 -4.28949e+00
2.20968e-01 6.17812e-01 2.79220e-01 8.08903e-01 8.09552e-01 8.05766e-01 1.18304e+00 -4.28949e+00
2.22873e-01 6.17812e-01 2.79219e-01 8.08922e-01 8.09469e-01 8.05766e-01 1.18305e+00 -4.28949e+00
2.24778e-01 6.17813e-01 2.79219e-01 8.08939e-01 8.09398e-01 8.05766e-01 1.18305e+00 -4.28949e+00
2.26683e-01 6.17813e-01 2.79218e-01 8.08952e-01 8.09337e-01 8.05766e-01 1.18306e+00 -4.28949e+00
2.28588e-01 6.17813e-01 2.79218e-01 8.08963e-01 8.09286e-01 8.05767e-01 1.18306e+00 -4.28949e+00
2.30493e-01 6.17814e-01 2.79217e-01 8.08973e-01 8.09242e-01 8.05767e-01 1.18306e+00 -4.28949e+00
2.32398e-01 6.17814e-01 2.79217e-01 8.08980e-01 8.09205e-01 8.05767e-01 1.18306e+00 -4.28949e+00
2.34303e-01 6.17814e-01 2.79217e-01 8.08987e-01 8.09173e-01 8.05767e-01 1.18307e+00 -4.28949e+00
2.36208e-01 6.17814e-01 2.79217e-01 8.08992e-01 8.09147e-01 8.05767e-01 1.18307e+00 -4.28949e+00
2.38112e-01 6.17814e-01 2.79217e-01 8.08996e-01 8.09124e-01 8.05767e-01 1.18307e+00 -4.28949e+00
2.40017e-01 6.17814e-01 2.79217e-01 8.09000e-01 8.09106e-01 8.05767e-01 1.18307e+00 -4.28949e+00
2.41922e-01 6.17814e-01 2.79217e-01 8.09003e-01 8.09090e-01 8.05767e-01 1.18307e+00 -4.28949e+00
2.43827e-01 6.17814e-01 2.79216e-01 8.09005e-01 8.09077e-01 8.05767e-01 1.18307e+00 -4.28949e+00
2.45732e-01 6.17815e-01 2.79216e-01 8.09007e-01 8.09066e-01 8.05767e-01 1.18307e+00 -4.28949e+00
2.47637e-01 6.17815e-01 2.79216e-01 8.09009e-01 8.09057e-01 8.05767e-01 1.18307e+00 -4.28949e+00
2.49542e-01 6.17815e-01 2.79216e-01 8.09010e-01 8.09049e-01 8.05767e-01 1.18307e+00 -4.28949e+00
2.51447e-01 6.17815e-01 2.79216e-01 8.09011e-01 8.09043e-01 8.05767e-01 1.18307e+00 -4.28949e+00
2.53352e-01 6.17815e-01 2.79216e-01 8.09012e-01 8.09038e-01 8.05767e-01 1.18307e+00 -4.28949e+00
2.55257e-01 6.17815e-01 2.79216e-01 8.09013e-01 8.09034e-01 8.05767e-01 1.18307e+00 -4.28949e+00
2.57161e-01 6.17815e-01 2.79216e-01 8.09013e-01 8.09030e-01 8.05767e-01 1.18307e+00 -4.28949e+00
2.59066e-01 6.17815e-01 2.79216e-01 8.09014e-01 8.09027e-01 8.05767e-01 1.18307e+00 -4.28949e+00
2.60971e-01 6.17815e-01 2.79216e-01 8.09014e-01 8.09025e-01 8.05767e-01 1.18307e+00 -4.28949e+00
2.62876e-01 6.17815e-01 2.79216e-01 8.09014e-01 8.09023e-01 8.05767e-01 1.18307e+00 -4.28949e+00
2.64781e-01 6.17815e-01 2.79216e-01 8.09014e-01 8.09022e-01 8.05767e-01 1.18307e+00 -4.28949e+00
2.66686e-01 6.17815e-01 2.79216e-01 8.09015e-01 8.09020e-01 8.05767e-01 1.18307e+00 -4.28949e+00
2.68591e-01 6.17815e-01 2.79216e-01 8.09015e-01 8.09019e-01 8.05767e-01 1.18307e+00 -4.28949e+00
2.70496e-01 6.17815e-01 2.79216e-01 8.09015e-01 8.09018e-01 8.05767e-01 1.18307e+00 -4.28949e+00
2.72401e-01 6.17815e-01 2.79216e-01 8.09015e-01 8.09018e-01 8.05767e-01 1.18307e+00 -4.28949e+00
2.74306e-01 6.17815e-01 2.79216e-01 8.09015e-01 8.09017e-01 8.05767e-01 1.18307e+00 -4.28949e+00
2.76210e-01 6.17815e-01 2.79216e-01 8.09015e-01 8.09017e-01 8.05767e-01 1.18307e+00 -4.28949e+00
2.78115e-01 6.17815e-01 2.79216e-01 8.09015e-01 8.09016e-01 8.05767e-01 1.18307e+00 -4.28949e+00
2.80020e-01 6.17815e-01 2.79216e-01 8.09015e-01 8.09016e-01 8.05767e-01 1.18307e+00 -4.28949e+00
2.81925e-01 6.17815e-01 2.79216e-01 8.09015e-01 8.09016e-01 8.05767e-01 1.18307e+00 -4.28949e+00
2.83830e-01 6.17815e-01 2.79216e-01 8.09015e-01 8.09016e-01 8.05767e-01 1.18307e+00 -4.28949e+00
2.85735e-01 6.17815e-01 2.79216e-01 8.09015e-01 8.09016e-01 8.05767e-01 1.18307e+00 -4.28949e+00
2.87640e-01 6.17815e-01 2.79216e-01 8.09015e-01 8.09016e-01 8.05767e-01 1.18307e+00 -4.28949e+00
2.89545e-01 6.17815e-01 2.79216e-01 8.09015e-01 8.09015e-01 8.05767e-01 1.18307e+00 -4.28949e+00
2.91450e-01 6.17815e-01 2.79216e-01 8.09015e-01 8.09015e-01 8.05767e-01 1.18307e+00 -4.28949e+00
2.93355e-01 6.17815e-01 2.79216e-01 8.09015e-01 8.09015e-01 8.05767e-01 1.18307e+00 -4.28949e+00
2.95259e-01 6.17815e-01 2.79216e-01 8.09015e-01 8.09015e-01 8.05767e-01 1.18307e+00 -4.28949e+00
2.97164e-01 6.17815e-01 2.79216e-01 8.09015e-01 8.09015e-01 8.05767e-01 1.18307e+00 -4.28949e+00
2.99069e-01 6.17815e-01 2.79216e-01 8.09015e-01 8.09015e-01 8.05767e-01 1.18307e+00 -4.28949e+00
3.00974e-01 6.17815e-01 2.79216e-01 8.09015e-01 8.09015e-01 8.05767e-01 1.18307e+00 -4.28949e+00
3.02879e-01 6.17815e-01 2.79216e-01 8.09015e-01 8.09015e-01 8.05767e-01 1.18307e+00 -4.28949e+00
3.04784e-01 6.17815e-01 2.79216e-01 8.09015e-01 8.09015e-01 8.05767e-01 1.18307e+00 -4.28949e+00
3.06689e-01 6.17815e-01 2.79216e-01 8.09015e-01 8.09015e-01 8.05767e-01 1.18307e+00 -4.28949e+00
3.08594e-01 6.17815e-01 2.79216e-01 8.09015e-01 8.09015e-01 8.05767e-01 1.18307e+00 -4.28949e+00
3.10499e-01 6.17815e-01 2.79216e-01 8.09015e-01 8.09015e-01 8.05767e-01 1.18307e+00 -4.28949e+00
3.12404e-01 6.17815e-01 2.79216e-01 8.09015e-01 8.09015e-01 8.05767e-01 1.18307e+00 -4.28949e+00
3.14308e-01 6.17815e-01 2.79216e-01 8.09015e-01 8.09015e-01 8.05767e-01 1.18307e+00 -4.28949e+00
3.16213e-01 6.17815e-01 2.79216e-01 8.09015e-01 8.09015e-01 8.05767e-01 1.18307e+00 -4.28949e+00
3.18118e-01 6.17815e-01 2.79216e-01 8.09015e-01 8.09015e-01 8.05767e-01 1.18307e+00 -4.28949e+00
3.20023e-01 6.17815e-01 2.79216e-01 8.09015e-01 8.09015e-01 8.05767e-01 1.18307e+00 -4.28949e+00
3.21928e-01 6.17815e-01 2.79216e-01 8.09015e-01 8.09015e-01 8.05767e-01 1.18307e+00 -4.28949e+00
3.23833e-01 6.17815e-01 2.79216e-01 8.09015e-01 8.09015e-01 8.05767e-01 1.18307e+00 -4.28949e+00
3.25738e-01 6.17815e-01 2.79216e-01 8.09015e-01 8.09015e-01 8.05767e-01 1.18307e+00 -4.28949e+00
3.27643e-01 6.17815e-01 2.79216e-01 8.09015e-01 8.09015e-01 8.05767e-01 1.18307e+00 -4.28949e+00
3.29548e-01 6.17815e-01 2.79216e-01 8.09015e-01 8.09015e-01 8.05767e-01 1.18307e+00 -4.28949e+00
3.31453e-01 6.17815e-01 2.79216e-01 8.09015e-01 8.09015e-01 8.05767e-01 1.18307e+00 -4.28949e+00
3.33357e-01 6.17815e-01 2.79216e-01 8.09015e-01 8.09015e-01 8.05767e-01 1.18307e+00 -4.28949e+00
3.35262e-01 6.17815e-01 2.79216e-01 8.09015e-01 8.09015e-01 8.05767e-01 1.18307e+00 -4.28949e+00
3.37167e-01 6.17815e-01 2.79216e-01 8.09015e-01 8.09015e-01 8.05767e-01 1.18307e+00 -4.28949e+00
3.39072e-01 6.17815e-01 2.79216e-01 8.09015e-01 8.09015e-01 8.05767e-01 1.18307e+00 -4.28949e+00
3.40977e-01 6.17815e-01 2.79216e-01 8.09015e-01 8.09015e-01 8.05767e-01 1.18307e+00 -4.28949e+00
3.42882e-01 6.17815e-01 2.79216e-01 8.09015e-01 8.09015e-01 8.05767e-01 1.18307e+00 -4.28949e+00
3.44787e-01 6.17815e-01 2.79216e-01 8.09015e-01 8.09015e-01 8.05767e-01 1.18307e+00 -4.28949e+00
3.46692e-01 6.17815e-01 2.79216e-01 8.09015e-01 8.09015e-01 8.05767e-01 1.18307e+00 -4.28949e+00
3.48597e-01 6.17815e-01 2.79216e-01 8.09015e-01 8.09015e-01 8.05767e-01 1.18307e+00 -4.28949e+00
3.50502e-01 6.17815e-01 2.79216e-01 8.09015e-01 8.09015e-01 8.05767e-01 1.18307e+00 -4.28949e+00
3.52406e-01 6.17815e-01 2.79216e-01 8.09015e-01 8.09015e-01 8.05767e-01 1.18307e+00 -4.28949e+00
3.54311e-01 6.17815e-01 2.79216e-01 8.09015e-01 8.09015e-01 8.05767e-01 1.18307e+00 -4.28949e+00
3.56216e-01 6.17815e-01 2.79216e-01 8.09015e-01 8.09015e-01 8.05767e-01 1.18307e+00 -4.28949e+00
3.58121e-01 6.17815e-01 2.79216e-01 8.09015e-01 8.09015e-01 8.05767e-01 1.18307e+00 -4.28949e+00
3.60026e-01 6.17815e-01 2.79216e-01 8.09015e-01 8.09015e-01 8.05767e-01 1.18307e+00 -4.28949e+00
3.61931e-01 6.17815e-01 2.79216e-01 8.09015e-01 8.09015e-01 8.05767e-01 1.18307e+00 -4.28949e+00
3.63836e-01 6.17815e-01 2.79216e-01 8.09015e-01 8.09015e-01 8.05767e-01 1.18307e+00 -4.28949e+00
3.65741e-01 6.17815e-01 2.79216e-01 8.09015e-01 8.09015e-01 8.05767e-01 1.18307e+00 -4.28949e+00
3.67646e-01 6.17815e-01 2.79216e-01 8.09015e-01 8.09015e-01 8.05767e-01 1.18307e+00 -4.28949e+00
3.69551e-01 6.17815e-01 2.79216e-01 8.09015e-01 8.09015e-01 8.05767e-01 1.18307e+00 -4.28949e+00
3.71455e-01 6.17815e-01 2.79216e-01 8.09015e-01 8.09015e-01 8.05767e-01 1.18307e+00 -4.28949e+00
3.73360e-01 6.17815e-01 2.79216e-01 8.09015e-01 8.09015e-01 8.05767e-01 1.18307e+00 -4.28949e+00
3.75265e-01 6.17815e-01 2.79216e-01 8.09015e-01 8.09015e-01 8.05767e-01 1.18307e+00 -4.28949e+00
3.77170e-01 6.17815e-01 2.79216e-01 8.09015e-01 8.09015e-01 8.05767e-01 1.18307e+00 -4.28949e+00
3.79075e-01 6.17815e-01 2.79216e-01 8.09015e-01 8.09015e-01 8.05767e-01 1.18307e+00 -4.28949e+00
