# x AR CA ca co phi u v
0.00000e+00 6.00000e-01 3.00000e-01 4.99135e-01 4.99135e-01 8.00000e-01 1.00000e+00 -4.28317e+00
1.00000e-06 6.00106e-01 2.99876e-01 5.01047e-01 5.01047e-01 8.00035e-01 1.00110e+00 -4.28321e+00
3.67624e-06 6.00386e-01 2.99550e-01 5.06093e-01 5.06093e-01 8.00129e-01 1.00400e+00 -4.28332e+00
5.79057e-06 6.00603e-01 2.99296e-01 5.10006e-01 5.10006e-01 8.00201e-01 1.00625e+00 -4.28340e+00
7.90491e-06 6.00817e-01 2.99046e-01 5.13855e-01 5.13855e-01 8.00272e-01 1.00846e+00 -4.28349e+00
9.52806e-06 6.00979e-01 2.98857e-01 5.16768e-01 5.16768e-01 8.00326e-01 1.01014e+00 -4.28355e+00
1.11512e-05 6.01140e-01 2.98670e-01 5.19645e-01 5.19645e-01 8.00379e-01 1.01180e+00 -4.28361e+00
1.30871e-05 6.01328e-01 2.98450e-01 5.23030e-01 5.23030e-01 8.00442e-01 1.01375e+00 -4.28368e+00
1.45692e-05 6.01471e-01 2.98284e-01 5.25587e-01 5.25587e-01 8.00489e-01 1.01523e+00 -4.28374e+00
1.60514e-05 6.01612e-01 2.98119e-01 5.28117e-01 5.28117e-01 8.00536e-01 1.01669e+00 -4.28379e+00
1.78779e-05 6.01784e-01 2.97919e-01 5.31195e-01 5.31195e-01 8.00593e-01 1.01846e+00 -4.28386e+00
1.93653e-05 6.01922e-01 2.97758e-01 5.33670e-01 5.33670e-01 8.00639e-01 1.01989e+00 -4.28391e+00
2.08527e-05 6.02059e-01 2.97598e-01 5.36118e-01 5.36118e-01 8.00684e-01 1.02131e+00 -4.28396e+00
2.26114e-05 6.02219e-01 2.97411e-01 5.38978e-01 5.38978e-01 8.00737e-01 1.02296e+00 -4.28402e+00
2.40948e-05 6.02352e-01 2.97256e-01 5.41361e-01 5.41361e-01 8.00781e-01 1.02434e+00 -4.28407e+00
2.55783e-05 6.02484e-01 2.97102e-01 5.43718e-01 5.43718e-01 8.00825e-01 1.02570e+00 -4.28412e+00
2.72923e-05 6.02635e-01 2.96926e-01 5.46409e-01 5.46409e-01 8.00874e-01 1.02726e+00 -4.28418e+00
2.87894e-05 6.02765e-01 2.96774e-01 5.48732e-01 5.48732e-01 8.00917e-01 1.02861e+00 -4.28423e+00
3.02865e-05 6.02894e-01 2.96624e-01 5.51030e-01 5.51030e-01 8.00960e-01 1.02994e+00 -4.28428e+00
3.19692e-05 6.03037e-01 2.96457e-01 5.53583e-01 5.53583e-01 8.01007e-01 1.03142e+00 -4.28433e+00
3.36314e-05 6.03177e-01 2.96293e-01 5.56074e-01 5.56074e-01 8.01053e-01 1.03287e+00 -4.28438e+00
3.51359e-05 6.03302e-01 2.96147e-01 5.58303e-01 5.58303e-01 8.01095e-01 1.03416e+00 -4.28443e+00
3.65864e-05 6.03422e-01 2.96008e-01 5.60429e-01 5.60429e-01 8.01134e-01 1.03539e+00 -4.28448e+00
3.81335e-05 6.03548e-01 2.95861e-01 5.62672e-01 5.62672e-01 8.01176e-01 1.03670e+00 -4.28452e+00
3.97760e-05 6.03681e-01 2.95706e-01 5.65027e-01 5.65027e-01 8.01219e-01 1.03806e+00 -4.28457e+00
4.13747e-05 6.03808e-01 2.95557e-01 5.67293e-01 5.67293e-01 8.01261e-01 1.03938e+00 -4.28462e+00
4.28797e-05 6.03927e-01 2.95419e-01 5.69402e-01 5.69402e-01 8.01300e-01 1.04061e+00 -4.28467e+00
4.43758e-05 6.04044e-01 2.95282e-01 5.71477e-01 5.71477e-01 8.01339e-01 1.04181e+00 -4.28471e+00
4.59436e-05 6.04165e-01 2.95141e-01 5.73627e-01 5.73627e-01 8.01379e-01 1.04307e+00 -4.28475e+00
4.75529e-05 6.04288e-01 2.94997e-01 5.75811e-01 5.75811e-01 8.01419e-01 1.04434e+00 -4.28480e+00
4.91197e-05 6.04407e-01 2.94859e-01 5.77913e-01 5.77913e-01 8.01458e-01 1.04556e+00 -4.28484e+00
5.06353e-05 6.04520e-01 2.94726e-01 5.79924e-01 5.79924e-01 8.01496e-01 1.04673e+00 -4.28489e+00
5.21610e-05 6.04634e-01 2.94594e-01 5.81928e-01 5.81928e-01 8.01533e-01 1.04790e+00 -4.28493e+00
5.37335e-05 6.04749e-01 2.94459e-01 5.83971e-01 5.83971e-01 8.01571e-01 1.04909e+00 -4.28497e+00
5.53190e-05 6.04864e-01 2.94325e-01 5.86009e-01 5.86009e-01 8.01608e-01 1.05028e+00 -4.28501e+00
5.68716e-05 6.04976e-01 2.94195e-01 5.87983e-01 5.87983e-01 8.01645e-01 1.05143e+00 -4.28506e+00
5.83992e-05 6.05085e-01 2.94068e-01 5.89905e-01 5.89905e-01 8.01681e-01 1.05256e+00 -4.28510e+00
5.99418e-05 6.05194e-01 2.93941e-01 5.91826e-01 5.91826e-01 8.01716e-01 1.05368e+00 -4.28514e+00
6.15121e-05 6.05303e-01 2.93813e-01 5.93761e-01 5.93761e-01 8.01752e-01 1.05481e+00 -4.28518e+00
6.30823e-05 6.05412e-01 2.93686e-01 5.95675e-01 5.95675e-01 8.01788e-01 1.05593e+00 -4.28522e+00
6.46299e-05 6.05518e-01 2.93563e-01 5.97543e-01 5.97543e-01 8.01822e-01 1.05702e+00 -4.28525e+00
6.61674e-05 6.05622e-01 2.93441e-01 5.99379e-01 5.99379e-01 8.01857e-01 1.05809e+00 -4.28529e+00
6.77187e-05 6.05726e-01 2.93320e-01 6.01212e-01 6.01212e-01 8.01891e-01 1.05916e+00 -4.28533e+00
6.92845e-05 6.05830e-01 2.93199e-01 6.03044e-01 6.03044e-01 8.01925e-01 1.06023e+00 -4.28537e+00
7.08455e-05 6.05932e-01 2.93079e-01 6.04851e-01 6.04851e-01 8.01958e-01 1.06129e+00 -4.28541e+00
7.23926e-05 6.06033e-01 2.92961e-01 6.06624e-01 6.06624e-01 8.01991e-01 1.06233e+00 -4.28544e+00
7.39372e-05 6.06133e-01 2.92845e-01 6.08376e-01 6.08376e-01 8.02024e-01 1.06336e+00 -4.28548e+00
7.54920e-05 6.06232e-01 2.92729e-01 6.10122e-01 6.10122e-01 8.02056e-01 1.06438e+00 -4.28552e+00
7.70536e-05 6.06331e-01 2.92614e-01 6.11858e-01 6.11858e-01 8.02088e-01 1.06540e+00 -4.28555e+00
7.86097e-05 6.06428e-01 2.92500e-01 6.13571e-01 6.13571e-01 8.02120e-01 1.06640e+00 -4.28559e+00
8.01578e-05 6.06524e-01 2.92388e-01 6.15258e-01 6.15258e-01 8.02151e-01 1.06739e+00 -4.28562e+00
8.17068e-05 6.06620e-01 2.92277e-01 6.16929e-01 6.16929e-01 8.02182e-01 1.06837e+00 -4.28566e+00
8.32626e-05 6.06714e-01 2.92167e-01 6.18591e-01 6.18591e-01 8.02213e-01 1.06935e+00 -4.28569e+00
8.48208e-05 6.06808e-01 2.92057e-01 6.20239e-01 6.20239e-01 8.02244e-01 1.07031e+00 -4.28573e+00
8.63745e-05 6.06901e-01 2.91949e-01 6.21866e-01 6.21866e-01 8.02274e-01 1.07127e+00 -4.28576e+00
8.79241e-05 6.06993e-01 2.91842e-01 6.23473e-01 6.23473e-01 8.02304e-01 1.07221e+00 -4.28579e+00
8.94756e-05 6.07084e-01 2.91736e-01 6.25067e-01 6.25067e-01 8.02334e-01 1.07315e+00 -4.28583e+00
9.10311e-05 6.07174e-01 2.91630e-01 6.26649e-01 6.26649e-01 8.02363e-01 1.07408e+00 -4.28586e+00
9.25870e-05 6.07264e-01 2.91526e-01 6.28216e-01 6.28217e-01 8.02392e-01 1.07500e+00 -4.28589e+00
9.41396e-05 6.07352e-01 2.91423e-01 6.29766e-01 6.29766e-01 8.02421e-01 1.07591e+00 -4.28592e+00
9.56904e-05 6.07440e-01 2.91320e-01 6.31298e-01 6.31299e-01 8.02449e-01 1.07681e+00 -4.28595e+00
9.72431e-05 6.07527e-01 2.91219e-01 6.32818e-01 6.32818e-01 8.02478e-01 1.07771e+00 -4.28598e+00
9.87980e-05 6.07613e-01 2.91118e-01 6.34326e-01 6.34326e-01 8.02506e-01 1.07859e+00 -4.28602e+00
1.00352e-04 6.07698e-01 2.91019e-01 6.35818e-01 6.35819e-01 8.02534e-01 1.07947e+00 -4.28605e+00
1.01905e-04 6.07783e-01 2.90920e-01 6.37295e-01 6.37296e-01 8.02561e-01 1.08034e+00 -4.28608e+00
1.03456e-04 6.07866e-01 2.90823e-01 6.38758e-01 6.38759e-01 8.02588e-01 1.08120e+00 -4.28611e+00
1.05009e-04 6.07949e-01 2.90726e-01 6.40208e-01 6.40209e-01 8.02615e-01 1.08206e+00 -4.28614e+00
1.06563e-04 6.08032e-01 2.90630e-01 6.41646e-01 6.41647e-01 8.02642e-01 1.08290e+00 -4.28617e+00
1.08117e-04 6.08113e-01 2.90534e-01 6.43070e-01 6.43071e-01 8.02668e-01 1.08374e+00 -4.28620e+00
1.09669e-04 6.08194e-01 2.90440e-01 6.44479e-01 6.44481e-01 8.02695e-01 1.08457e+00 -4.28622e+00
1.11221e-04 6.08274e-01 2.90347e-01 6.45876e-01 6.45878e-01 8.02721e-01 1.08540e+00 -4.28625e+00
1.12774e-04 6.08354e-01 2.90254e-01 6.47261e-01 6.47263e-01 8.02746e-01 1.08622e+00 -4.28628e+00
1.14328e-04 6.08433e-01 2.90162e-01 6.48634e-01 6.48636e-01 8.02772e-01 1.08703e+00 -4.28631e+00
1.15881e-04 6.08511e-01 2.90071e-01 6.49993e-01 6.49996e-01 8.02797e-01 1.08783e+00 -4.28634e+00
1.17433e-04 6.08588e-01 2.89981e-01 6.51340e-01 6.51343e-01 8.02822e-01 1.08862e+00 -4.28636e+00
1.18985e-04 6.08665e-01 2.89891e-01 6.52675e-01 6.52679e-01 8.02847e-01 1.08941e+00 -4.28639e+00
1.20538e-04 6.08741e-01 2.89802e-01 6.53999e-01 6.54003e-01 8.02872e-01 1.09019e+00 -4.28642e+00
1.22091e-04 6.08816e-01 2.89715e-01 6.55311e-01 6.55315e-01 8.02896e-01 1.09097e+00 -4.28645e+00
1.23643e-04 6.08891e-01 2.89627e-01 6.56611e-01 6.56615e-01 8.02920e-01 1.09174e+00 -4.28647e+00
1.25196e-04 6.08965e-01 2.89541e-01 6.57899e-01 6.57904e-01 8.02944e-01 1.09250e+00 -4.28650e+00
1.26748e-04 6.09038e-01 2.89455e-01 6.59176e-01 6.59182e-01 8.02968e-01 1.09325e+00 -4.28652e+00
1.28301e-04 6.09111e-01 2.89370e-01 6.60442e-01 6.60448e-01 8.02992e-01 1.09400e+00 -4.28655e+00
1.29853e-04 6.09184e-01 2.89286e-01 6.61697e-01 6.61704e-01 8.03015e-01 1.09474e+00 -4.28658e+00
1.31405e-04 6.09255e-01 2.89202e-01 6.62940e-01 6.62949e-01 8.03038e-01 1.09548e+00 -4.28660e+00
1.32957e-04 6.09326e-01 2.89119e-01 6.64173e-01 6.64183e-01 8.03061e-01 1.09621e+00 -4.28663e+00
1.34510e-04 6.09397e-01 2.89037e-01 6.65396e-01 6.65406e-01 8.03084e-01 1.09693e+00 -4.28665e+00
1.36062e-04 6.09466e-01 2.88956e-01 6.66608e-01 6.66619e-01 8.03106e-01 1.09765e+00 -4.28668e+00
1.37614e-04 6.09536e-01 2.88875e-01 6.67809e-01 6.67822e-01 8.03129e-01 1.09836e+00 -4.28670e+00
1.39166e-04 6.09604e-01 2.88795e-01 6.69001e-01 6.69014e-01 8.03151e-01 1.09907e+00 -4.28672e+00
1.40718e-04 6.09673e-01 2.88715e-01 6.70182e-01 6.70197e-01 8.03173e-01 1.09977e+00 -4.28675e+00
1.42270e-04 6.09740e-01 2.88637e-01 6.71353e-01 6.71370e-01 8.03195e-01 1.10046e+00 -4.28677e+00
1.43822e-04 6.09807e-01 2.88558e-01 6.72515e-01 6.72532e-01 8.03216e-01 1.10115e+00 -4.28680e+00
1.45374e-04 6.09874e-01 2.88481e-01 6.73666e-01 6.73686e-01 8.03238e-01 1.10183e+00 -4.28682e+00
1.46926e-04 6.09940e-01 2.88404e-01 6.74808e-01 6.74829e-01 8.03259e-01 1.10251e+00 -4.28684e+00
1.48478e-04 6.10005e-01 2.88328e-01 6.75941e-01 6.75964e-01 8.03280e-01 1.10318e+00 -4.28686e+00
1.50029e-04 6.10070e-01 2.88252e-01 6.77064e-01 6.77089e-01 8.03301e-01 1.10385e+00 -4.28689e+00
1.51581e-04 6.10134e-01 2.88177e-01 6.78178e-01 6.78205e-01 8.03322e-01 1.10451e+00 -4.28691e+00
1.53133e-04 6.10198e-01 2.88102e-01 6.79282e-01 6.79312e-01 8.03343e-01 1.10516e+00 -4.28693e+00
1.54684e-04 6.10261e-01 2.88028e-01 6.80378e-01 6.80410e-01 8.03363e-01 1.10581e+00 -4.28695e+00
1.56236e-04 6.10324e-01 2.87955e-01 6.81464e-01 6.81499e-01 8.03383e-01 1.10646e+00 -4.28698e+00
1.57787e-04 6.10387e-01 2.87882e-01 6.82542e-01 6.82579e-01 8.03403e-01 1.10710e+00 -4.28700e+00
1.59339e-04 6.10449e-01 2.87810e-01 6.83611e-01 6.83651e-01 8.03423e-01 1.10773e+00 -4.28702e+00
1.60890e-04 6.10510e-01 2.87738e-01 6.84672e-01 6.84715e-01 8.03443e-01 1.10836e+00 -4.28704e+00
1.62442e-04 6.10571e-01 2.87667e-01 6.85724e-01 6.85770e-01 8.03463e-01 1.10899e+00 -4.28706e+00
1.63993e-04 6.10631e-01 2.87597e-01 6.86767e-01 6.86817e-01 8.03482e-01 1.10961e+00 -4.28708e+00
1.65544e-04 6.10691e-01 2.87527e-01 6.87803e-01 6.87855e-01 8.03501e-01 1.11022e+00 -4.28710e+00
1.67096e-04 6.10751e-01 2.87457e-01 6.88830e-01 6.88886e-01 8.03521e-01 1.11083e+00 -4.28712e+00
1.68647e-04 6.10810e-01 2.87389e-01 6.89848e-01 6.89908e-01 8.03540e-01 1.11144e+00 -4.28715e+00
1.70198e-04 6.10868e-01 2.87320e-01 6.90859e-01 6.90923e-01 8.03558e-01 1.11204e+00 -4.28717e+00
1.71749e-04 6.10927e-01 2.87252e-01 6.91862e-01 6.91930e-01 8.03577e-01 1.11264e+00 -4.28719e+00
1.73300e-04 6.10984e-01 2.87185e-01 6.92857e-01 6.92930e-01 8.03596e-01 1.11323e+00 -4.28721e+00
1.74851e-04 6.11042e-01 2.87118e-01 6.93844e-01 6.93921e-01 8.03614e-01 1.11382e+00 -4.28723e+00
1.76402e-04 6.11098e-01 2.87052e-01 6.94824e-01 6.94906e-01 8.03632e-01 1.11440e+00 -4.28725e+00
1.77953e-04 6.11155e-01 2.86986e-01 6.95796e-01 6.95883e-01 8.03650e-01 1.11498e+00 -4.28726e+00
1.79504e-04 6.11211e-01 2.86921e-01 6.96760e-01 6.96852e-01 8.03668e-01 1.11555e+00 -4.28728e+00
1.81055e-04 6.11266e-01 2.86856e-01 6.97717e-01 6.97815e-01 8.03686e-01 1.11612e+00 -4.28730e+00
1.82606e-04 6.11322e-01 2.86791e-01 6.98667e-01 6.98770e-01 8.03704e-01 1.11669e+00 -4.28732e+00
1.84156e-04 6.11376e-01 2.86728e-01 6.99610e-01 6.99718e-01 8.03722e-01 1.11725e+00 -4.28734e+00
1.85707e-04 6.11431e-01 2.86664e-01 7.00545e-01 7.00660e-01 8.03739e-01 1.11781e+00 -4.28736e+00
1.87258e-04 6.11485e-01 2.86601e-01 7.01473e-01 7.01594e-01 8.03756e-01 1.11836e+00 -4.28738e+00
1.88808e-04 6.11538e-01 2.86539e-01 7.02394e-01 7.02522e-01 8.03774e-01 1.11891e+00 -4.28740e+00
1.90359e-04 6.11591e-01 2.86477e-01 7.03309e-01 7.03443e-01 8.03791e-01 1.11946e+00 -4.28742e+00
1.91909e-04 6.11644e-01 2.86415e-01 7.04216e-01 7.04357e-01 8.03808e-01 1.12000e+00 -4.28743e+00
1.93460e-04 6.11697e-01 2.86354e-01 7.05117e-01 7.05265e-01 8.03824e-01 1.12053e+00 -4.28745e+00
1.95010e-04 6.11749e-01 2.86293e-01 7.06011e-01 7.06167e-01 8.03841e-01 1.12107e+00 -4.28747e+00
1.96561e-04 6.11800e-01 2.86233e-01 7.06898e-01 7.07062e-01 8.03858e-01 1.12160e+00 -4.28749e+00
1.98111e-04 6.11852e-01 2.86173e-01 7.07779e-01 7.07951e-01 8.03874e-01 1.12212e+00 -4.28750e+00
1.99661e-04 6.11903e-01 2.86114e-01 7.08653e-01 7.08833e-01 8.03890e-01 1.12264e+00 -4.28752e+00
2.01212e-04 6.11953e-01 2.86055e-01 7.09521e-01 7.09710e-01 8.03907e-01 1.12316e+00 -4.28754e+00
2.02762e-04 6.12003e-01 2.85996e-01 7.10383e-01 7.10580e-01 8.03923e-01 1.12368e+00 -4.28756e+00
2.04312e-04 6.12053e-01 2.85938e-01 7.11238e-01 7.11444e-01 8.03939e-01 1.12419e+00 -4.28757e+00
2.05862e-04 6.12103e-01 2.85880e-01 7.12087e-01 7.12302e-01 8.03954e-01 1.12469e+00 -4.28759e+00
2.07412e-04 6.12152e-01 2.85823e-01 7.12930e-01 7.13155e-01 8.03970e-01 1.12520e+00 -4.28761e+00
2.08962e-04 6.12201e-01 2.85766e-01 7.13766e-01 7.14002e-01 8.03986e-01 1.12570e+00 -4.28762e+00
2.10512e-04 6.12249e-01 2.85709e-01 7.14597e-01 7.14843e-01 8.04001e-01 1.12619e+00 -4.28764e+00
2.12062e-04 6.12297e-01 2.85653e-01 7.15422e-01 7.15678e-01 8.04017e-01 1.12669e+00 -4.28766e+00
2.13612e-04 6.12345e-01 2.85598e-01 7.16241e-01 7.16508e-01 8.04032e-01 1.12718e+00 -4.28767e+00
2.15162e-04 6.12392e-01 2.85542e-01 7.17054e-01 7.17332e-01 8.04047e-01 1.12766e+00 -4.28769e+00
2.16712e-04 6.12440e-01 2.85487e-01 7.17861e-01 7.18151e-01 8.04062e-01 1.12815e+00 -4.28771e+00
2.18261e-04 6.12486e-01 2.85433e-01 7.18663e-01 7.18964e-01 8.04077e-01 1.12863e+00 -4.28772e+00
2.19811e-04 6.12533e-01 2.85378e-01 7.19459e-01 7.19772e-01 8.04092e-01 1.12910e+00 -4.28774e+00
2.21361e-04 6.12579e-01 2.85324e-01 7.20249e-01 7.20574e-01 8.04107e-01 1.12958e+00 -4.28775e+00
2.22910e-04 6.12625e-01 2.85271e-01 7.21034e-01 7.21372e-01 8.04122e-01 1.13005e+00 -4.28777e+00
2.24460e-04 6.12670e-01 2.85218e-01 7.21813e-01 7.22164e-01 8.04136e-01 1.13051e+00 -4.28779e+00
2.26009e-04 6.12716e-01 2.85165e-01 7.22587e-01 7.22951e-01 8.04151e-01 1.13098e+00 -4.28780e+00
2.27559e-04 6.12761e-01 2.85113e-01 7.23356e-01 7.23733e-01 8.04165e-01 1.13144e+00 -4.28782e+00
2.29108e-04 6.12805e-01 2.85060e-01 7.24119e-01 7.24510e-01 8.04179e-01 1.13189e+00 -4.28783e+00
2.30658e-04 6.12850e-01 2.85009e-01 7.24877e-01 7.25282e-01 8.04193e-01 1.13235e+00 -4.28785e+00
2.32207e-04 6.12894e-01 2.84957e-01 7.25630e-01 7.26049e-01 8.04208e-01 1.13280e+00 -4.28786e+00
2.33756e-04 6.12938e-01 2.84906e-01 7.26377e-01 7.26812e-01 8.04221e-01 1.13325e+00 -4.28788e+00
2.35306e-04 6.12981e-01 2.84856e-01 7.27120e-01 7.27569e-01 8.04235e-01 1.13369e+00 -4.28789e+00
2.36855e-04 6.13024e-01 2.84805e-01 7.27857e-01 7.28322e-01 8.04249e-01 1.13413e+00 -4.28791e+00
2.38404e-04 6.13067e-01 2.84755e-01 7.28590e-01 7.29070e-01 8.04263e-01 1.13457e+00 -4.28792e+00
2.39953e-04 6.13110e-01 2.84705e-01 7.29317e-01 7.29814e-01 8.04276e-01 1.13501e+00 -4.28793e+00
2.41502e-04 6.13152e-01 2.84656e-01 7.30040e-01 7.30553e-01 8.04290e-01 1.13544e+00 -4.28795e+00
2.43051e-04 6.13194e-01 2.84607e-01 7.30758e-01 7.31287e-01 8.04303e-01 1.13587e+00 -4.28796e+00
2.44600e-04 6.13236e-01 2.84558e-01 7.31471e-01 7.32017e-01 8.04317e-01 1.13630e+00 -4.28798e+00
2.46149e-04 6.13277e-01 2.84510e-01 7.32179e-01 7.32743e-01 8.04330e-01 1.13673e+00 -4.28799e+00
2.47698e-04 6.13319e-01 2.84461e-01 7.32882e-01 7.33464e-01 8.04343e-01 1.13715e+00 -4.28800e+00
2.49247e-04 6.13360e-01 2.84414e-01 7.33581e-01 7.34180e-01 8.04356e-01 1.13757e+00 -4.28802e+00
2.50796e-04 6.13400e-01 2.84366e-01 7.34275e-01 7.34893e-01 8.04369e-01 1.13799e+00 -4.28803e+00
2.52345e-04 6.13441e-01 2.84319e-01 7.34965e-01 7.35601e-01 8.04382e-01 1.13840e+00 -4.28805e+00
2.53893e-04 6.13481e-01 2.84272e-01 7.35650e-01 7.36305e-01 8.04395e-01 1.13881e+00 -4.28806e+00
2.55442e-04 6.13521e-01 2.84225e-01 7.36331e-01 7.37005e-01 8.04408e-01 1.13922e+00 -4.28807e+00
2.56991e-04 6.13561e-01 2.84179e-01 7.37007e-01 7.37701e-01 8.04420e-01 1.13963e+00 -4.28809e+00
2.58539e-04 6.13600e-01 2.84133e-01 7.37678e-01 7.38392e-01 8.04433e-01 1.14003e+00 -4.28810e+00
2.60088e-04 6.13640e-01 2.84087e-01 7.38346e-01 7.39080e-01 8.04445e-01 1.14043e+00 -4.28811e+00
2.61636e-04 6.13678e-01 2.84042e-01 7.39009e-01 7.39764e-01 8.04458e-01 1.14083e+00 -4.28813e+00
2.63185e-04 6.13717e-01 2.83997e-01 7.39667e-01 7.40444e-01 8.04470e-01 1.14123e+00 -4.28814e+00
2.64733e-04 6.13756e-01 2.83952e-01 7.40322e-01 7.41119e-01 8.04482e-01 1.14162e+00 -4.28815e+00
2.66282e-04 6.13794e-01 2.83907e-01 7.40972e-01 7.41791e-01 8.04495e-01 1.14201e+00 -4.28817e+00
2.67830e-04 6.13832e-01 2.83863e-01 7.41618e-01 7.42459e-01 8.04507e-01 1.14240e+00 -4.28818e+00
2.69378e-04 6.13870e-01 2.83819e-01 7.42260e-01 7.43124e-01 8.04519e-01 1.14279e+00 -4.28819e+00
2.70926e-04 6.13907e-01 2.83775e-01 7.42898e-01 7.43784e-01 8.04531e-01 1.14317e+00 -4.28820e+00
2.72475e-04 6.13945e-01 2.83731e-01 7.43532e-01 7.44441e-01 8.04543e-01 1.14355e+00 -4.28822e+00
2.74023e-04 6.13982e-01 2.83688e-01 7.44162e-01 7.45094e-01 8.04554e-01 1.14393e+00 -4.28823e+00
2.75571e-04 6.14019e-01 2.83645e-01 7.44788e-01 7.45744e-01 8.04566e-01 1.14431e+00 -4.28824e+00
2.77119e-04 6.14055e-01 2.83602e-01 7.45410e-01 7.46389e-01 8.04578e-01 1.14469e+00 -4.28825e+00
2.78667e-04 6.14092e-01 2.83560e-01 7.46028e-01 7.47032e-01 8.04589e-01 1.14506e+00 -4.28827e+00
2.80215e-04 6.14128e-01 2.83518e-01 7.46642e-01 7.47670e-01 8.04601e-01 1.14543e+00 -4.28828e+00
2.81763e-04 6.14164e-01 2.83476e-01 7.47252e-01 7.48306e-01 8.04612e-01 1.14580e+00 -4.28829e+00
2.83311e-04 6.14200e-01 2.83434e-01 7.47859e-01 7.48937e-01 8.04624e-01 1.14616e+00 -4.28830e+00
2.84859e-04 6.14235e-01 2.83392e-01 7.48462e-01 7.49566e-01 8.04635e-01 1.14653e+00 -4.28831e+00
2.86407e-04 6.14270e-01 2.83351e-01 7.49061e-01 7.50191e-01 8.04646e-01 1.14689e+00 -4.28833e+00
2.87955e-04 6.14306e-01 2.83310e-01 7.49656e-01 7.50812e-01 8.04658e-01 1.14725e+00 -4.28834e+00
2.89502e-04 6.14340e-01 2.83269e-01 7.50248e-01 7.51431e-01 8.04669e-01 1.14760e+00 -4.28835e+00
2.91050e-04 6.14375e-01 2.83229e-01 7.50836e-01 7.52046e-01 8.04680e-01 1.14796e+00 -4.28836e+00
2.92598e-04 6.14410e-01 2.83189e-01 7.51420e-01 7.52657e-01 8.04691e-01 1.14831e+00 -4.28837e+00
2.94145e-04 6.14444e-01 2.83149e-01 7.52001e-01 7.53266e-01 8.04702e-01 1.14866e+00 -4.28838e+00
2.95693e-04 6.14478e-01 2.83109e-01 7.52579e-01 7.53871e-01 8.04712e-01 1.14901e+00 -4.28839e+00
2.97241e-04 6.14512e-01 2.83069e-01 7.53153e-01 7.54473e-01 8.04723e-01 1.14936e+00 -4.28841e+00
2.98788e-04 6.14546e-01 2.83030e-01 7.53723e-01 7.55072e-01 8.04734e-01 1.14970e+00 -4.28842e+00
3.00336e-04 6.14579e-01 2.82991e-01 7.54290e-01 7.55667e-01 8.04745e-01 1.15005e+00 -4.28843e+00
3.01883e-04 6.14613e-01 2.82952e-01 7.54854e-01 7.56260e-01 8.04755e-01 1.15039e+00 -4.28844e+00
3.03430e-04 6.14646e-01 2.82913e-01 7.55414e-01 7.56850e-01 8.04766e-01 1.15073e+00 -4.28845e+00
3.04978e-04 6.14679e-01 2.82875e-01 7.55971e-01 7.57436e-01 8.04776e-01 1.15106e+00 -4.28846e+00
3.06525e-04 6.14711e-01 2.82837e-01 7.56524e-01 7.58020e-01 8.04786e-01 1.15140e+00 -4.28847e+00
3.08072e-04 6.14744e-01 2.82799e-01 7.57074e-01 7.58600e-01 8.04797e-01 1.15173e+00 -4.28848e+00
3.09620e-04 6.14776e-01 2.82761e-01 7.57621e-01 7.59178e-01 8.04807e-01 1.15206e+00 -4.28849e+00
3.11167e-04 6.14808e-01 2.82723e-01 7.58165e-01 7.59752e-01 8.04817e-01 1.15239e+00 -4.28850e+00
3.12714e-04 6.14840e-01 2.82686e-01 7.58706e-01 7.60324e-01 8.04828e-01 1.15272e+00 -4.28852e+00
3.14261e-04 6.14872e-01 2.82649e-01 7.59243e-01 7.60893e-01 8.04838e-01 1.15304e+00 -4.28853e+00
3.15808e-04 6.14904e-01 2.82612e-01 7.59777e-01 7.61459e-01 8.04848e-01 1.15337e+00 -4.28854e+00
3.17355e-04 6.14935e-01 2.82575e-01 7.60308e-01 7.62022e-01 8.04858e-01 1.15369e+00 -4.28855e+00
3.18902e-04 6.14967e-01 2.82539e-01 7.60836e-01 7.62583e-01 8.04868e-01 1.15401e+00 -4.28856e+00
3.20449e-04 6.14998e-01 2.82503e-01 7.61361e-01 7.63140e-01 8.04877e-01 1.15433e+00 -4.28857e+00
3.21996e-04 6.15029e-01 2.82466e-01 7.61883e-01 7.63695e-01 8.04887e-01 1.15464e+00 -4.28858e+00
3.23543e-04 6.15059e-01 2.82431e-01 7.62402e-01 7.64247e-01 8.04897e-01 1.15496e+00 -4.28859e+00
3.25090e-04 6.15090e-01 2.82395e-01 7.62917e-01 7.64797e-01 8.04907e-01 1.15527e+00 -4.28860e+00
3.26636e-04 6.15121e-01 2.82359e-01 7.63430e-01 7.65343e-01 8.04916e-01 1.15558e+00 -4.28861e+00
3.28183e-04 6.15151e-01 2.82324e-01 7.63940e-01 7.65887e-01 8.04926e-01 1.15589e+00 -4.28862e+00
3.29730e-04 6.15181e-01 2.82289e-01 7.64447e-01 7.66429e-01 8.04936e-01 1.15620e+00 -4.28863e+00
3.31277e-04 6.15211e-01 2.82254e-01 7.64951e-01 7.66968e-01 8.04945e-01 1.15650e+00 -4.28864e+00
3.32823e-04 6.15241e-01 2.82219e-01 7.65453e-01 7.67504e-01 8.04954e-01 1.15681e+00 -4.28865e+00
3.34370e-04 6.15270e-01 2.82185e-01 7.65951e-01 7.68038e-01 8.04964e-01 1.15711e+00 -4.28866e+00
3.35916e-04 6.15300e-01 2.82151e-01 7.66447e-01 7.68569e-01 8.04973e-01 1.15741e+00 -4.28867e+00
3.37463e-04 6.15329e-01 2.82116e-01 7.66939e-01 7.69097e-01 8.04982e-01 1.15771e+00 -4.28868e+00
3.39009e-04 6.15358e-01 2.82082e-01 7.67429e-01 7.69623e-01 8.04992e-01 1.15801e+00 -4.28869e+00
3.40556e-04 6.15387e-01 2.82049e-01 7.67917e-01 7.70147e-01 8.05001e-01 1.15830e+00 -4.28870e+00
3.42102e-04 6.15416e-01 2.82015e-01 7.68401e-01 7.70668e-01 8.05010e-01 1.15860e+00 -4.28871e+00
3.43648e-04 6.15444e-01 2.81982e-01 7.68883e-01 7.71187e-01 8.05019e-01 1.15889e+00 -4.28872e+00
3.45195e-04 6.15473e-01 2.81948e-01 7.69362e-01 7.71703e-01 8.05028e-01 1.15918e+00 -4.28872e+00
3.46741e-04 6.15501e-01 2.81915e-01 7.69838e-01 7.72217e-01 8.05037e-01 1.15947e+00 -4.28873e+00
3.48287e-04 6.15529e-01 2.81882e-01 7.70312e-01 7.72729e-01 8.05046e-01 1.15976e+00 -4.28874e+00
3.49834e-04 6.15557e-01 2.81850e-01 7.70783e-01 7.73238e-01 8.05055e-01 1.16005e+00 -4.28875e+00
3.51380e-04 6.15585e-01 2.81817e-01 7.71252e-01 7.73745e-01 8.05064e-01 1.16033e+00 -4.28876e+00
3.52926e-04 6.15613e-01 2.81785e-01 7.71718e-01 7.74249e-01 8.05073e-01 1.16061e+00 -4.28877e+00
3.54472e-04 6.15641e-01 2.81753e-01 7.72181e-01 7.74751e-01 8.05081e-01 1.16090e+00 -4.28878e+00
3.56018e-04 6.15668e-01 2.81721e-01 7.72642e-01 7.75251e-01 8.05090e-01 1.16118e+00 -4.28879e+00
3.57564e-04 6.15695e-01 2.81689e-01 7.73101e-01 7.75749e-01 8.05099e-01 1.16146e+00 -4.28880e+00
3.59110e-04 6.15723e-01 2.81657e-01 7.73557e-01 7.76244e-01 8.05107e-01 1.16173e+00 -4.28881e+00
3.60656e-04 6.15750e-01 2.81625e-01 7.74010e-01 7.76737e-01 8.05116e-01 1.16201e+00 -4.28882e+00
3.62202e-04 6.15776e-01 2.81594e-01 7.74461e-01 7.77228e-01 8.05124e-01 1.16228e+00 -4.28883e+00
3.63748e-04 6.15803e-01 2.81563e-01 7.74910e-01 7.77717e-01 8.05133e-01 1.16256e+00 -4.28883e+00
3.65293e-04 6.15830e-01 2.81532e-01 7.75356e-01 7.78204e-01 8.05141e-01 1.16283e+00 -4.28884e+00
3.66839e-04 6.15856e-01 2.81501e-01 7.75799e-01 7.78688e-01 8.05150e-01 1.16310e+00 -4.28885e+00
3.68385e-04 6.15883e-01 2.81470e-01 7.76241e-01 7.79170e-01 8.05158e-01 1.16337e+00 -4.28886e+00
3.69931e-04 6.15909e-01 2.81440e-01 7.76680e-01 7.79650e-01 8.05166e-01 1.16364e+00 -4.28887e+00
3.71476e-04 6.15935e-01 2.81409e-01 7.77116e-01 7.80128e-01 8.05174e-01 1.16390e+00 -4.28888e+00
3.73022e-04 6.15961e-01 2.81379e-01 7.77551e-01 7.80604e-01 8.05183e-01 1.16417e+00 -4.28889e+00
3.74567e-04 6.15987e-01 2.81349e-01 7.77983e-01 7.81078e-01 8.05191e-01 1.16443e+00 -4.28889e+00
3.76113e-04 6.16012e-01 2.81319e-01 7.78412e-01 7.81550e-01 8.05199e-01 1.16469e+00 -4.28890e+00
3.77659e-04 6.16038e-01 2.81289e-01 7.78840e-01 7.82020e-01 8.05207e-01 1.16495e+00 -4.28891e+00
3.79204e-04 6.16063e-01 2.81260e-01 7.79265e-01 7.82487e-01 8.05215e-01 1.16521e+00 -4.28892e+00
3.80749e-04 6.16088e-01 2.81230e-01 7.79688e-01 7.82953e-01 8.05223e-01 1.16547e+00 -4.28893e+00
3.82295e-04 6.16114e-01 2.81201e-01 7.80109e-01 7.83417e-01 8.05231e-01 1.16573e+00 -4.28894e+00
3.83840e-04 6.16139e-01 2.81172e-01 7.80527e-01 7.83878e-01 8.05239e-01 1.16598e+00 -4.28894e+00
3.85386e-04 6.16163e-01 2.81143e-01 7.80944e-01 7.84338e-01 8.05247e-01 1.16624e+00 -4.28895e+00
3.86931e-04 6.16188e-01 2.81114e-01 7.81358e-01 7.84796e-01 8.05255e-01 1.16649e+00 -4.28896e+00
3.88476e-04 6.16213e-01 2.81085e-01 7.81770e-01 7.85252e-01 8.05262e-01 1.16674e+00 -4.28897e+00
3.90021e-04 6.16237e-01 2.81056e-01 7.82180e-01 7.85706e-01 8.05270e-01 1.16699e+00 -4.28898e+00
3.91566e-04 6.16262e-01 2.81028e-01 7.82588e-01 7.86157e-01 8.05278e-01 1.16724e+00 -4.28898e+00
3.93112e-04 6.16286e-01 2.81000e-01 7.82993e-01 7.86608e-01 8.05286e-01 1.16749e+00 -4.28899e+00
3.94657e-04 6.16310e-01 2.80971e-01 7.83397e-01 7.87056e-01 8.05293e-01 1.16774e+00 -4.28900e+00
3.96202e-04 6.16334e-01 2.80943e-01 7.83799e-01 7.87502e-01 8.05301e-01 1.16798e+00 -4.28901e+00
3.97747e-04 6.16358e-01 2.80915e-01 7.84198e-01 7.87947e-01 8.05308e-01 1.16823e+00 -4.28902e+00
3.99292e-04 6.16382e-01 2.80888e-01 7.84596e-01 7.88389e-01 8.05316e-01 1.16847e+00 -4.28902e+00
4.00837e-04 6.16406e-01 2.80860e-01 7.84991e-01 7.88830e-01 8.05323e-01 1.16871e+00 -4.28903e+00
4.02382e-04 6.16429e-01 2.80833e-01 7.85385e-01 7.89269e-01 8.05331e-01 1.16895e+00 -4.28904e+00
4.03926e-04 6.16453e-01 2.80805e-01 7.85776e-01 7.89706e-01 8.05338e-01 1.16919e+00 -4.28905e+00
4.05471e-04 6.16476e-01 2.80778e-01 7.86165e-01 7.90142e-01 8.05346e-01 1.16943e+00 -4.28905e+00
4.07016e-04 6.16499e-01 2.80751e-01 7.86553e-01 7.90575e-01 8.05353e-01 1.16967e+00 -4.28906e+00
4.08561e-04 6.16522e-01 2.80724e-01 7.86939e-01 7.91007e-01 8.05360e-01 1.16990e+00 -4.28907e+00
4.10106e-04 6.16545e-01 2.80697e-01 7.87322e-01 7.91437e-01 8.05367e-01 1.17014e+00 -4.28908e+00
4.11650e-04 6.16568e-01 2.80670e-01 7.87704e-01 7.91865e-01 8.05375e-01 1.17037e+00 -4.28908e+00
4.13195e-04 6.16591e-01 2.80644e-01 7.88084e-01 7.92292e-01 8.05382e-01 1.17060e+00 -4.28909e+00
4.14739e-04 6.16614e-01 2.80617e-01 7.88462e-01 7.92717e-01 8.05389e-01 1.17084e+00 -4.28910e+00
4.16284e-04 6.16636e-01 2.80591e-01 7.88838e-01 7.93140e-01 8.05396e-01 1.17107e+00 -4.28911e+00
4.17829e-04 6.16659e-01 2.80565e-01 7.89212e-01 7.93562e-01 8.05403e-01 1.17130e+00 -4.28911e+00
4.19373e-04 6.16681e-01 2.80539e-01 7.89584e-01 7.93981e-01 8.05410e-01 1.17152e+00 -4.28912e+00
4.20918e-04 6.16703e-01 2.80513e-01 7.89955e-01 7.94400e-01 8.05417e-01 1.17175e+00 -4.28913e+00
4.22462e-04 6.16725e-01 2.80487e-01 7.90324e-01 7.94816e-01 8.05424e-01 1.17198e+00 -4.28914e+00
4.24006e-04 6.16747e-01 2.80461e-01 7.90691e-01 7.95231e-01 8.05431e-01 1.17220e+00 -4.28914e+00
4.25551e-04 6.16769e-01 2.80436e-01 7.91056e-01 7.95644e-01 8.05438e-01 1.17243e+00 -4.28915e+00
4.27095e-04 6.16791e-01 2.80410e-01 7.91419e-01 7.96056e-01 8.05445e-01 1.17265e+00 -4.28916e+00
4.28639e-04 6.16813e-01 2.80385e-01 7.91781e-01 7.96466e-01 8.05452e-01 1.17287e+00 -4.28916e+00
4.30184e-04 6.16834e-01 2.80360e-01 7.92141e-01 7.96874e-01 8.05459e-01 1.17309e+00 -4.28917e+00
4.31728e-04 6.16856e-01 2.80335e-01 7.92499e-01 7.97281e-01 8.05466e-01 1.17331e+00 -4.28918e+00
4.33272e-04 6.16877e-01 2.80310e-01 7.92855e-01 7.97686e-01 8.05472e-01 1.17353e+00 -4.28919e+00
4.34816e-04 6.16899e-01 2.80285e-01 7.93210e-01 7.98090e-01 8.05479e-01 1.17375e+00 -4.28919e+00
4.36360e-04 6.16920e-01 2.80260e-01 7.93563e-01 7.98492e-01 8.05486e-01 1.17396e+00 -4.28920e+00
4.37904e-04 6.16941e-01 2.80236e-01 7.93914e-01 7.98892e-01 8.05492e-01 1.17418e+00 -4.28921e+00
4.39448e-04 6.16962e-01 2.80211e-01 7.94264e-01 7.99291e-01 8.05499e-01 1.17439e+00 -4.28921e+00
4.40992e-04 6.16983e-01 2.80187e-01 7.94611e-01 7.99689e-01 8.05506e-01 1.17461e+00 -4.28922e+00
4.42536e-04 6.17004e-01 2.80162e-01 7.94958e-01 8.00085e-01 8.05512e-01 1.17482e+00 -4.28923e+00
4.44080e-04 6.17024e-01 2.80138e-01 7.95302e-01 8.00479e-01 8.05519e-01 1.17503e+00 -4.28923e+00
4.45624e-04 6.17045e-01 2.80114e-01 7.95645e-01 8.00872e-01 8.05525e-01 1.17524e+00 -4.28924e+00
4.47168e-04 6.17066e-01 2.80090e-01 7.95987e-01 8.01263e-01 8.05532e-01 1.17545e+00 -4.28925e+00
4.48712e-04 6.17086e-01 2.80066e-01 7.96327e-01 8.01654e-01 8.05538e-01 1.17566e+00 -4.28925e+00
4.50255e-04 6.17106e-01 2.80043e-01 7.96665e-01 8.02042e-01 8.05545e-01 1.17587e+00 -4.28926e+00
4.51799e-04 6.17127e-01 2.80019e-01 7.97001e-01 8.02429e-01 8.05551e-01 1.17608e+00 -4.28927e+00
4.53343e-04 6.17147e-01 2.79995e-01 7.97336e-01 8.02815e-01 8.05557e-01 1.17628e+00 -4.28927e+00
4.54886e-04 6.17167e-01 2.79972e-01 7.97670e-01 8.03199e-01 8.05564e-01 1.17649e+00 -4.28928e+00
4.56430e-04 6.17187e-01 2.79949e-01 7.98002e-01 8.03581e-01 8.05570e-01 1.17669e+00 -4.28929e+00
4.57974e-04 6.17207e-01 2.79926e-01 7.98332e-01 8.03963e-01 8.05576e-01 1.17689e+00 -4.28929e+00
4.59517e-04 6.17226e-01 2.79902e-01 7.98661e-01 8.04343e-01 8.05583e-01 1.17710e+00 -4.28930e+00
4.61061e-04 6.17246e-01 2.79879e-01 7.98988e-01 8.04721e-01 8.05589e-01 1.17730e+00 -4.28931e+00
4.62604e-04 6.17266e-01 2.79857e-01 7.99314e-01 8.05098e-01 8.05595e-01 1.17750e+00 -4.28931e+00
4.64148e-04 6.17285e-01 2.79834e-01 7.99639e-01 8.05474e-01 8.05601e-01 1.17770e+00 -4.28932e+00
4.65691e-04 6.17305e-01 2.79811e-01 7.99962e-01 8.05848e-01 8.05607e-01 1.17790e+00 -4.28932e+00
4.67234e-04 6.17324e-01 2.79789e-01 8.00283e-01 8.06221e-01 8.05613e-01 1.17809e+00 -4.28933e+00
4.68778e-04 6.17343e-01 2.79766e-01 8.00603e-01 8.06593e-01 8.05619e-01 1.17829e+00 -4.28934e+00
4.70321e-04 6.17363e-01 2.79744e-01 8.00921e-01 8.06963e-01 8.05625e-01 1.17849e+00 -4.28934e+00
4.71864e-04 6.17382e-01 2.79721e-01 8.01238e-01 8.07332e-01 8.05631e-01 1.17868e+00 -4.28935e+00
4.73407e-04 6.17401e-01 2.79699e-01 8.01554e-01 8.07700e-01 8.05637e-01 1.17887e+00 -4.28936e+00
4.74951e-04 6.17420e-01 2.79677e-01 8.01868e-01 8.08066e-01 8.05643e-01 1.17907e+00 -4.28936e+00
4.76494e-04 6.17438e-01 2.79655e-01 8.02181e-01 8.08431e-01 8.05649e-01 1.17926e+00 -4.28937e+00
4.78037e-04 6.17457e-01 2.79633e-01 8.02492e-01 8.08794e-01 8.05655e-01 1.17945e+00 -4.28937e+00
4.79580e-04 6.17476e-01 2.79611e-01 8.02802e-01 8.09157e-01 8.05661e-01 1.17964e+00 -4.28938e+00
4.81123e-04 6.17495e-01 2.79590e-01 8.03111e-01 8.09518e-01 8.05667e-01 1.17983e+00 -4.28939e+00
4.82666e-04 6.17513e-01 2.79568e-01 8.03418e-01 8.09878e-01 8.05673e-01 1.18002e+00 -4.28939e+00
4.84209e-04 6.17531e-01 2.79547e-01 8.03724e-01 8.10236e-01 8.05679e-01 1.18021e+00 -4.28940e+00
4.85752e-04 6.17550e-01 2.79525e-01 8.04028e-01 8.10593e-01 8.05684e-01 1.18040e+00 -4.28940e+00
4.87295e-04 6.17568e-01 2.79504e-01 8.04332e-01 8.10949e-01 8.05690e-01 1.18058e+00 -4.28941e+00
4.88837e-04 6.17586e-01 2.79483e-01 8.04633e-01 8.11304e-01 8.05696e-01 1.18077e+00 -4.28942e+00
4.90380e-04 6.17604e-01 2.79462e-01 8.04934e-01 8.11657e-01 8.05702e-01 1.18096e+00 -4.28942e+00
4.91923e-04 6.17622e-01 2.79440e-01 8.05233e-01 8.12010e-01 8.05707e-01 1.18114e+00 -4.28943e+00
4.93466e-04 6.17640e-01 2.79420e-01 8.05531e-01 8.12360e-01 8.05713e-01 1.18132e+00 -4.28943e+00
4.95008e-04 6.17658e-01 2.79399e-01 8.05827e-01 8.12710e-01 8.05719e-01 1.18151e+00 -4.28944e+00
4.96551e-04 6.17676e-01 2.79378e-01 8.06123e-01 8.13059e-01 8.05724e-01 1.18169e+00 -4.28944e+00
4.98094e-04 6.17694e-01 2.79357e-01 8.06417e-01 8.13406e-01 8.05730e-01 1.18187e+00 -4.28945e+00
4.99636e-04 6.17711e-01 2.79337e-01 8.06709e-01 8.13752e-01 8.05735e-01 1.18205e+00 -4.28946e+00
5.01179e-04 6.17729e-01 2.79316e-01 8.07001e-01 8.14097e-01 8.05741e-01 1.18223e+00 -4.28946e+00
5.02721e-04 6.17747e-01 2.79296e-01 8.07291e-01 8.14441e-01 8.05747e-01 1.18241e+00 -4.28947e+00
5.04264e-04 6.17764e-01 2.79275e-01 8.07580e-01 8.14783e-01 8.05752e-01 1.18259e+00 -4.28947e+00
5.05806e-04 6.17781e-01 2.79255e-01 8.07868e-01 8.15125e-01 8.05757e-01 1.18276e+00 -4.28948e+00
5.07349e-04 6.17799e-01 2.79235e-01 8.08154e-01 8.15465e-01 8.05763e-01 1.18294e+00 -4.28948e+00
5.08891e-04 6.17816e-01 2.79215e-01 8.08439e-01 8.15804e-01 8.05768e-01 1.18312e+00 -4.28949e+00
5.10433e-04 6.17833e-01 2.79195e-01 8.08723e-01 8.16142e-01 8.05774e-01 1.18329e+00 -4.28950e+00
5.11976e-04 6.17850e-01 2.79175e-01 8.09006e-01 8.16479e-01 8.05779e-01 1.18347e+00 -4.28950e+00
5.13518e-04 6.17867e-01 2.79155e-01 8.09288e-01 8.16814e-01 8.05784e-01 1.18364e+00 -4.28951e+00
5.15060e-04 6.17884e-01 2.79135e-01 8.09568e-01 8.17149e-01 8.05790e-01 1.18381e+00 -4.28951e+00
5.16602e-04 6.17901e-01 2.79116e-01 8.09848e-01 8.17482e-01 8.05795e-01 1.18398e+00 -4.28952e+00
5.18144e-04 6.17918e-01 2.79096e-01 8.10126e-01 8.17814e-01 8.05800e-01 1.18416e+00 -4.28952e+00
5.19686e-04 6.17934e-01 2.79077e-01 8.10403e-01 8.18145e-01 8.05806e-01 1.18433e+00 -4.28953e+00
5.21229e-04 6.17951e-01 2.79057e-01 8.10678e-01 8.18475e-01 8.05811e-01 1.18450e+00 -4.28953e+00
5.22771e-04 6.17967e-01 2.79038e-01 8.10953e-01 8.18804e-01 8.05816e-01 1.18467e+00 -4.28954e+00
5.24313e-04 6.17984e-01 2.79019e-01 8.11226e-01 8.19132e-01 8.05821e-01 1.18483e+00 -4.28954e+00
5.25854e-04 6.18000e-01 2.78999e-01 8.11499e-01 8.19459e-01 8.05826e-01 1.18500e+00 -4.28955e+00
5.27396e-04 6.18017e-01 2.78980e-01 8.11770e-01 8.19784e-01 8.05832e-01 1.18517e+00 -4.28955e+00
5.28938e-04 6.18033e-01 2.78961e-01 8.12040e-01 8.20109e-01 8.05837e-01 1.18534e+00 -4.28956e+00
5.30480e-04 6.18049e-01 2.78942e-01 8.12309e-01 8.20432e-01 8.05842e-01 1.18550e+00 -4.28957e+00
5.32022e-04 6.18065e-01 2.78924e-01 8.12577e-01 8.20755e-01 8.05847e-01 1.18567e+00 -4.28957e+00
5.33564e-04 6.18082e-01 2.78905e-01 8.12843e-01 8.21076e-01 8.05852e-01 1.18583e+00 -4.28958e+00
5.35105e-04 6.18098e-01 2.78886e-01 8.13109e-01 8.21396e-01 8.05857e-01 1.18599e+00 -4.28958e+00
5.36647e-04 6.18114e-01 2.78867e-01 8.13374e-01 8.21715e-01 8.05862e-01 1.18616e+00 -4.28959e+00
5.38189e-04 6.18129e-01 2.78849e-01 8.13637e-01 8.22034e-01 8.05867e-01 1.18632e+00 -4.28959e+00
5.39730e-04 6.18145e-01 2.78830e-01 8.13900e-01 8.22351e-01 8.05872e-01 1.18648e+00 -4.28960e+00
5.41272e-04 6.18161e-01 2.78812e-01 8.14161e-01 8.22667e-01 8.05877e-01 1.18664e+00 -4.28960e+00
5.42813e-04 6.18177e-01 2.78794e-01 8.14421e-01 8.22982e-01 8.05882e-01 1.18680e+00 -4.28961e+00
5.44355e-04 6.18192e-01 2.78775e-01 8.14680e-01 8.23296e-01 8.05887e-01 1.18696e+00 -4.28961e+00
5.45896e-04 6.18208e-01 2.78757e-01 8.14939e-01 8.23609e-01 8.05892e-01 1.18712e+00 -4.28962e+00
5.47438e-04 6.18224e-01 2.78739e-01 8.15196e-01 8.23921e-01 8.05897e-01 1.18728e+00 -4.28962e+00
5.48979e-04 6.18239e-01 2.78721e-01 8.15452e-01 8.24232e-01 8.05902e-01 1.18744e+00 -4.28963e+00
5.50520e-04 6.18254e-01 2.78703e-01 8.15707e-01 8.24542e-01 8.05906e-01 1.18760e+00 -4.28963e+00
5.52062e-04 6.18270e-01 2.78685e-01 8.15961e-01 8.24852e-01 8.05911e-01 1.18775e+00 -4.28964e+00
5.53603e-04 6.18285e-01 2.78668e-01 8.16214e-01 8.25160e-01 8.05916e-01 1.18791e+00 -4.28964e+00
5.55144e-04 6.18300e-01 2.78650e-01 8.16466e-01 8.25467e-01 8.05921e-01 1.18807e+00 -4.28965e+00
5.56685e-04 6.18315e-01 2.78632e-01 8.16717e-01 8.25773e-01 8.05926e-01 1.18822e+00 -4.28965e+00
5.58226e-04 6.18330e-01 2.78615e-01 8.16967e-01 8.26078e-01 8.05930e-01 1.18837e+00 -4.28966e+00
5.59768e-04 6.18345e-01 2.78597e-01 8.17216e-01 8.26382e-01 8.05935e-01 1.18853e+00 -4.28966e+00
5.61309e-04 6.18360e-01 2.78580e-01 8.17465e-01 8.26685e-01 8.05940e-01 1.18868e+00 -4.28967e+00
5.62850e-04 6.18375e-01 2.78562e-01 8.17712e-01 8.26988e-01 8.05945e-01 1.18883e+00 -4.28967e+00
5.64391e-04 6.18390e-01 2.78545e-01 8.17958e-01 8.27289e-01 8.05949e-01 1.18899e+00 -4.28967e+00
5.65932e-04 6.18405e-01 2.78528e-01 8.18203e-01 8.27589e-01 8.05954e-01 1.18914e+00 -4.28968e+00
5.67472e-04 6.18420e-01 2.78510e-01 8.18447e-01 8.27889e-01 8.05959e-01 1.18929e+00 -4.28968e+00
5.69013e-04 6.18434e-01 2.78493e-01 8.18691e-01 8.28187e-01 8.05963e-01 1.18944e+00 -4.28969e+00
5.70554e-04 6.18449e-01 2.78476e-01 8.18933e-01 8.28485e-01 8.05968e-01 1.18959e+00 -4.28969e+00
5.72095e-04 6.18464e-01 2.78459e-01 8.19175e-01 8.28782e-01 8.05972e-01 1.18974e+00 -4.28970e+00
5.73636e-04 6.18478e-01 2.78442e-01 8.19415e-01 8.29077e-01 8.05977e-01 1.18988e+00 -4.28970e+00
5.75176e-04 6.18492e-01 2.78425e-01 8.19655e-01 8.29372e-01 8.05981e-01 1.19003e+00 -4.28971e+00
5.76717e-04 6.18507e-01 2.78409e-01 8.19893e-01 8.29666e-01 8.05986e-01 1.19018e+00 -4.28971e+00
5.78258e-04 6.18521e-01 2.78392e-01 8.20131e-01 8.29959e-01 8.05990e-01 1.19032e+00 -4.28972e+00
5.79798e-04 6.18535e-01 2.78375e-01 8.20368e-01 8.30251e-01 8.05995e-01 1.19047e+00 -4.28972e+00
5.81339e-04 6.18550e-01 2.78359e-01 8.20604e-01 8.30542e-01 8.05999e-01 1.19062e+00 -4.28973e+00
5.82879e-04 6.18564e-01 2.78342e-01 8.20839e-01 8.30833e-01 8.06004e-01 1.19076e+00 -4.28973e+00
5.84420e-04 6.18578e-01 2.78326e-01 8.21073e-01 8.31122e-01 8.06008e-01 1.19091e+00 -4.28973e+00
5.85960e-04 6.18592e-01 2.78309e-01 8.21306e-01 8.31411e-01 8.06013e-01 1.19105e+00 -4.28974e+00
5.87500e-04 6.18606e-01 2.78293e-01 8.21539e-01 8.31698e-01 8.06017e-01 1.19119e+00 -4.28974e+00
5.89041e-04 6.18620e-01 2.78277e-01 8.21770e-01 8.31985e-01 8.06022e-01 1.19133e+00 -4.28975e+00
5.90581e-04 6.18634e-01 2.78261e-01 8.22001e-01 8.32271e-01 8.06026e-01 1.19148e+00 -4.28975e+00
5.92121e-04 6.18648e-01 2.78244e-01 8.22231e-01 8.32556e-01 8.06030e-01 1.19162e+00 -4.28976e+00
5.93662e-04 6.18661e-01 2.78228e-01 8.22460e-01 8.32840e-01 8.06035e-01 1.19176e+00 -4.28976e+00
5.95202e-04 6.18675e-01 2.78212e-01 8.22688e-01 8.33124e-01 8.06039e-01 1.19190e+00 -4.28977e+00
5.96742e-04 6.18689e-01 2.78196e-01 8.22915e-01 8.33406e-01 8.06043e-01 1.19204e+00 -4.28977e+00
5.98282e-04 6.18703e-01 2.78180e-01 8.23141e-01 8.33688e-01 8.06048e-01 1.19218e+00 -4.28977e+00
5.99822e-04 6.18716e-01 2.78165e-01 8.23367e-01 8.33969e-01 8.06052e-01 1.19232e+00 -4.28978e+00
6.01362e-04 6.18730e-01 2.78149e-01 8.23591e-01 8.34249e-01 8.06056e-01 1.19246e+00 -4.28978e+00
6.02902e-04 6.18743e-01 2.78133e-01 8.23815e-01 8.34528e-01 8.06060e-01 1.19259e+00 -4.28979e+00
6.04442e-04 6.18757e-01 2.78117e-01 8.24038e-01 8.34806e-01 8.06065e-01 1.19273e+00 -4.28979e+00
6.05982e-04 6.18770e-01 2.78102e-01 8.24261e-01 8.35083e-01 8.06069e-01 1.19287e+00 -4.28980e+00
6.07522e-04 6.18783e-01 2.78086e-01 8.24482e-01 8.35360e-01 8.06073e-01 1.19300e+00 -4.28980e+00
6.09061e-04 6.18796e-01 2.78071e-01 8.24703e-01 8.35636e-01 8.06077e-01 1.19314e+00 -4.28980e+00
6.10601e-04 6.18810e-01 2.78055e-01 8.24923e-01 8.35911e-01 8.06081e-01 1.19328e+00 -4.28981e+00
6.12141e-04 6.18823e-01 2.78040e-01 8.25142e-01 8.36185e-01 8.06085e-01 1.19341e+00 -4.28981e+00
6.13681e-04 6.18836e-01 2.78025e-01 8.25360e-01 8.36459e-01 8.06090e-01 1.19354e+00 -4.28982e+00
6.15220e-04 6.18849e-01 2.78009e-01 8.25577e-01 8.36731e-01 8.06094e-01 1.19368e+00 -4.28982e+00
6.16760e-04 6.18862e-01 2.77994e-01 8.25794e-01 8.37003e-01 8.06098e-01 1.19381e+00 -4.28983e+00
6.18299e-04 6.18875e-01 2.77979e-01 8.26010e-01 8.37274e-01 8.06102e-01 1.19394e+00 -4.28983e+00
6.19839e-04 6.18888e-01 2.77964e-01 8.26225e-01 8.37544e-01 8.06106e-01 1.19408e+00 -4.28983e+00
6.21378e-04 6.18901e-01 2.77949e-01 8.26439e-01 8.37814e-01 8.06110e-01 1.19421e+00 -4.28984e+00
6.22918e-04 6.18914e-01 2.77934e-01 8.26653e-01 8.38082e-01 8.06114e-01 1.19434e+00 -4.28984e+00
6.24457e-04 6.18926e-01 2.77919e-01 8.26866e-01 8.38350e-01 8.06118e-01 1.19447e+00 -4.28985e+00
6.25996e-04 6.18939e-01 2.77904e-01 8.27078e-01 8.38617e-01 8.06122e-01 1.19460e+00 -4.28985e+00
6.27536e-04 6.18952e-01 2.77889e-01 8.27289e-01 8.38883e-01 8.06126e-01 1.19473e+00 -4.28985e+00
6.29075e-04 6.18965e-01 2.77875e-01 8.27500e-01 8.39149e-01 8.06130e-01 1.19486e+00 -4.28986e+00
6.30614e-04 6.18977e-01 2.77860e-01 8.27709e-01 8.39414e-01 8.06134e-01 1.19499e+00 -4.28986e+00
6.32153e-04 6.18990e-01 2.77845e-01 8.27919e-01 8.39678e-01 8.06138e-01 1.19512e+00 -4.28987e+00
6.33692e-04 6.19002e-01 2.77831e-01 8.28127e-01 8.39941e-01 8.06142e-01 1.19525e+00 -4.28987e+00
6.35231e-04 6.19015e-01 2.77816e-01 8.28335e-01 8.40204e-01 8.06146e-01 1.19537e+00 -4.28987e+00
6.36770e-04 6.19027e-01 2.77802e-01 8.28541e-01 8.40465e-01 8.06150e-01 1.19550e+00 -4.28988e+00
6.38309e-04 6.19039e-01 2.77787e-01 8.28748e-01 8.40726e-01 8.06154e-01 1.19563e+00 -4.28988e+00
6.39848e-04 6.19052e-01 2.77773e-01 8.28953e-01 8.40987e-01 8.06158e-01 1.19575e+00 -4.28989e+00
6.41387e-04 6.19064e-01 2.77759e-01 8.29158e-01 8.41246e-01 8.06161e-01 1.19588e+00 -4.28989e+00
6.42926e-04 6.19076e-01 2.77744e-01 8.29362e-01 8.41505e-01 8.06165e-01 1.19600e+00 -4.28989e+00
6.44465e-04 6.19088e-01 2.77730e-01 8.29565e-01 8.41763e-01 8.06169e-01 1.19613e+00 -4.28990e+00
6.46004e-04 6.19101e-01 2.77716e-01 8.29768e-01 8.42020e-01 8.06173e-01 1.19625e+00 -4.28990e+00
6.47542e-04 6.19113e-01 2.77702e-01 8.29970e-01 8.42277e-01 8.06177e-01 1.19638e+00 -4.28991e+00
6.49081e-04 6.19125e-01 2.77688e-01 8.30171e-01 8.42533e-01 8.06181e-01 1.19650e+00 -4.28991e+00
6.50620e-04 6.19137e-01 2.77674e-01 8.30372e-01 8.42788e-01 8.06184e-01 1.19662e+00 -4.28991e+00
6.52158e-04 6.19149e-01 2.77660e-01 8.30571e-01 8.43043e-01 8.06188e-01 1.19675e+00 -4.28992e+00
6.53697e-04 6.19161e-01 2.77646e-01 8.30771e-01 8.43296e-01 8.06192e-01 1.19687e+00 -4.28992e+00
6.55235e-04 6.19173e-01 2.77632e-01 8.30969e-01 8.43549e-01 8.06196e-01 1.19699e+00 -4.28992e+00
6.56774e-04 6.19184e-01 2.77618e-01 8.31167e-01 8.43802e-01 8.06199e-01 1.19711e+00 -4.28993e+00
6.58312e-04 6.19196e-01 2.77604e-01 8.31364e-01 8.44053e-01 8.06203e-01 1.19723e+00 -4.28993e+00
6.59851e-04 6.19208e-01 2.77591e-01 8.31561e-01 8.44304e-01 8.06207e-01 1.19735e+00 -4.28994e+00
6.61389e-04 6.19220e-01 2.77577e-01 8.31757e-01 8.44555e-01 8.06210e-01 1.19747e+00 -4.28994e+00
6.62927e-04 6.19231e-01 2.77563e-01 8.31952e-01 8.44804e-01 8.06214e-01 1.19759e+00 -4.28994e+00
6.64465e-04 6.19243e-01 2.77550e-01 8.32146e-01 8.45053e-01 8.06218e-01 1.19771e+00 -4.28995e+00
6.66004e-04 6.19255e-01 2.77536e-01 8.32340e-01 8.45301e-01 8.06221e-01 1.19783e+00 -4.28995e+00
6.67542e-04 6.19266e-01 2.77523e-01 8.32534e-01 8.45549e-01 8.06225e-01 1.19795e+00 -4.28995e+00
6.69080e-04 6.19278e-01 2.77510e-01 8.32726e-01 8.45795e-01 8.06229e-01 1.19807e+00 -4.28996e+00
6.70618e-04 6.19289e-01 2.77496e-01 8.32918e-01 8.46042e-01 8.06232e-01 1.19818e+00 -4.28996e+00
6.72156e-04 6.19300e-01 2.77483e-01 8.33110e-01 8.46287e-01 8.06236e-01 1.19830e+00 -4.28997e+00
6.73694e-04 6.19312e-01 2.77470e-01 8.33300e-01 8.46532e-01 8.06239e-01 1.19842e+00 -4.28997e+00
6.75232e-04 6.19323e-01 2.77456e-01 8.33490e-01 8.46776e-01 8.06243e-01 1.19853e+00 -4.28997e+00
6.76770e-04 6.19334e-01 2.77443e-01 8.33680e-01 8.47019e-01 8.06247e-01 1.19865e+00 -4.28998e+00
6.78307e-04 6.19346e-01 2.77430e-01 8.33869e-01 8.47262e-01 8.06250e-01 1.19876e+00 -4.28998e+00
6.79845e-04 6.19357e-01 2.77417e-01 8.34057e-01 8.47504e-01 8.06254e-01 1.19888e+00 -4.28998e+00
6.81383e-04 6.19368e-01 2.77404e-01 8.34245e-01 8.47746e-01 8.06257e-01 1.19899e+00 -4.28999e+00
6.82921e-04 6.19379e-01 2.77391e-01 8.34432e-01 8.47987e-01 8.06261e-01 1.19911e+00 -4.28999e+00
6.84458e-04 6.19390e-01 2.77378e-01 8.34618e-01 8.48227e-01 8.06264e-01 1.19922e+00 -4.28999e+00
6.85996e-04 6.19401e-01 2.77365e-01 8.34804e-01 8.48466e-01 8.06268e-01 1.19933e+00 -4.29000e+00
6.87533e-04 6.19412e-01 2.77352e-01 8.34989e-01 8.48705e-01 8.06271e-01 1.19945e+00 -4.29000e+00
6.89071e-04 6.19423e-01 2.77339e-01 8.35174e-01 8.48944e-01 8.06275e-01 1.19956e+00 -4.29000e+00
6.90608e-04 6.19434e-01 2.77327e-01 8.35358e-01 8.49181e-01 8.06278e-01 1.19967e+00 -4.29001e+00
6.92146e-04 6.19445e-01 2.77314e-01 8.35541e-01 8.49418e-01 8.06281e-01 1.19978e+00 -4.29001e+00
6.93683e-04 6.19456e-01 2.77301e-01 8.35724e-01 8.49655e-01 8.06285e-01 1.19990e+00 -4.29002e+00
6.95221e-04 6.19467e-01 2.77288e-01 8.35906e-01 8.49890e-01 8.06288e-01 1.20001e+00 -4.29002e+00
6.96758e-04 6.19478e-01 2.77276e-01 8.36088e-01 8.50125e-01 8.06292e-01 1.20012e+00 -4.29002e+00
6.98295e-04 6.19489e-01 2.77263e-01 8.36269e-01 8.50360e-01 8.06295e-01 1.20023e+00 -4.29003e+00
6.99832e-04 6.19499e-01 2.77251e-01 8.36450e-01 8.50594e-01 8.06298e-01 1.20034e+00 -4.29003e+00
7.01369e-04 6.19510e-01 2.77238e-01 8.36630e-01 8.50827e-01 8.06302e-01 1.20045e+00 -4.29003e+00
7.02907e-04 6.19521e-01 2.77226e-01 8.36809e-01 8.51060e-01 8.06305e-01 1.20056e+00 -4.29004e+00
7.04444e-04 6.19531e-01 2.77214e-01 8.36988e-01 8.51292e-01 8.06309e-01 1.20067e+00 -4.29004e+00
7.05981e-04 6.19542e-01 2.77201e-01 8.37166e-01 8.51523e-01 8.06312e-01 1.20077e+00 -4.29004e+00
7.07518e-04 6.19552e-01 2.77189e-01 8.37344e-01 8.51754e-01 8.06315e-01 1.20088e+00 -4.29005e+00
7.09055e-04 6.19563e-01 2.77177e-01 8.37521e-01 8.51984e-01 8.06319e-01 1.20099e+00 -4.29005e+00
7.10591e-04 6.19573e-01 2.77164e-01 8.37698e-01 8.52214e-01 8.06322e-01 1.20110e+00 -4.29005e+00
7.12128e-04 6.19584e-01 2.77152e-01 8.37874e-01 8.52443e-01 8.06325e-01 1.20120e+00 -4.29006e+00
7.13665e-04 6.19594e-01 2.77140e-01 8.38049e-01 8.52671e-01 8.06328e-01 1.20131e+00 -4.29006e+00
7.15202e-04 6.19605e-01 2.77128e-01 8.38224e-01 8.52899e-01 8.06332e-01 1.20142e+00 -4.29006e+00
7.16738e-04 6.19615e-01 2.77116e-01 8.38399e-01 8.53126e-01 8.06335e-01 1.20152e+00 -4.29007e+00
7.18275e-04 6.19625e-01 2.77104e-01 8.38573e-01 8.53353e-01 8.06338e-01 1.20163e+00 -4.29007e+00
7.19812e-04 6.19635e-01 2.77092e-01 8.38746e-01 8.53579e-01 8.06341e-01 1.20173e+00 -4.29007e+00
7.21348e-04 6.19646e-01 2.77080e-01 8.38919e-01 8.53804e-01 8.06345e-01 1.20184e+00 -4.29008e+00
7.22885e-04 6.19656e-01 2.77068e-01 8.39091e-01 8.54029e-01 8.06348e-01 1.20194e+00 -4.29008e+00
7.24421e-04 6.19666e-01 2.77056e-01 8.39263e-01 8.54253e-01 8.06351e-01 1.20205e+00 -4.29008e+00
7.25958e-04 6.19676e-01 2.77045e-01 8.39434e-01 8.54477e-01 8.06354e-01 1.20215e+00 -4.29009e+00
7.27494e-04 6.19686e-01 2.77033e-01 8.39605e-01 8.54700e-01 8.06357e-01 1.20226e+00 -4.29009e+00
7.29030e-04 6.19696e-01 2.77021e-01 8.39775e-01 8.54923e-01 8.06361e-01 1.20236e+00 -4.29009e+00
7.30567e-04 6.19706e-01 2.77009e-01 8.39945e-01 8.55145e-01 8.06364e-01 1.20246e+00 -4.29009e+00
7.32103e-04 6.19716e-01 2.76998e-01 8.40114e-01 8.55366e-01 8.06367e-01 1.20256e+00 -4.29010e+00
7.33639e-04 6.19726e-01 2.76986e-01 8.40283e-01 8.55587e-01 8.06370e-01 1.20267e+00 -4.29010e+00
7.35175e-04 6.19736e-01 2.76975e-01 8.40451e-01 8.55807e-01 8.06373e-01 1.20277e+00 -4.29010e+00
7.36711e-04 6.19746e-01 2.76963e-01 8.40619e-01 8.56027e-01 8.06376e-01 1.20287e+00 -4.29011e+00
7.38247e-04 6.19756e-01 2.76951e-01 8.40786e-01 8.56246e-01 8.06379e-01 1.20297e+00 -4.29011e+00
7.39783e-04 6.19766e-01 2.76940e-01 8.40953e-01 8.56465e-01 8.06382e-01 1.20307e+00 -4.29011e+00
7.41319e-04 6.19775e-01 2.76929e-01 8.41119e-01 8.56683e-01 8.06386e-01 1.20317e+00 -4.29012e+00
7.42855e-04 6.19785e-01 2.76917e-01 8.41285e-01 8.56901e-01 8.06389e-01 1.20327e+00 -4.29012e+00
7.44391e-04 6.19795e-01 2.76906e-01 8.41450e-01 8.57118e-01 8.06392e-01 1.20337e+00 -4.29012e+00
7.45927e-04 6.19805e-01 2.76895e-01 8.41615e-01 8.57334e-01 8.06395e-01 1.20347e+00 -4.29013e+00
7.47463e-04 6.19814e-01 2.76883e-01 8.41779e-01 8.57550e-01 8.06398e-01 1.20357e+00 -4.29013e+00
7.48999e-04 6.19824e-01 2.76872e-01 8.41943e-01 8.57765e-01 8.06401e-01 1.20367e+00 -4.29013e+00
7.50534e-04 6.19834e-01 2.76861e-01 8.42106e-01 8.57980e-01 8.06404e-01 1.20377e+00 -4.29014e+00
7.52070e-04 6.19843e-01 2.76850e-01 8.42269e-01 8.58194e-01 8.06407e-01 1.20387e+00 -4.29014e+00
7.53606e-04 6.19853e-01 2.76839e-01 8.42431e-01 8.58408e-01 8.06410e-01 1.20396e+00 -4.29014e+00
7.55141e-04 6.19862e-01 2.76828e-01 8.42593e-01 8.58621e-01 8.06413e-01 1.20406e+00 -4.29014e+00
7.56677e-04 6.19872e-01 2.76817e-01 8.42755e-01 8.58834e-01 8.06416e-01 1.20416e+00 -4.29015e+00
7.58212e-04 6.19881e-01 2.76805e-01 8.42916e-01 8.59046e-01 8.06419e-01 1.20426e+00 -4.29015e+00
7.59748e-04 6.19890e-01 2.76795e-01 8.43076e-01 8.59258e-01 8.06422e-01 1.20435e+00 -4.29015e+00
7.61283e-04 6.19900e-01 2.76784e-01 8.43236e-01 8.59469e-01 8.06425e-01 1.20445e+00 -4.29016e+00
7.62818e-04 6.19909e-01 2.76773e-01 8.43396e-01 8.59680e-01 8.06428e-01 1.20454e+00 -4.29016e+00
7.64354e-04 6.19918e-01 2.76762e-01 8.43555e-01 8.59890e-01 8.06431e-01 1.20464e+00 -4.29016e+00
7.65889e-04 6.19928e-01 2.76751e-01 8.43714e-01 8.60099e-01 8.06434e-01 1.20474e+00 -4.29017e+00
7.67424e-04 6.19937e-01 2.76740e-01 8.43872e-01 8.60308e-01 8.06436e-01 1.20483e+00 -4.29017e+00
7.68959e-04 6.19946e-01 2.76729e-01 8.44030e-01 8.60517e-01 8.06439e-01 1.20493e+00 -4.29017e+00
7.70494e-04 6.19955e-01 2.76719e-01 8.44187e-01 8.60725e-01 8.06442e-01 1.20502e+00 -4.29017e+00
7.72029e-04 6.19965e-01 2.76708e-01 8.44344e-01 8.60932e-01 8.06445e-01 1.20511e+00 -4.29018e+00
7.73564e-04 6.19974e-01 2.76697e-01 8.44500e-01 8.61139e-01 8.06448e-01 1.20521e+00 -4.29018e+00
7.75099e-04 6.19983e-01 2.76687e-01 8.44656e-01 8.61346e-01 8.06451e-01 1.20530e+00 -4.29018e+00
7.76634e-04 6.19992e-01 2.76676e-01 8.44812e-01 8.61552e-01 8.06454e-01 1.20540e+00 -4.29019e+00
7.78169e-04 6.20001e-01 2.76666e-01 8.44967e-01 8.61757e-01 8.06457e-01 1.20549e+00 -4.29019e+00
7.79704e-04 6.20010e-01 2.76655e-01 8.45122e-01 8.61962e-01 8.06459e-01 1.20558e+00 -4.29019e+00
7.81239e-04 6.20019e-01 2.76645e-01 8.45276e-01 8.62167e-01 8.06462e-01 1.20567e+00 -4.29019e+00
7.82774e-04 6.20028e-01 2.76634e-01 8.45430e-01 8.62371e-01 8.06465e-01 1.20577e+00 -4.29020e+00
7.84308e-04 6.20037e-01 2.76624e-01 8.45583e-01 8.62574e-01 8.06468e-01 1.20586e+00 -4.29020e+00
7.85843e-04 6.20046e-01 2.76613e-01 8.45736e-01 8.62777e-01 8.06471e-01 1.20595e+00 -4.29020e+00
7.87378e-04 6.20055e-01 2.76603e-01 8.45889e-01 8.62980e-01 8.06474e-01 1.20604e+00 -4.29021e+00
7.88912e-04 6.20063e-01 2.76593e-01 8.46041e-01 8.63182e-01 8.06476e-01 1.20613e+00 -4.29021e+00
7.90447e-04 6.20072e-01 2.76582e-01 8.46193e-01 8.63383e-01 8.06479e-01 1.20622e+00 -4.29021e+00
7.91981e-04 6.20081e-01 2.76572e-01 8.46344e-01 8.63585e-01 8.06482e-01 1.20631e+00 -4.29021e+00
7.93516e-04 6.20090e-01 2.76562e-01 8.46495e-01 8.63785e-01 8.06485e-01 1.20640e+00 -4.29022e+00
7.95050e-04 6.20098e-01 2.76552e-01 8.46646e-01 8.63985e-01 8.06487e-01 1.20649e+00 -4.29022e+00
7.96585e-04 6.20107e-01 2.76542e-01 8.46796e-01 8.64185e-01 8.06490e-01 1.20658e+00 -4.29022e+00
7.98119e-04 6.20116e-01 2.76531e-01 8.46945e-01 8.64384e-01 8.06493e-01 1.20667e+00 -4.29022e+00
7.99653e-04 6.20125e-01 2.76521e-01 8.47095e-01 8.64583e-01 8.06496e-01 1.20676e+00 -4.29023e+00
8.01188e-04 6.20133e-01 2.76511e-01 8.47243e-01 8.64781e-01 8.06498e-01 1.20685e+00 -4.29023e+00
8.02722e-04 6.20142e-01 2.76501e-01 8.47392e-01 8.64979e-01 8.06501e-01 1.20694e+00 -4.29023e+00
8.04256e-04 6.20150e-01 2.76491e-01 8.47540e-01 8.65176e-01 8.06504e-01 1.20703e+00 -4.29024e+00
8.05790e-04 6.20159e-01 2.76481e-01 8.47688e-01 8.65373e-01 8.06506e-01 1.20711e+00 -4.29024e+00
8.07324e-04 6.20167e-01 2.76471e-01 8.47835e-01 8.65569e-01 8.06509e-01 1.20720e+00 -4.29024e+00
8.08858e-04 6.20176e-01 2.76462e-01 8.47982e-01 8.65765e-01 8.06512e-01 1.20729e+00 -4.29024e+00
8.10392e-04 6.20184e-01 2.76452e-01 8.48128e-01 8.65961e-01 8.06515e-01 1.20738e+00 -4.29025e+00
8.11926e-04 6.20193e-01 2.76442e-01 8.48275e-01 8.66156e-01 8.06517e-01 1.20746e+00 -4.29025e+00
8.13460e-04 6.20201e-01 2.76432e-01 8.48420e-01 8.66350e-01 8.06520e-01 1.20755e+00 -4.29025e+00
8.14994e-04 6.20209e-01 2.76422e-01 8.48566e-01 8.66544e-01 8.06522e-01 1.20764e+00 -4.29025e+00
8.16528e-04 6.20218e-01 2.76413e-01 8.48711e-01 8.66738e-01 8.06525e-01 1.20772e+00 -4.29026e+00
8.18062e-04 6.20226e-01 2.76403e-01 8.48855e-01 8.66931e-01 8.06528e-01 1.20781e+00 -4.29026e+00
8.19595e-04 6.20234e-01 2.76393e-01 8.48999e-01 8.67124e-01 8.06530e-01 1.20789e+00 -4.29026e+00
8.21129e-04 6.20243e-01 2.76383e-01 8.49143e-01 8.67316e-01 8.06533e-01 1.20798e+00 -4.29027e+00
8.22663e-04 6.20251e-01 2.76374e-01 8.49287e-01 8.67508e-01 8.06536e-01 1.20806e+00 -4.29027e+00
8.24196e-04 6.20259e-01 2.76364e-01 8.49430e-01 8.67699e-01 8.06538e-01 1.20815e+00 -4.29027e+00
8.25730e-04 6.20267e-01 2.76355e-01 8.49572e-01 8.67890e-01 8.06541e-01 1.20823e+00 -4.29027e+00
8.27263e-04 6.20276e-01 2.76345e-01 8.49715e-01 8.68081e-01 8.06543e-01 1.20832e+00 -4.29028e+00
8.28797e-04 6.20284e-01 2.76336e-01 8.49857e-01 8.68271e-01 8.06546e-01 1.20840e+00 -4.29028e+00
8.30330e-04 6.20292e-01 2.76326e-01 8.49998e-01 8.68460e-01 8.06549e-01 1.20848e+00 -4.29028e+00
8.31864e-04 6.20300e-01 2.76317e-01 8.50140e-01 8.68650e-01 8.06551e-01 1.20857e+00 -4.29028e+00
8.33397e-04 6.20308e-01 2.76307e-01 8.50281e-01 8.68838e-01 8.06554e-01 1.20865e+00 -4.29029e+00
8.34931e-04 6.20316e-01 2.76298e-01 8.50421e-01 8.69027e-01 8.06556e-01 1.20873e+00 -4.29029e+00
8.36464e-04 6.20324e-01 2.76289e-01 8.50561e-01 8.69215e-01 8.06559e-01 1.20882e+00 -4.29029e+00
8.37997e-04 6.20332e-01 2.76279e-01 8.50701e-01 8.69402e-01 8.06561e-01 1.20890e+00 -4.29029e+00
8.39530e-04 6.20340e-01 2.76270e-01 8.50840e-01 8.69589e-01 8.06564e-01 1.20898e+00 -4.29030e+00
8.41063e-04 6.20348e-01 2.76261e-01 8.50980e-01 8.69776e-01 8.06566e-01 1.20906e+00 -4.29030e+00
8.42597e-04 6.20356e-01 2.76251e-01 8.51118e-01 8.69962e-01 8.06569e-01 1.20915e+00 -4.29030e+00
8.44130e-04 6.20364e-01 2.76242e-01 8.51257e-01 8.70148e-01 8.06571e-01 1.20923e+00 -4.29030e+00
8.45663e-04 6.20372e-01 2.76233e-01 8.51395e-01 8.70333e-01 8.06574e-01 1.20931e+00 -4.29031e+00
8.47196e-04 6.20380e-01 2.76224e-01 8.51533e-01 8.70518e-01 8.06576e-01 1.20939e+00 -4.29031e+00
8.48729e-04 6.20387e-01 2.76215e-01 8.51670e-01 8.70702e-01 8.06579e-01 1.20947e+00 -4.29031e+00
8.50262e-04 6.20395e-01 2.76206e-01 8.51807e-01 8.70886e-01 8.06581e-01 1.20955e+00 -4.29031e+00
8.51794e-04 6.20403e-01 2.76197e-01 8.51944e-01 8.71070e-01 8.06584e-01 1.20963e+00 -4.29032e+00
8.53327e-04 6.20411e-01 2.76188e-01 8.52080e-01 8.71253e-01 8.06586e-01 1.20971e+00 -4.29032e+00
8.54860e-04 6.20418e-01 2.76178e-01 8.52216e-01 8.71436e-01 8.06589e-01 1.20979e+00 -4.29032e+00
8.56393e-04 6.20426e-01 2.76170e-01 8.52352e-01 8.71619e-01 8.06591e-01 1.20987e+00 -4.29032e+00
8.57926e-04 6.20434e-01 2.76161e-01 8.52487e-01 8.71801e-01 8.06593e-01 1.20995e+00 -4.29033e+00
8.59458e-04 6.20441e-01 2.76152e-01 8.52622e-01 8.71982e-01 8.06596e-01 1.21003e+00 -4.29033e+00
8.60991e-04 6.20449e-01 2.76143e-01 8.52757e-01 8.72164e-01 8.06598e-01 1.21011e+00 -4.29033e+00
8.62523e-04 6.20457e-01 2.76134e-01 8.52891e-01 8.72344e-01 8.06601e-01 1.21019e+00 -4.29033e+00
8.64056e-04 6.20464e-01 2.76125e-01 8.53025e-01 8.72525e-01 8.06603e-01 1.21026e+00 -4.29034e+00
8.65589e-04 6.20472e-01 2.76116e-01 8.53159e-01 8.72705e-01 8.06605e-01 1.21034e+00 -4.29034e+00
8.67121e-04 6.20479e-01 2.76107e-01 8.53292e-01 8.72884e-01 8.06608e-01 1.21042e+00 -4.29034e+00
8.68653e-04 6.20487e-01 2.76099e-01 8.53425e-01 8.73064e-01 8.06610e-01 1.21050e+00 -4.29034e+00
8.70186e-04 6.20494e-01 2.76090e-01 8.53558e-01 8.73242e-01 8.06613e-01 1.21058e+00 -4.29034e+00
8.71718e-04 6.20502e-01 2.76081e-01 8.53690e-01 8.73421e-01 8.06615e-01 1.21065e+00 -4.29035e+00
8.73250e-04 6.20509e-01 2.76072e-01 8.53822e-01 8.73599e-01 8.06617e-01 1.21073e+00 -4.29035e+00
8.74783e-04 6.20517e-01 2.76064e-01 8.53954e-01 8.73776e-01 8.06620e-01 1.21081e+00 -4.29035e+00
8.76315e-04 6.20524e-01 2.76055e-01 8.54085e-01 8.73954e-01 8.06622e-01 1.21088e+00 -4.29035e+00
8.77847e-04 6.20532e-01 2.76046e-01 8.54216e-01 8.74131e-01 8.06624e-01 1.21096e+00 -4.29036e+00
8.79379e-04 6.20539e-01 2.76038e-01 8.54347e-01 8.74307e-01 8.06627e-01 1.21104e+00 -4.29036e+00
8.80911e-04 6.20546e-01 2.76029e-01 8.54478e-01 8.74483e-01 8.06629e-01 1.21111e+00 -4.29036e+00
8.82444e-04 6.20554e-01 2.76021e-01 8.54608e-01 8.74659e-01 8.06631e-01 1.21119e+00 -4.29036e+00
8.83976e-04 6.20561e-01 2.76012e-01 8.54738e-01 8.74834e-01 8.06634e-01 1.21126e+00 -4.29037e+00
8.85508e-04 6.20568e-01 2.76004e-01 8.54867e-01 8.75009e-01 8.06636e-01 1.21134e+00 -4.29037e+00
8.87040e-04 6.20575e-01 2.75995e-01 8.54997e-01 8.75184e-01 8.06638e-01 1.21141e+00 -4.29037e+00
8.88571e-04 6.20583e-01 2.75987e-01 8.55126e-01 8.75358e-01 8.06641e-01 1.21149e+00 -4.29037e+00
8.90103e-04 6.20590e-01 2.75978e-01 8.55254e-01 8.75532e-01 8.06643e-01 1.21156e+00 -4.29038e+00
8.91635e-04 6.20597e-01 2.75970e-01 8.55383e-01 8.75705e-01 8.06645e-01 1.21164e+00 -4.29038e+00
8.93167e-04 6.20604e-01 2.75962e-01 8.55511e-01 8.75878e-01 8.06647e-01 1.21171e+00 -4.29038e+00
8.94699e-04 6.20611e-01 2.75953e-01 8.55638e-01 8.76051e-01 8.06650e-01 1.21178e+00 -4.29038e+00
8.96230e-04 6.20619e-01 2.75945e-01 8.55766e-01 8.76223e-01 8.06652e-01 1.21186e+00 -4.29038e+00
8.97762e-04 6.20626e-01 2.75937e-01 8.55893e-01 8.76395e-01 8.06654e-01 1.21193e+00 -4.29039e+00
8.99294e-04 6.20633e-01 2.75928e-01 8.56020e-01 8.76566e-01 8.06656e-01 1.21201e+00 -4.29039e+00
9.00825e-04 6.20640e-01 2.75920e-01 8.56147e-01 8.76738e-01 8.06659e-01 1.21208e+00 -4.29039e+00
9.02357e-04 6.20647e-01 2.75912e-01 8.56273e-01 8.76908e-01 8.06661e-01 1.21215e+00 -4.29039e+00
9.03889e-04 6.20654e-01 2.75904e-01 8.56399e-01 8.77079e-01 8.06663e-01 1.21222e+00 -4.29040e+00
9.05420e-04 6.20661e-01 2.75896e-01 8.56525e-01 8.77249e-01 8.06665e-01 1.21230e+00 -4.29040e+00
9.06951e-04 6.20668e-01 2.75887e-01 8.56650e-01 8.77419e-01 8.06668e-01 1.21237e+00 -4.29040e+00
9.08483e-04 6.20675e-01 2.75879e-01 8.56775e-01 8.77588e-01 8.06670e-01 1.21244e+00 -4.29040e+00
9.10014e-04 6.20682e-01 2.75871e-01 8.56900e-01 8.77757e-01 8.06672e-01 1.21251e+00 -4.29040e+00
9.11546e-04 6.20689e-01 2.75863e-01 8.57024e-01 8.77926e-01 8.06674e-01 1.21258e+00 -4.29041e+00
9.13077e-04 6.20696e-01 2.75855e-01 8.57149e-01 8.78094e-01 8.06676e-01 1.21266e+00 -4.29041e+00
9.14608e-04 6.20702e-01 2.75847e-01 8.57273e-01 8.78262e-01 8.06679e-01 1.21273e+00 -4.29041e+00
9.16139e-04 6.20709e-01 2.75839e-01 8.57397e-01 8.78429e-01 8.06681e-01 1.21280e+00 -4.29041e+00
9.17671e-04 6.20716e-01 2.75831e-01 8.57520e-01 8.78596e-01 8.06683e-01 1.21287e+00 -4.29042e+00
9.19202e-04 6.20723e-01 2.75823e-01 8.57643e-01 8.78763e-01 8.06685e-01 1.21294e+00 -4.29042e+00
9.20733e-04 6.20730e-01 2.75815e-01 8.57766e-01 8.78930e-01 8.06687e-01 1.21301e+00 -4.29042e+00
9.22264e-04 6.20737e-01 2.75807e-01 8.57889e-01 8.79096e-01 8.06689e-01 1.21308e+00 -4.29042e+00
9.23795e-04 6.20743e-01 2.75799e-01 8.58011e-01 8.79262e-01 8.06692e-01 1.21315e+00 -4.29042e+00
9.25326e-04 6.20750e-01 2.75792e-01 8.58133e-01 8.79427e-01 8.06694e-01 1.21322e+00 -4.29043e+00
9.26857e-04 6.20757e-01 2.75784e-01 8.58255e-01 8.79592e-01 8.06696e-01 1.21329e+00 -4.29043e+00
9.28388e-04 6.20763e-01 2.75776e-01 8.58376e-01 8.79757e-01 8.06698e-01 1.21336e+00 -4.29043e+00
9.29919e-04 6.20770e-01 2.75768e-01 8.58498e-01 8.79921e-01 8.06700e-01 1.21343e+00 -4.29043e+00
9.31449e-04 6.20777e-01 2.75760e-01 8.58619e-01 8.80085e-01 8.06702e-01 1.21350e+00 -4.29043e+00
9.32980e-04 6.20783e-01 2.75753e-01 8.58739e-01 8.80249e-01 8.06704e-01 1.21357e+00 -4.29044e+00
9.34511e-04 6.20790e-01 2.75745e-01 8.58860e-01 8.80413e-01 8.06706e-01 1.21364e+00 -4.29044e+00
9.36042e-04 6.20797e-01 2.75737e-01 8.58980e-01 8.80576e-01 8.06709e-01 1.21370e+00 -4.29044e+00
9.37572e-04 6.20803e-01 2.75730e-01 8.59100e-01 8.80738e-01 8.06711e-01 1.21377e+00 -4.29044e+00
9.39103e-04 6.20810e-01 2.75722e-01 8.59220e-01 8.80901e-01 8.06713e-01 1.21384e+00 -4.29045e+00
9.40634e-04 6.20816e-01 2.75714e-01 8.59339e-01 8.81063e-01 8.06715e-01 1.21391e+00 -4.29045e+00
9.42164e-04 6.20823e-01 2.75707e-01 8.59458e-01 8.81224e-01 8.06717e-01 1.21398e+00 -4.29045e+00
9.43695e-04 6.20829e-01 2.75699e-01 8.59577e-01 8.81386e-01 8.06719e-01 1.21404e+00 -4.29045e+00
9.45225e-04 6.20836e-01 2.75691e-01 8.59696e-01 8.81547e-01 8.06721e-01 1.21411e+00 -4.29045e+00
9.46756e-04 6.20842e-01 2.75684e-01 8.59814e-01 8.81707e-01 8.06723e-01 1.21418e+00 -4.29046e+00
9.48286e-04 6.20849e-01 2.75676e-01 8.59932e-01 8.81868e-01 8.06725e-01 1.21425e+00 -4.29046e+00
9.49816e-04 6.20855e-01 2.75669e-01 8.60050e-01 8.82028e-01 8.06727e-01 1.21431e+00 -4.29046e+00
9.51347e-04 6.20862e-01 2.75661e-01 8.60168e-01 8.82187e-01 8.06729e-01 1.21438e+00 -4.29046e+00
9.52877e-04 6.20868e-01 2.75654e-01 8.60285e-01 8.82347e-01 8.06731e-01 1.21445e+00 -4.29046e+00
9.54407e-04 6.20874e-01 2.75646e-01 8.60402e-01 8.82506e-01 8.06733e-01 1.21451e+00 -4.29047e+00
9.55938e-04 6.20881e-01 2.75639e-01 8.60519e-01 8.82665e-01 8.06735e-01 1.21458e+00 -4.29047e+00
9.57468e-04 6.20887e-01 2.75632e-01 8.60636e-01 8.82823e-01 8.06737e-01 1.21464e+00 -4.29047e+00
9.58998e-04 6.20894e-01 2.75624e-01 8.60752e-01 8.82981e-01 8.06739e-01 1.21471e+00 -4.29047e+00
9.60528e-04 6.20900e-01 2.75617e-01 8.60868e-01 8.83139e-01 8.06741e-01 1.21478e+00 -4.29047e+00
9.62058e-04 6.20906e-01 2.75610e-01 8.60984e-01 8.83296e-01 8.06743e-01 1.21484e+00 -4.29048e+00
9.63588e-04 6.20912e-01 2.75602e-01 8.61100e-01 8.83453e-01 8.06745e-01 1.21491e+00 -4.29048e+00
9.65118e-04 6.20919e-01 2.75595e-01 8.61215e-01 8.83610e-01 8.06747e-01 1.21497e+00 -4.29048e+00
9.66648e-04 6.20925e-01 2.75588e-01 8.61330e-01 8.83766e-01 8.06749e-01 1.21504e+00 -4.29048e+00
9.68178e-04 6.20931e-01 2.75580e-01 8.61445e-01 8.83923e-01 8.06751e-01 1.21510e+00 -4.29048e+00
9.69708e-04 6.20937e-01 2.75573e-01 8.61560e-01 8.84078e-01 8.06753e-01 1.21517e+00 -4.29049e+00
9.71238e-04 6.20943e-01 2.75566e-01 8.61675e-01 8.84234e-01 8.06755e-01 1.21523e+00 -4.29049e+00
9.72768e-04 6.20950e-01 2.75559e-01 8.61789e-01 8.84389e-01 8.06757e-01 1.21529e+00 -4.29049e+00
9.74297e-04 6.20956e-01 2.75552e-01 8.61903e-01 8.84544e-01 8.06759e-01 1.21536e+00 -4.29049e+00
9.75827e-04 6.20962e-01 2.75544e-01 8.62016e-01 8.84699e-01 8.06761e-01 1.21542e+00 -4.29049e+00
9.77357e-04 6.20968e-01 2.75537e-01 8.62130e-01 8.84853e-01 8.06763e-01 1.21548e+00 -4.29050e+00
9.78886e-04 6.20974e-01 2.75530e-01 8.62243e-01 8.85007e-01 8.06765e-01 1.21555e+00 -4.29050e+00
9.80416e-04 6.20980e-01 2.75523e-01 8.62356e-01 8.85160e-01 8.06767e-01 1.21561e+00 -4.29050e+00
9.81946e-04 6.20986e-01 2.75516e-01 8.62469e-01 8.85314e-01 8.06769e-01 1.21567e+00 -4.29050e+00
9.83475e-04 6.20992e-01 2.75509e-01 8.62582e-01 8.85467e-01 8.06771e-01 1.21574e+00 -4.29050e+00
9.85005e-04 6.20998e-01 2.75502e-01 8.62694e-01 8.85620e-01 8.06773e-01 1.21580e+00 -4.29051e+00
9.86534e-04 6.21004e-01 2.75495e-01 8.62806e-01 8.85772e-01 8.06775e-01 1.21586e+00 -4.29051e+00
9.88064e-04 6.21010e-01 2.75488e-01 8.62918e-01 8.85924e-01 8.06777e-01 1.21593e+00 -4.29051e+00
9.89593e-04 6.21016e-01 2.75481e-01 8.63030e-01 8.86076e-01 8.06778e-01 1.21599e+00 -4.29051e+00
9.91122e-04 6.21022e-01 2.75474e-01 8.63141e-01 8.86227e-01 8.06780e-01 1.21605e+00 -4.29051e+00
9.92652e-04 6.21028e-01 2.75467e-01 8.63252e-01 8.86379e-01 8.06782e-01 1.21611e+00 -4.29051e+00
9.94181e-04 6.21034e-01 2.75460e-01 8.63363e-01 8.86529e-01 8.06784e-01 1.21617e+00 -4.29052e+00
9.95710e-04 6.21040e-01 2.75453e-01 8.63474e-01 8.86680e-01 8.06786e-01 1.21624e+00 -4.29052e+00
9.97239e-04 6.21046e-01 2.75446e-01 8.63585e-01 8.86830e-01 8.06788e-01 1.21630e+00 -4.29052e+00
9.98769e-04 6.21052e-01 2.75440e-01 8.63695e-01 8.86980e-01 8.06790e-01 1.21636e+00 -4.29052e+00
1.00000e-03 6.21057e-01 2.75434e-01 8.63784e-01 8.87101e-01 8.06791e-01 1.21641e+00 -4.29052e+00
