# x AR CA ca co phi u v
0.00000e+00 6.00000e-01 3.00000e-01 4.99135e-01 4.99135e-01 8.00000e-01 1.00000e+00 -4.28317e+00
1.00000e-06 5.98177e-01 3.01327e-01 5.52469e-01 5.52469e-01 8.00987e-01 1.03077e+00 -4.28431e+00
3.67624e-06 5.94150e-01 3.04274e-01 6.66394e-01 6.66394e-01 8.03102e-01 1.09752e+00 -4.28667e+00
5.79057e-06 5.91684e-01 3.06091e-01 7.33485e-01 7.33485e-01 8.04354e-01 1.13749e+00 -4.28802e+00
7.90491e-06 5.89687e-01 3.07568e-01 7.86336e-01 7.86350e-01 8.05342e-01 1.16932e+00 -4.28905e+00
9.52806e-06 5.88403e-01 3.08522e-01 8.19664e-01 8.19457e-01 8.05967e-01 1.18955e+00 -4.28969e+00
1.11512e-05 5.87290e-01 3.09351e-01 8.48174e-01 8.48746e-01 8.06501e-01 1.20694e+00 -4.29023e+00
1.30871e-05 5.86148e-01 3.10202e-01 8.76946e-01 8.74357e-01 8.07043e-01 1.22464e+00 -4.29077e+00
1.45692e-05 5.85377e-01 3.10778e-01 8.96351e-01 8.98952e-01 8.07406e-01 1.23653e+00 -4.29113e+00
1.60514e-05 5.84696e-01 3.11287e-01 9.13119e-01 9.09945e-01 8.07724e-01 1.24697e+00 -4.29144e+00
1.78779e-05 5.83936e-01 3.11856e-01 9.32069e-01 9.37383e-01 8.08077e-01 1.25861e+00 -4.29178e+00
1.93653e-05 5.83397e-01 3.12259e-01 9.45045e-01 9.38934e-01 8.08326e-01 1.26681e+00 -4.29202e+00
2.08527e-05 5.82890e-01 3.12639e-01 9.57642e-01 9.61206e-01 8.08559e-01 1.27454e+00 -4.29225e+00
2.26114e-05 5.82366e-01 3.13032e-01 9.70188e-01 9.60909e-01 8.08800e-01 1.28251e+00 -4.29247e+00
2.40948e-05 5.81944e-01 3.13348e-01 9.80699e-01 9.85451e-01 8.08993e-01 1.28891e+00 -4.29266e+00
2.55783e-05 5.81574e-01 3.13625e-01 9.89452e-01 9.81704e-01 8.09162e-01 1.29452e+00 -4.29281e+00
2.72923e-05 5.81163e-01 3.13934e-01 9.99646e-01 1.00510e+00 8.09349e-01 1.30076e+00 -4.29299e+00
2.87894e-05 5.80849e-01 3.14169e-01 1.00698e+00 9.96615e-01 8.09492e-01 1.30551e+00 -4.29312e+00
3.02865e-05 5.80539e-01 3.14401e-01 1.01467e+00 1.01697e+00 8.09633e-01 1.31020e+00 -4.29325e+00
3.19692e-05 5.80234e-01 3.14630e-01 1.02182e+00 1.00894e+00 8.09771e-01 1.31482e+00 -4.29338e+00
3.36314e-05 5.79933e-01 3.14856e-01 1.02934e+00 1.03537e+00 8.09908e-01 1.31938e+00 -4.29350e+00
3.51359e-05 5.79700e-01 3.15030e-01 1.03464e+00 1.01919e+00 8.10012e-01 1.32289e+00 -4.29360e+00
3.65864e-05 5.79469e-01 3.15204e-01 1.04043e+00 1.04138e+00 8.10117e-01 1.32639e+00 -4.29369e+00
3.81335e-05 5.79253e-01 3.15365e-01 1.04540e+00 1.03123e+00 8.10214e-01 1.32964e+00 -4.29378e+00
3.97760e-05 5.79021e-01 3.15540e-01 1.05114e+00 1.05239e+00 8.10319e-01 1.33314e+00 -4.29388e+00
4.13747e-05 5.78825e-01 3.15687e-01 1.05556e+00 1.03698e+00 8.10406e-01 1.33608e+00 -4.29396e+00
4.28797e-05 5.78632e-01 3.15831e-01 1.06036e+00 1.06007e+00 8.10493e-01 1.33898e+00 -4.29403e+00
4.43758e-05 5.78467e-01 3.15956e-01 1.06408e+00 1.04666e+00 8.10566e-01 1.34145e+00 -4.29410e+00
4.59436e-05 5.78286e-01 3.16092e-01 1.06850e+00 1.06578e+00 8.10647e-01 1.34415e+00 -4.29417e+00
4.75529e-05 5.78125e-01 3.16213e-01 1.07209e+00 1.05166e+00 8.10718e-01 1.34655e+00 -4.29424e+00
4.91197e-05 5.77959e-01 3.16338e-01 1.07615e+00 1.07349e+00 8.10791e-01 1.34902e+00 -4.29430e+00
5.06353e-05 5.77821e-01 3.16443e-01 1.07915e+00 1.05786e+00 8.10852e-01 1.35105e+00 -4.29435e+00
5.21610e-05 5.77673e-01 3.16554e-01 1.08272e+00 1.07709e+00 8.10917e-01 1.35324e+00 -4.29441e+00
5.37335e-05 5.77540e-01 3.16655e-01 1.08558e+00 1.06305e+00 8.10974e-01 1.35518e+00 -4.29446e+00
5.53190e-05 5.77398e-01 3.16762e-01 1.08898e+00 1.08301e+00 8.11037e-01 1.35727e+00 -4.29452e+00
5.68716e-05 5.77278e-01 3.16854e-01 1.09150e+00 1.06681e+00 8.11088e-01 1.35901e+00 -4.29456e+00
5.83992e-05 5.77150e-01 3.16951e-01 1.09453e+00 1.08651e+00 8.11143e-01 1.36087e+00 -4.29461e+00
5.99418e-05 5.77038e-01 3.17036e-01 1.09683e+00 1.07159e+00 8.11191e-01 1.36248e+00 -4.29465e+00
6.15121e-05 5.76916e-01 3.17130e-01 1.09968e+00 1.09039e+00 8.11243e-01 1.36424e+00 -4.29470e+00
6.30823e-05 5.76809e-01 3.17211e-01 1.10181e+00 1.07442e+00 8.11288e-01 1.36575e+00 -4.29474e+00
6.46299e-05 5.76695e-01 3.17298e-01 1.10442e+00 1.09400e+00 8.11336e-01 1.36738e+00 -4.29478e+00
6.61674e-05 5.76597e-01 3.17374e-01 1.10633e+00 1.07810e+00 8.11376e-01 1.36874e+00 -4.29482e+00
6.77187e-05 5.76490e-01 3.17456e-01 1.10875e+00 1.09657e+00 8.11421e-01 1.37026e+00 -4.29486e+00
6.92845e-05 5.76395e-01 3.17529e-01 1.11053e+00 1.08077e+00 8.11460e-01 1.37156e+00 -4.29489e+00
7.08455e-05 5.76293e-01 3.17608e-01 1.11281e+00 1.09978e+00 8.11502e-01 1.37299e+00 -4.29493e+00
7.23926e-05 5.76204e-01 3.17676e-01 1.11442e+00 1.08336e+00 8.11537e-01 1.37418e+00 -4.29496e+00
7.39372e-05 5.76108e-01 3.17751e-01 1.11652e+00 1.10188e+00 8.11577e-01 1.37552e+00 -4.29499e+00
7.54920e-05 5.76023e-01 3.17817e-01 1.11802e+00 1.08590e+00 8.11610e-01 1.37665e+00 -4.29502e+00
7.70536e-05 5.75929e-01 3.17889e-01 1.12000e+00 1.10434e+00 8.11648e-01 1.37792e+00 -4.29505e+00
7.86097e-05 5.75848e-01 3.17953e-01 1.12138e+00 1.08782e+00 8.11679e-01 1.37898e+00 -4.29508e+00
8.01578e-05 5.75760e-01 3.18022e-01 1.12323e+00 1.10632e+00 8.11714e-01 1.38017e+00 -4.29511e+00
8.17068e-05 5.75682e-01 3.18083e-01 1.12450e+00 1.09002e+00 8.11744e-01 1.38116e+00 -4.29514e+00
8.32626e-05 5.75597e-01 3.18150e-01 1.12624e+00 1.10814e+00 8.11777e-01 1.38230e+00 -4.29517e+00
8.48208e-05 5.75522e-01 3.18209e-01 1.12742e+00 1.09166e+00 8.11805e-01 1.38324e+00 -4.29519e+00
8.63745e-05 5.75439e-01 3.18274e-01 1.12906e+00 1.10997e+00 8.11837e-01 1.38432e+00 -4.29522e+00
8.79241e-05 5.75367e-01 3.18331e-01 1.13014e+00 1.09340e+00 8.11863e-01 1.38521e+00 -4.29524e+00
8.94756e-05 5.75288e-01 3.18394e-01 1.13168e+00 1.11140e+00 8.11893e-01 1.38623e+00 -4.29526e+00
9.10311e-05 5.75218e-01 3.18450e-01 1.13269e+00 1.09491e+00 8.11918e-01 1.38708e+00 -4.29529e+00
9.25870e-05 5.75141e-01 3.18511e-01 1.13415e+00 1.11295e+00 8.11947e-01 1.38806e+00 -4.29531e+00
9.41396e-05 5.75073e-01 3.18565e-01 1.13509e+00 1.09627e+00 8.11971e-01 1.38886e+00 -4.29533e+00
9.56904e-05 5.74999e-01 3.18625e-01 1.13646e+00 1.11420e+00 8.11998e-01 1.38980e+00 -4.29536e+00
9.72431e-05 5.74933e-01 3.18678e-01 1.13733e+00 1.09763e+00 8.12021e-01 1.39056e+00 -4.29537e+00
9.87980e-05 5.74860e-01 3.18736e-01 1.13864e+00 1.11545e+00 8.12047e-01 1.39146e+00 -4.29540e+00
1.00352e-04 5.74796e-01 3.18788e-01 1.13945e+00 1.09876e+00 8.12069e-01 1.39219e+00 -4.29542e+00
1.01905e-04 5.74726e-01 3.18845e-01 1.14069e+00 1.11659e+00 8.12094e-01 1.39305e+00 -4.29544e+00
1.03456e-04 5.74663e-01 3.18896e-01 1.14144e+00 1.09991e+00 8.12115e-01 1.39374e+00 -4.29545e+00
1.05009e-04 5.74594e-01 3.18951e-01 1.14261e+00 1.11760e+00 8.12139e-01 1.39457e+00 -4.29548e+00
1.06563e-04 5.74533e-01 3.19001e-01 1.14331e+00 1.10091e+00 8.12159e-01 1.39524e+00 -4.29549e+00
1.08117e-04 5.74466e-01 3.19056e-01 1.14443e+00 1.11860e+00 8.12182e-01 1.39604e+00 -4.29551e+00
1.09669e-04 5.74406e-01 3.19105e-01 1.14508e+00 1.10187e+00 8.12201e-01 1.39668e+00 -4.29553e+00
1.11221e-04 5.74340e-01 3.19159e-01 1.14615e+00 1.11946e+00 8.12223e-01 1.39745e+00 -4.29555e+00
1.12774e-04 5.74281e-01 3.19207e-01 1.14676e+00 1.10276e+00 8.12241e-01 1.39806e+00 -4.29556e+00
1.14328e-04 5.74217e-01 3.19260e-01 1.14777e+00 1.12031e+00 8.12263e-01 1.39880e+00 -4.29558e+00
1.15881e-04 5.74159e-01 3.19308e-01 1.14834e+00 1.10357e+00 8.12281e-01 1.39939e+00 -4.29560e+00
1.17433e-04 5.74096e-01 3.19360e-01 1.14931e+00 1.12107e+00 8.12302e-01 1.40011e+00 -4.29561e+00
1.18985e-04 5.74039e-01 3.19407e-01 1.14984e+00 1.10435e+00 8.12318e-01 1.40068e+00 -4.29563e+00
1.20538e-04 5.73977e-01 3.19458e-01 1.15076e+00 1.12178e+00 8.12339e-01 1.40137e+00 -4.29565e+00
1.22091e-04 5.73921e-01 3.19505e-01 1.15125e+00 1.10505e+00 8.12355e-01 1.40192e+00 -4.29566e+00
1.23643e-04 5.73860e-01 3.19555e-01 1.15214e+00 1.12246e+00 8.12375e-01 1.40260e+00 -4.29568e+00
1.25196e-04 5.73805e-01 3.19601e-01 1.15260e+00 1.10573e+00 8.12390e-01 1.40312e+00 -4.29569e+00
1.26748e-04 5.73745e-01 3.19651e-01 1.15345e+00 1.12307e+00 8.12410e-01 1.40378e+00 -4.29571e+00
1.28301e-04 5.73691e-01 3.19697e-01 1.15388e+00 1.10635e+00 8.12425e-01 1.40429e+00 -4.29572e+00
1.29853e-04 5.73631e-01 3.19746e-01 1.15469e+00 1.12366e+00 8.12443e-01 1.40493e+00 -4.29573e+00
1.31405e-04 5.73578e-01 3.19791e-01 1.15509e+00 1.10694e+00 8.12458e-01 1.40542e+00 -4.29575e+00
1.32957e-04 5.73520e-01 3.19840e-01 1.15588e+00 1.12420e+00 8.12476e-01 1.40604e+00 -4.29576e+00
1.34510e-04 5.73467e-01 3.19885e-01 1.15624e+00 1.10749e+00 8.12490e-01 1.40652e+00 -4.29577e+00
1.36062e-04 5.73409e-01 3.19933e-01 1.15700e+00 1.12471e+00 8.12508e-01 1.40712e+00 -4.29579e+00
1.37614e-04 5.73357e-01 3.19978e-01 1.15734e+00 1.10799e+00 8.12521e-01 1.40758e+00 -4.29580e+00
1.39166e-04 5.73300e-01 3.20026e-01 1.15807e+00 1.12518e+00 8.12539e-01 1.40817e+00 -4.29581e+00
1.40718e-04 5.73249e-01 3.20070e-01 1.15839e+00 1.10848e+00 8.12552e-01 1.40862e+00 -4.29582e+00
1.42270e-04 5.73192e-01 3.20117e-01 1.15909e+00 1.12562e+00 8.12569e-01 1.40920e+00 -4.29584e+00
1.43822e-04 5.73141e-01 3.20161e-01 1.15939e+00 1.10893e+00 8.12581e-01 1.40963e+00 -4.29585e+00
1.45374e-04 5.73085e-01 3.20208e-01 1.16006e+00 1.12604e+00 8.12598e-01 1.41019e+00 -4.29586e+00
1.46926e-04 5.73035e-01 3.20252e-01 1.16034e+00 1.10935e+00 8.12610e-01 1.41062e+00 -4.29587e+00
1.48478e-04 5.72980e-01 3.20299e-01 1.16099e+00 1.12643e+00 8.12626e-01 1.41117e+00 -4.29589e+00
1.50029e-04 5.72930e-01 3.20342e-01 1.16125e+00 1.10975e+00 8.12639e-01 1.41158e+00 -4.29590e+00
1.51581e-04 5.72875e-01 3.20388e-01 1.16188e+00 1.12679e+00 8.12654e-01 1.41212e+00 -4.29591e+00
1.53133e-04 5.72826e-01 3.20431e-01 1.16211e+00 1.11012e+00 8.12666e-01 1.41252e+00 -4.29592e+00
1.54684e-04 5.72771e-01 3.20477e-01 1.16272e+00 1.12713e+00 8.12682e-01 1.41305e+00 -4.29593e+00
1.56236e-04 5.72722e-01 3.20520e-01 1.16294e+00 1.11047e+00 8.12693e-01 1.41344e+00 -4.29594e+00
1.57787e-04 5.72668e-01 3.20566e-01 1.16353e+00 1.12746e+00 8.12708e-01 1.41395e+00 -4.29596e+00
1.59339e-04 5.72620e-01 3.20609e-01 1.16374e+00 1.11080e+00 8.12719e-01 1.41434e+00 -4.29597e+00
1.60890e-04 5.72566e-01 3.20654e-01 1.16431e+00 1.12776e+00 8.12734e-01 1.41484e+00 -4.29598e+00
1.62442e-04 5.72518e-01 3.20697e-01 1.16450e+00 1.11111e+00 8.12745e-01 1.41522e+00 -4.29599e+00
1.63993e-04 5.72465e-01 3.20742e-01 1.16505e+00 1.12804e+00 8.12760e-01 1.41571e+00 -4.29600e+00
1.65544e-04 5.72417e-01 3.20784e-01 1.16523e+00 1.11140e+00 8.12770e-01 1.41608e+00 -4.29601e+00
1.67096e-04 5.72365e-01 3.20829e-01 1.16576e+00 1.12831e+00 8.12785e-01 1.41656e+00 -4.29602e+00
1.68647e-04 5.72317e-01 3.20871e-01 1.16592e+00 1.11168e+00 8.12795e-01 1.41692e+00 -4.29603e+00
1.70198e-04 5.72265e-01 3.20916e-01 1.16645e+00 1.12856e+00 8.12809e-01 1.41740e+00 -4.29604e+00
1.71749e-04 5.72218e-01 3.20958e-01 1.16659e+00 1.11194e+00 8.12819e-01 1.41775e+00 -4.29605e+00
1.73300e-04 5.72166e-01 3.21002e-01 1.16710e+00 1.12880e+00 8.12833e-01 1.41822e+00 -4.29606e+00
1.74851e-04 5.72119e-01 3.21044e-01 1.16724e+00 1.11218e+00 8.12843e-01 1.41857e+00 -4.29607e+00
1.76402e-04 5.72067e-01 3.21089e-01 1.16773e+00 1.12902e+00 8.12857e-01 1.41903e+00 -4.29608e+00
1.77953e-04 5.72020e-01 3.21130e-01 1.16785e+00 1.11242e+00 8.12867e-01 1.41937e+00 -4.29609e+00
1.79504e-04 5.71969e-01 3.21174e-01 1.16833e+00 1.12923e+00 8.12880e-01 1.41982e+00 -4.29610e+00
1.81055e-04 5.71923e-01 3.21216e-01 1.16845e+00 1.11263e+00 8.12890e-01 1.42015e+00 -4.29611e+00
1.82606e-04 5.71872e-01 3.21260e-01 1.16892e+00 1.12942e+00 8.12903e-01 1.42060e+00 -4.29612e+00
1.84156e-04 5.71825e-01 3.21301e-01 1.16902e+00 1.11284e+00 8.12912e-01 1.42093e+00 -4.29613e+00
1.85707e-04 5.71775e-01 3.21345e-01 1.16947e+00 1.12961e+00 8.12925e-01 1.42137e+00 -4.29614e+00
1.87258e-04 5.71729e-01 3.21387e-01 1.16957e+00 1.11303e+00 8.12935e-01 1.42169e+00 -4.29614e+00
1.88808e-04 5.71678e-01 3.21430e-01 1.17001e+00 1.12978e+00 8.12947e-01 1.42212e+00 -4.29616e+00
1.90359e-04 5.71632e-01 3.21471e-01 1.17010e+00 1.11321e+00 8.12957e-01 1.42244e+00 -4.29616e+00
1.91909e-04 5.71582e-01 3.21515e-01 1.17053e+00 1.12995e+00 8.12969e-01 1.42287e+00 -4.29617e+00
1.93460e-04 5.71537e-01 3.21556e-01 1.17061e+00 1.11339e+00 8.12978e-01 1.42317e+00 -4.29618e+00
1.95010e-04 5.71487e-01 3.21600e-01 1.17103e+00 1.13010e+00 8.12991e-01 1.42360e+00 -4.29619e+00
1.96561e-04 5.71441e-01 3.21640e-01 1.17110e+00 1.11355e+00 8.12999e-01 1.42390e+00 -4.29620e+00
1.98111e-04 5.71392e-01 3.21684e-01 1.17151e+00 1.13025e+00 8.13012e-01 1.42432e+00 -4.29621e+00
1.99661e-04 5.71346e-01 3.21725e-01 1.17157e+00 1.11370e+00 8.13020e-01 1.42462e+00 -4.29622e+00
2.01212e-04 5.71297e-01 3.21768e-01 1.17198e+00 1.13038e+00 8.13033e-01 1.42503e+00 -4.29623e+00
2.02762e-04 5.71252e-01 3.21809e-01 1.17203e+00 1.11385e+00 8.13041e-01 1.42533e+00 -4.29623e+00
2.04312e-04 5.71203e-01 3.21852e-01 1.17243e+00 1.13051e+00 8.13053e-01 1.42574e+00 -4.29624e+00
2.05862e-04 5.71158e-01 3.21892e-01 1.17247e+00 1.11398e+00 8.13062e-01 1.42603e+00 -4.29625e+00
2.07412e-04 5.71109e-01 3.21935e-01 1.17286e+00 1.13063e+00 8.13073e-01 1.42643e+00 -4.29626e+00
2.08962e-04 5.71064e-01 3.21976e-01 1.17290e+00 1.11411e+00 8.13082e-01 1.42672e+00 -4.29627e+00
2.10512e-04 5.71015e-01 3.22019e-01 1.17328e+00 1.13075e+00 8.13093e-01 1.42712e+00 -4.29628e+00
2.12062e-04 5.70970e-01 3.22059e-01 1.17331e+00 1.11424e+00 8.13102e-01 1.42740e+00 -4.29628e+00
2.13612e-04 5.70922e-01 3.22102e-01 1.17369e+00 1.13085e+00 8.13113e-01 1.42780e+00 -4.29629e+00
2.15162e-04 5.70877e-01 3.22143e-01 1.17371e+00 1.11435e+00 8.13121e-01 1.42808e+00 -4.29630e+00
2.16712e-04 5.70829e-01 3.22185e-01 1.17408e+00 1.13095e+00 8.13133e-01 1.42847e+00 -4.29631e+00
2.18261e-04 5.70784e-01 3.22226e-01 1.17410e+00 1.11446e+00 8.13141e-01 1.42874e+00 -4.29632e+00
2.19811e-04 5.70736e-01 3.22268e-01 1.17446e+00 1.13105e+00 8.13152e-01 1.42913e+00 -4.29632e+00
2.21361e-04 5.70692e-01 3.22309e-01 1.17447e+00 1.11456e+00 8.13160e-01 1.42940e+00 -4.29633e+00
2.22910e-04 5.70643e-01 3.22351e-01 1.17483e+00 1.13114e+00 8.13171e-01 1.42979e+00 -4.29634e+00
2.24460e-04 5.70599e-01 3.22392e-01 1.17483e+00 1.11466e+00 8.13179e-01 1.43006e+00 -4.29635e+00
2.26009e-04 5.70551e-01 3.22434e-01 1.17518e+00 1.13122e+00 8.13190e-01 1.43044e+00 -4.29636e+00
2.27559e-04 5.70507e-01 3.22474e-01 1.17519e+00 1.11475e+00 8.13198e-01 1.43070e+00 -4.29636e+00
2.29108e-04 5.70459e-01 3.22517e-01 1.17553e+00 1.13130e+00 8.13209e-01 1.43108e+00 -4.29637e+00
2.30658e-04 5.70416e-01 3.22557e-01 1.17553e+00 1.11484e+00 8.13217e-01 1.43134e+00 -4.29638e+00
2.32207e-04 5.70368e-01 3.22599e-01 1.17586e+00 1.13138e+00 8.13228e-01 1.43172e+00 -4.29639e+00
2.33756e-04 5.70324e-01 3.22639e-01 1.17586e+00 1.11492e+00 8.13235e-01 1.43198e+00 -4.29639e+00
2.35306e-04 5.70276e-01 3.22681e-01 1.17619e+00 1.13144e+00 8.13246e-01 1.43235e+00 -4.29640e+00
2.36855e-04 5.70233e-01 3.22721e-01 1.17618e+00 1.11500e+00 8.13254e-01 1.43261e+00 -4.29641e+00
2.38404e-04 5.70185e-01 3.22764e-01 1.17650e+00 1.13151e+00 8.13265e-01 1.43297e+00 -4.29642e+00
2.39953e-04 5.70142e-01 3.22804e-01 1.17649e+00 1.11507e+00 8.13272e-01 1.43323e+00 -4.29642e+00
2.41502e-04 5.70094e-01 3.22846e-01 1.17681e+00 1.13157e+00 8.13283e-01 1.43360e+00 -4.29643e+00
2.43051e-04 5.70051e-01 3.22886e-01 1.17679e+00 1.11514e+00 8.13290e-01 1.43385e+00 -4.29644e+00
2.44600e-04 5.70004e-01 3.22928e-01 1.17711e+00 1.13163e+00 8.13301e-01 1.43421e+00 -4.29645e+00
2.46149e-04 5.69960e-01 3.22968e-01 1.17709e+00 1.11520e+00 8.13308e-01 1.43446e+00 -4.29645e+00
2.47698e-04 5.69913e-01 3.23010e-01 1.17740e+00 1.13168e+00 8.13318e-01 1.43482e+00 -4.29646e+00
2.49247e-04 5.69870e-01 3.23050e-01 1.17738e+00 1.11526e+00 8.13326e-01 1.43507e+00 -4.29647e+00
2.50796e-04 5.69823e-01 3.23091e-01 1.17768e+00 1.13173e+00 8.13336e-01 1.43543e+00 -4.29648e+00
2.52345e-04 5.69780e-01 3.23131e-01 1.17766e+00 1.11532e+00 8.13343e-01 1.43567e+00 -4.29648e+00
2.53893e-04 5.69733e-01 3.23173e-01 1.17796e+00 1.13178e+00 8.13354e-01 1.43603e+00 -4.29649e+00
2.55442e-04 5.69689e-01 3.23213e-01 1.17793e+00 1.11537e+00 8.13361e-01 1.43627e+00 -4.29650e+00
2.56991e-04 5.69643e-01 3.23255e-01 1.17823e+00 1.13182e+00 8.13371e-01 1.43662e+00 -4.29650e+00
2.58539e-04 5.69600e-01 3.23295e-01 1.17819e+00 1.11542e+00 8.13378e-01 1.43686e+00 -4.29651e+00
2.60088e-04 5.69553e-01 3.23336e-01 1.17849e+00 1.13186e+00 8.13388e-01 1.43722e+00 -4.29652e+00
2.61636e-04 5.69510e-01 3.23376e-01 1.17845e+00 1.11547e+00 8.13395e-01 1.43746e+00 -4.29652e+00
2.63185e-04 5.69463e-01 3.23418e-01 1.17874e+00 1.13190e+00 8.13405e-01 1.43781e+00 -4.29653e+00
2.64733e-04 5.69420e-01 3.23458e-01 1.17870e+00 1.11552e+00 8.13412e-01 1.43804e+00 -4.29654e+00
2.66282e-04 5.69374e-01 3.23499e-01 1.17899e+00 1.13193e+00 8.13423e-01 1.43839e+00 -4.29655e+00
2.67830e-04 5.69331e-01 3.23539e-01 1.17895e+00 1.11556e+00 8.13429e-01 1.43862e+00 -4.29655e+00
2.69378e-04 5.69284e-01 3.23581e-01 1.17923e+00 1.13197e+00 8.13439e-01 1.43897e+00 -4.29656e+00
2.70926e-04 5.69242e-01 3.23620e-01 1.17919e+00 1.11560e+00 8.13446e-01 1.43920e+00 -4.29657e+00
2.72475e-04 5.69195e-01 3.23662e-01 1.17947e+00 1.13199e+00 8.13456e-01 1.43955e+00 -4.29657e+00
2.74023e-04 5.69153e-01 3.23702e-01 1.17942e+00 1.11564e+00 8.13463e-01 1.43978e+00 -4.29658e+00
2.75571e-04 5.69106e-01 3.23743e-01 1.17970e+00 1.13202e+00 8.13473e-01 1.44012e+00 -4.29659e+00
2.77119e-04 5.69064e-01 3.23783e-01 1.17965e+00 1.11567e+00 8.13480e-01 1.44035e+00 -4.29659e+00
2.78667e-04 5.69018e-01 3.23824e-01 1.17992e+00 1.13205e+00 8.13490e-01 1.44069e+00 -4.29660e+00
2.80215e-04 5.68975e-01 3.23864e-01 1.17987e+00 1.11571e+00 8.13496e-01 1.44092e+00 -4.29661e+00
2.81763e-04 5.68929e-01 3.23905e-01 1.18014e+00 1.13207e+00 8.13506e-01 1.44126e+00 -4.29661e+00
2.83311e-04 5.68886e-01 3.23945e-01 1.18009e+00 1.11574e+00 8.13513e-01 1.44149e+00 -4.29662e+00
2.84859e-04 5.68840e-01 3.23986e-01 1.18036e+00 1.13209e+00 8.13523e-01 1.44183e+00 -4.29663e+00
2.86407e-04 5.68798e-01 3.24026e-01 1.18030e+00 1.11577e+00 8.13529e-01 1.44205e+00 -4.29663e+00
2.87955e-04 5.68752e-01 3.24067e-01 1.18057e+00 1.13211e+00 8.13539e-01 1.44239e+00 -4.29664e+00
2.89502e-04 5.68709e-01 3.24107e-01 1.18051e+00 1.11580e+00 8.13546e-01 1.44261e+00 -4.29665e+00
2.91050e-04 5.68663e-01 3.24148e-01 1.18077e+00 1.13213e+00 8.13555e-01 1.44295e+00 -4.29665e+00
2.92598e-04 5.68621e-01 3.24188e-01 1.18071e+00 1.11582e+00 8.13562e-01 1.44317e+00 -4.29666e+00
2.94145e-04 5.68575e-01 3.24229e-01 1.18098e+00 1.13214e+00 8.13571e-01 1.44350e+00 -4.29667e+00
2.95693e-04 5.68533e-01 3.24268e-01 1.18091e+00 1.11585e+00 8.13578e-01 1.44372e+00 -4.29667e+00
2.97241e-04 5.68487e-01 3.24310e-01 1.18117e+00 1.13215e+00 8.13588e-01 1.44406e+00 -4.29668e+00
2.98788e-04 5.68445e-01 3.24349e-01 1.18111e+00 1.11587e+00 8.13594e-01 1.44428e+00 -4.29669e+00
3.00336e-04 5.68399e-01 3.24390e-01 1.18136e+00 1.13217e+00 8.13604e-01 1.44461e+00 -4.29669e+00
3.01883e-04 5.68357e-01 3.24430e-01 1.18130e+00 1.11589e+00 8.13610e-01 1.44483e+00 -4.29670e+00
3.03430e-04 5.68311e-01 3.24471e-01 1.18155e+00 1.13218e+00 8.13620e-01 1.44516e+00 -4.29671e+00
3.04978e-04 5.68269e-01 3.24511e-01 1.18149e+00 1.11591e+00 8.13626e-01 1.44537e+00 -4.29671e+00
3.06525e-04 5.68224e-01 3.24552e-01 1.18174e+00 1.13218e+00 8.13636e-01 1.44570e+00 -4.29672e+00
3.08072e-04 5.68181e-01 3.24591e-01 1.18167e+00 1.11593e+00 8.13642e-01 1.44592e+00 -4.29672e+00
3.09620e-04 5.68136e-01 3.24632e-01 1.18192e+00 1.13219e+00 8.13651e-01 1.44625e+00 -4.29673e+00
3.11167e-04 5.68094e-01 3.24672e-01 1.18185e+00 1.11594e+00 8.13658e-01 1.44646e+00 -4.29674e+00
3.12714e-04 5.68048e-01 3.24713e-01 1.18210e+00 1.13220e+00 8.13667e-01 1.44679e+00 -4.29675e+00
3.14261e-04 5.68006e-01 3.24752e-01 1.18203e+00 1.11596e+00 8.13673e-01 1.44700e+00 -4.29675e+00
3.15808e-04 5.67961e-01 3.24793e-01 1.18227e+00 1.13220e+00 8.13683e-01 1.44733e+00 -4.29676e+00
3.17355e-04 5.67919e-01 3.24833e-01 1.18220e+00 1.11598e+00 8.13689e-01 1.44754e+00 -4.29676e+00
3.18902e-04 5.67874e-01 3.24874e-01 1.18244e+00 1.13220e+00 8.13699e-01 1.44787e+00 -4.29677e+00
3.20449e-04 5.67832e-01 3.24913e-01 1.18237e+00 1.11599e+00 8.13705e-01 1.44808e+00 -4.29678e+00
3.21996e-04 5.67786e-01 3.24954e-01 1.18261e+00 1.13220e+00 8.13714e-01 1.44840e+00 -4.29678e+00
3.23543e-04 5.67744e-01 3.24994e-01 1.18254e+00 1.11600e+00 8.13720e-01 1.44862e+00 -4.29679e+00
3.25090e-04 5.67699e-01 3.25035e-01 1.18278e+00 1.13220e+00 8.13730e-01 1.44894e+00 -4.29680e+00
3.26636e-04 5.67657e-01 3.25074e-01 1.18270e+00 1.11601e+00 8.13736e-01 1.44915e+00 -4.29680e+00
3.28183e-04 5.67612e-01 3.25115e-01 1.18294e+00 1.13220e+00 8.13745e-01 1.44947e+00 -4.29681e+00
3.29730e-04 5.67570e-01 3.25154e-01 1.18286e+00 1.11603e+00 8.13751e-01 1.44968e+00 -4.29681e+00
3.31277e-04 5.67525e-01 3.25195e-01 1.18310e+00 1.13220e+00 8.13761e-01 1.45000e+00 -4.29682e+00
3.32823e-04 5.67483e-01 3.25235e-01 1.18302e+00 1.11604e+00 8.13767e-01 1.45021e+00 -4.29683e+00
3.34370e-04 5.67438e-01 3.25276e-01 1.18325e+00 1.13220e+00 8.13776e-01 1.45053e+00 -4.29683e+00
3.35916e-04 5.67396e-01 3.25315e-01 1.18317e+00 1.11605e+00 8.13782e-01 1.45074e+00 -4.29684e+00
3.37463e-04 5.67351e-01 3.25356e-01 1.18341e+00 1.13219e+00 8.13791e-01 1.45106e+00 -4.29685e+00
3.39009e-04 5.67310e-01 3.25395e-01 1.18333e+00 1.11605e+00 8.13797e-01 1.45127e+00 -4.29685e+00
3.40556e-04 5.67265e-01 3.25436e-01 1.18356e+00 1.13219e+00 8.13807e-01 1.45158e+00 -4.29686e+00
3.42102e-04 5.67223e-01 3.25475e-01 1.18348e+00 1.11606e+00 8.13813e-01 1.45179e+00 -4.29686e+00
3.43648e-04 5.67178e-01 3.25516e-01 1.18371e+00 1.13218e+00 8.13822e-01 1.45211e+00 -4.29687e+00
3.45195e-04 5.67136e-01 3.25555e-01 1.18362e+00 1.11607e+00 8.13828e-01 1.45232e+00 -4.29688e+00
3.46741e-04 5.67091e-01 3.25596e-01 1.18385e+00 1.13218e+00 8.13837e-01 1.45263e+00 -4.29688e+00
3.48287e-04 5.67050e-01 3.25636e-01 1.18377e+00 1.11608e+00 8.13843e-01 1.45284e+00 -4.29689e+00
3.49834e-04 5.67005e-01 3.25676e-01 1.18400e+00 1.13217e+00 8.13852e-01 1.45315e+00 -4.29689e+00
3.51380e-04 5.66963e-01 3.25716e-01 1.18391e+00 1.11608e+00 8.13858e-01 1.45336e+00 -4.29690e+00
3.52926e-04 5.66918e-01 3.25757e-01 1.18414e+00 1.13216e+00 8.13867e-01 1.45367e+00 -4.29691e+00
3.54472e-04 5.66877e-01 3.25796e-01 1.18405e+00 1.11609e+00 8.13873e-01 1.45388e+00 -4.29691e+00
3.56018e-04 5.66832e-01 3.25837e-01 1.18428e+00 1.13215e+00 8.13882e-01 1.45419e+00 -4.29692e+00
3.57564e-04 5.66790e-01 3.25876e-01 1.18419e+00 1.11609e+00 8.13888e-01 1.45440e+00 -4.29692e+00
3.59110e-04 5.66746e-01 3.25917e-01 1.18442e+00 1.13214e+00 8.13898e-01 1.45471e+00 -4.29693e+00
3.60656e-04 5.66704e-01 3.25956e-01 1.18433e+00 1.11610e+00 8.13904e-01 1.45492e+00 -4.29694e+00
3.62202e-04 5.66659e-01 3.25997e-01 1.18455e+00 1.13212e+00 8.13913e-01 1.45523e+00 -4.29694e+00
3.63748e-04 5.66618e-01 3.26036e-01 1.18446e+00 1.11610e+00 8.13919e-01 1.45543e+00 -4.29695e+00
3.65293e-04 5.66573e-01 3.26077e-01 1.18468e+00 1.13211e+00 8.13928e-01 1.45574e+00 -4.29696e+00
3.66839e-04 5.66532e-01 3.26116e-01 1.18460e+00 1.11611e+00 8.13933e-01 1.45595e+00 -4.29696e+00
3.68385e-04 5.66487e-01 3.26156e-01 1.18482e+00 1.13210e+00 8.13942e-01 1.45626e+00 -4.29697e+00
3.69931e-04 5.66446e-01 3.26196e-01 1.18473e+00 1.11611e+00 8.13948e-01 1.45646e+00 -4.29697e+00
3.71476e-04 5.66401e-01 3.26236e-01 1.18494e+00 1.13208e+00 8.13957e-01 1.45677e+00 -4.29698e+00
3.73022e-04 5.66360e-01 3.26276e-01 1.18485e+00 1.11611e+00 8.13963e-01 1.45697e+00 -4.29698e+00
3.74567e-04 5.66315e-01 3.26316e-01 1.18507e+00 1.13207e+00 8.13972e-01 1.45728e+00 -4.29699e+00
3.76113e-04 5.66274e-01 3.26356e-01 1.18498e+00 1.11612e+00 8.13978e-01 1.45749e+00 -4.29700e+00
3.77659e-04 5.66229e-01 3.26396e-01 1.18520e+00 1.13205e+00 8.13987e-01 1.45780e+00 -4.29700e+00
3.79204e-04 5.66188e-01 3.26435e-01 1.18511e+00 1.11612e+00 8.13993e-01 1.45800e+00 -4.29701e+00
3.80749e-04 5.66143e-01 3.26476e-01 1.18532e+00 1.13203e+00 8.14002e-01 1.45831e+00 -4.29701e+00
3.82295e-04 5.66102e-01 3.26515e-01 1.18523e+00 1.11612e+00 8.14008e-01 1.45851e+00 -4.29702e+00
3.83840e-04 5.66058e-01 3.26556e-01 1.18544e+00 1.13202e+00 8.14017e-01 1.45882e+00 -4.29703e+00
3.85386e-04 5.66016e-01 3.26595e-01 1.18535e+00 1.11612e+00 8.14023e-01 1.45902e+00 -4.29703e+00
3.86931e-04 5.65972e-01 3.26636e-01 1.18556e+00 1.13200e+00 8.14032e-01 1.45932e+00 -4.29704e+00
3.88476e-04 5.65931e-01 3.26675e-01 1.18547e+00 1.11613e+00 8.14037e-01 1.45953e+00 -4.29704e+00
3.90021e-04 5.65886e-01 3.26715e-01 1.18568e+00 1.13198e+00 8.14046e-01 1.45983e+00 -4.29705e+00
3.91566e-04 5.65845e-01 3.26755e-01 1.18559e+00 1.11613e+00 8.14052e-01 1.46003e+00 -4.29705e+00
3.93112e-04 5.65800e-01 3.26795e-01 1.18580e+00 1.13196e+00 8.14061e-01 1.46034e+00 -4.29706e+00
3.94657e-04 5.65759e-01 3.26834e-01 1.18571e+00 1.11613e+00 8.14067e-01 1.46054e+00 -4.29707e+00
3.96202e-04 5.65715e-01 3.26875e-01 1.18592e+00 1.13194e+00 8.14076e-01 1.46085e+00 -4.29707e+00
3.97747e-04 5.65674e-01 3.26914e-01 1.18582e+00 1.11613e+00 8.14082e-01 1.46105e+00 -4.29708e+00
3.99292e-04 5.65629e-01 3.26955e-01 1.18603e+00 1.13192e+00 8.14090e-01 1.46135e+00 -4.29709e+00
4.00837e-04 5.65588e-01 3.26994e-01 1.18594e+00 1.11613e+00 8.14096e-01 1.46155e+00 -4.29709e+00
4.02382e-04 5.65544e-01 3.27034e-01 1.18614e+00 1.13189e+00 8.14105e-01 1.46186e+00 -4.29710e+00
4.03926e-04 5.65503e-01 3.27074e-01 1.18605e+00 1.11613e+00 8.14111e-01 1.46206e+00 -4.29710e+00
4.05471e-04 5.65458e-01 3.27114e-01 1.18626e+00 1.13187e+00 8.14120e-01 1.46236e+00 -4.29711e+00
4.07016e-04 5.65417e-01 3.27153e-01 1.18616e+00 1.11613e+00 8.14126e-01 1.46256e+00 -4.29711e+00
4.08561e-04 5.65373e-01 3.27194e-01 1.18637e+00 1.13185e+00 8.14134e-01 1.46287e+00 -4.29712e+00
4.10106e-04 5.65332e-01 3.27233e-01 1.18627e+00 1.11614e+00 8.14140e-01 1.46307e+00 -4.29712e+00
4.11650e-04 5.65288e-01 3.27273e-01 1.18647e+00 1.13182e+00 8.14149e-01 1.46337e+00 -4.29713e+00
4.13195e-04 5.65247e-01 3.27313e-01 1.18638e+00 1.11614e+00 8.14155e-01 1.46357e+00 -4.29714e+00
4.14739e-04 5.65202e-01 3.27353e-01 1.18658e+00 1.13180e+00 8.14164e-01 1.46387e+00 -4.29714e+00
4.16284e-04 5.65161e-01 3.27392e-01 1.18649e+00 1.11614e+00 8.14169e-01 1.46407e+00 -4.29715e+00
4.17829e-04 5.65117e-01 3.27433e-01 1.18669e+00 1.13177e+00 8.14178e-01 1.46437e+00 -4.29716e+00
4.19373e-04 5.65076e-01 3.27472e-01 1.18659e+00 1.11614e+00 8.14184e-01 1.46457e+00 -4.29716e+00
4.20918e-04 5.65032e-01 3.27512e-01 1.18679e+00 1.13175e+00 8.14193e-01 1.46488e+00 -4.29717e+00
4.22462e-04 5.64991e-01 3.27551e-01 1.18670e+00 1.11614e+00 8.14198e-01 1.46508e+00 -4.29717e+00
4.24006e-04 5.64947e-01 3.27592e-01 1.18690e+00 1.13172e+00 8.14207e-01 1.46538e+00 -4.29718e+00
4.25551e-04 5.64906e-01 3.27631e-01 1.18680e+00 1.11614e+00 8.14213e-01 1.46558e+00 -4.29718e+00
4.27095e-04 5.64862e-01 3.27671e-01 1.18700e+00 1.13169e+00 8.14222e-01 1.46588e+00 -4.29719e+00
4.28639e-04 5.64821e-01 3.27711e-01 1.18690e+00 1.11614e+00 8.14227e-01 1.46608e+00 -4.29719e+00
4.30184e-04 5.64777e-01 3.27751e-01 1.18710e+00 1.13166e+00 8.14236e-01 1.46638e+00 -4.29720e+00
4.31728e-04 5.64736e-01 3.27790e-01 1.18700e+00 1.11614e+00 8.14242e-01 1.46658e+00 -4.29721e+00
4.33272e-04 5.64692e-01 3.27830e-01 1.18720e+00 1.13163e+00 8.14251e-01 1.46688e+00 -4.29721e+00
4.34816e-04 5.64651e-01 3.27870e-01 1.18710e+00 1.11614e+00 8.14256e-01 1.46708e+00 -4.29722e+00
4.36360e-04 5.64607e-01 3.27910e-01 1.18730e+00 1.13160e+00 8.14265e-01 1.46738e+00 -4.29722e+00
4.37904e-04 5.64566e-01 3.27949e-01 1.18720e+00 1.11615e+00 8.14271e-01 1.46758e+00 -4.29723e+00
4.39448e-04 5.64522e-01 3.27990e-01 1.18740e+00 1.13157e+00 8.14280e-01 1.46788e+00 -4.29724e+00
4.40992e-04 5.64481e-01 3.28029e-01 1.18730e+00 1.11615e+00 8.14285e-01 1.46808e+00 -4.29724e+00
4.42536e-04 5.64437e-01 3.28069e-01 1.18750e+00 1.13154e+00 8.14294e-01 1.46838e+00 -4.29725e+00
4.44080e-04 5.64396e-01 3.28108e-01 1.18740e+00 1.11615e+00 8.14300e-01 1.46857e+00 -4.29725e+00
4.45624e-04 5.64352e-01 3.28148e-01 1.18759e+00 1.13151e+00 8.14308e-01 1.46887e+00 -4.29726e+00
4.47168e-04 5.64311e-01 3.28188e-01 1.18750e+00 1.11615e+00 8.14314e-01 1.46907e+00 -4.29726e+00
4.48712e-04 5.64267e-01 3.28228e-01 1.18769e+00 1.13147e+00 8.14323e-01 1.46937e+00 -4.29727e+00
4.50255e-04 5.64227e-01 3.28267e-01 1.18759e+00 1.11615e+00 8.14329e-01 1.46957e+00 -4.29727e+00
4.51799e-04 5.64183e-01 3.28307e-01 1.18778e+00 1.13144e+00 8.14337e-01 1.46987e+00 -4.29728e+00
4.53343e-04 5.64142e-01 3.28346e-01 1.18768e+00 1.11615e+00 8.14343e-01 1.47007e+00 -4.29729e+00
4.54886e-04 5.64098e-01 3.28387e-01 1.18788e+00 1.13141e+00 8.14352e-01 1.47037e+00 -4.29729e+00
4.56430e-04 5.64057e-01 3.28426e-01 1.18778e+00 1.11616e+00 8.14357e-01 1.47057e+00 -4.29730e+00
4.57974e-04 5.64013e-01 3.28466e-01 1.18797e+00 1.13137e+00 8.14366e-01 1.47086e+00 -4.29730e+00
4.59517e-04 5.63972e-01 3.28505e-01 1.18787e+00 1.11616e+00 8.14372e-01 1.47106e+00 -4.29731e+00
4.61061e-04 5.63929e-01 3.28546e-01 1.18806e+00 1.13133e+00 8.14380e-01 1.47136e+00 -4.29732e+00
4.62604e-04 5.63888e-01 3.28585e-01 1.18796e+00 1.11616e+00 8.14386e-01 1.47156e+00 -4.29732e+00
4.64148e-04 5.63844e-01 3.28625e-01 1.18815e+00 1.13130e+00 8.14395e-01 1.47186e+00 -4.29733e+00
4.65691e-04 5.63803e-01 3.28664e-01 1.18805e+00 1.11616e+00 8.14401e-01 1.47206e+00 -4.29733e+00
4.67234e-04 5.63760e-01 3.28704e-01 1.18824e+00 1.13126e+00 8.14409e-01 1.47235e+00 -4.29734e+00
4.68778e-04 5.63719e-01 3.28744e-01 1.18814e+00 1.11617e+00 8.14415e-01 1.47255e+00 -4.29734e+00
4.70321e-04 5.63675e-01 3.28784e-01 1.18833e+00 1.13122e+00 8.14424e-01 1.47285e+00 -4.29735e+00
4.71864e-04 5.63634e-01 3.28823e-01 1.18823e+00 1.11617e+00 8.14429e-01 1.47305e+00 -4.29735e+00
4.73407e-04 5.63591e-01 3.28863e-01 1.18842e+00 1.13118e+00 8.14438e-01 1.47335e+00 -4.29736e+00
4.74951e-04 5.63550e-01 3.28902e-01 1.18832e+00 1.11617e+00 8.14444e-01 1.47355e+00 -4.29737e+00
4.76494e-04 5.63506e-01 3.28943e-01 1.18851e+00 1.13114e+00 8.14452e-01 1.47384e+00 -4.29737e+00
4.78037e-04 5.63465e-01 3.28982e-01 1.18841e+00 1.11618e+00 8.14458e-01 1.47404e+00 -4.29738e+00
4.79580e-04 5.63422e-01 3.29022e-01 1.18859e+00 1.13110e+00 8.14467e-01 1.47434e+00 -4.29738e+00
4.81123e-04 5.63381e-01 3.29061e-01 1.18850e+00 1.11618e+00 8.14472e-01 1.47454e+00 -4.29739e+00
4.82666e-04 5.63337e-01 3.29101e-01 1.18868e+00 1.13106e+00 8.14481e-01 1.47483e+00 -4.29739e+00
4.84209e-04 5.63296e-01 3.29140e-01 1.18858e+00 1.11619e+00 8.14487e-01 1.47503e+00 -4.29740e+00
4.85752e-04 5.63253e-01 3.29181e-01 1.18876e+00 1.13102e+00 8.14495e-01 1.47533e+00 -4.29741e+00
4.87295e-04 5.63212e-01 3.29220e-01 1.18867e+00 1.11619e+00 8.14501e-01 1.47553e+00 -4.29741e+00
4.88837e-04 5.63169e-01 3.29260e-01 1.18885e+00 1.13097e+00 8.14510e-01 1.47583e+00 -4.29742e+00
4.90380e-04 5.63128e-01 3.29299e-01 1.18875e+00 1.11620e+00 8.14516e-01 1.47603e+00 -4.29742e+00
4.91923e-04 5.63084e-01 3.29339e-01 1.18893e+00 1.13093e+00 8.14524e-01 1.47632e+00 -4.29743e+00
4.93466e-04 5.63044e-01 3.29378e-01 1.18884e+00 1.11620e+00 8.14530e-01 1.47652e+00 -4.29743e+00
4.95008e-04 5.63000e-01 3.29418e-01 1.18902e+00 1.13089e+00 8.14538e-01 1.47682e+00 -4.29744e+00
4.96551e-04 5.62959e-01 3.29457e-01 1.18892e+00 1.11621e+00 8.14544e-01 1.47702e+00 -4.29744e+00
4.98094e-04 5.62916e-01 3.29498e-01 1.18910e+00 1.13084e+00 8.14553e-01 1.47731e+00 -4.29745e+00
4.99636e-04 5.62875e-01 3.29537e-01 1.18900e+00 1.11621e+00 8.14559e-01 1.47751e+00 -4.29746e+00
5.01179e-04 5.62832e-01 3.29577e-01 1.18918e+00 1.13079e+00 8.14567e-01 1.47781e+00 -4.29746e+00
5.02721e-04 5.62791e-01 3.29616e-01 1.18908e+00 1.11622e+00 8.14573e-01 1.47801e+00 -4.29747e+00
5.04264e-04 5.62747e-01 3.29656e-01 1.18926e+00 1.13075e+00 8.14581e-01 1.47830e+00 -4.29747e+00
5.05806e-04 5.62707e-01 3.29695e-01 1.18916e+00 1.11623e+00 8.14587e-01 1.47851e+00 -4.29748e+00
5.07349e-04 5.62663e-01 3.29735e-01 1.18934e+00 1.13070e+00 8.14596e-01 1.47880e+00 -4.29748e+00
5.08891e-04 5.62623e-01 3.29774e-01 1.18925e+00 1.11623e+00 8.14602e-01 1.47900e+00 -4.29749e+00
5.10433e-04 5.62579e-01 3.29815e-01 1.18942e+00 1.13065e+00 8.14610e-01 1.47930e+00 -4.29750e+00
5.11976e-04 5.62539e-01 3.29854e-01 1.18933e+00 1.11624e+00 8.14616e-01 1.47950e+00 -4.29750e+00
5.13518e-04 5.62495e-01 3.29894e-01 1.18950e+00 1.13060e+00 8.14624e-01 1.47979e+00 -4.29751e+00
5.15060e-04 5.62455e-01 3.29933e-01 1.18941e+00 1.11625e+00 8.14630e-01 1.47999e+00 -4.29751e+00
5.16602e-04 5.62411e-01 3.29973e-01 1.18958e+00 1.13055e+00 8.14639e-01 1.48029e+00 -4.29752e+00
5.18144e-04 5.62371e-01 3.30012e-01 1.18948e+00 1.11626e+00 8.14645e-01 1.48049e+00 -4.29752e+00
5.19686e-04 5.62327e-01 3.30052e-01 1.18966e+00 1.13050e+00 8.14653e-01 1.48078e+00 -4.29753e+00
5.21229e-04 5.62287e-01 3.30091e-01 1.18956e+00 1.11627e+00 8.14659e-01 1.48098e+00 -4.29753e+00
5.22771e-04 5.62243e-01 3.30131e-01 1.18974e+00 1.13045e+00 8.14667e-01 1.48128e+00 -4.29754e+00
5.24313e-04 5.62203e-01 3.30171e-01 1.18964e+00 1.11628e+00 8.14673e-01 1.48148e+00 -4.29754e+00
5.25854e-04 5.62159e-01 3.30211e-01 1.18981e+00 1.13039e+00 8.14682e-01 1.48177e+00 -4.29755e+00
5.27396e-04 5.62119e-01 3.30250e-01 1.18972e+00 1.11628e+00 8.14688e-01 1.48198e+00 -4.29756e+00
5.28938e-04 5.62075e-01 3.30290e-01 1.18989e+00 1.13034e+00 8.14696e-01 1.48227e+00 -4.29756e+00
5.30480e-04 5.62035e-01 3.30329e-01 1.18980e+00 1.11629e+00 8.14702e-01 1.48247e+00 -4.29757e+00
5.32022e-04 5.61991e-01 3.30369e-01 1.18996e+00 1.13028e+00 8.14710e-01 1.48277e+00 -4.29757e+00
5.33564e-04 5.61951e-01 3.30408e-01 1.18987e+00 1.11631e+00 8.14716e-01 1.48297e+00 -4.29758e+00
5.35105e-04 5.61908e-01 3.30448e-01 1.19004e+00 1.13023e+00 8.14725e-01 1.48326e+00 -4.29758e+00
5.36647e-04 5.61867e-01 3.30487e-01 1.18995e+00 1.11632e+00 8.14731e-01 1.48347e+00 -4.29759e+00
5.38189e-04 5.61824e-01 3.30527e-01 1.19012e+00 1.13017e+00 8.14739e-01 1.48376e+00 -4.29760e+00
5.39730e-04 5.61783e-01 3.30566e-01 1.19002e+00 1.11633e+00 8.14745e-01 1.48396e+00 -4.29760e+00
5.41272e-04 5.61740e-01 3.30606e-01 1.19019e+00 1.13011e+00 8.14753e-01 1.48426e+00 -4.29761e+00
5.42813e-04 5.61699e-01 3.30646e-01 1.19010e+00 1.11634e+00 8.14759e-01 1.48446e+00 -4.29761e+00
5.44355e-04 5.61656e-01 3.30686e-01 1.19026e+00 1.13005e+00 8.14768e-01 1.48475e+00 -4.29762e+00
5.45896e-04 5.61616e-01 3.30725e-01 1.19017e+00 1.11635e+00 8.14774e-01 1.48496e+00 -4.29762e+00
5.47438e-04 5.61572e-01 3.30765e-01 1.19034e+00 1.12999e+00 8.14782e-01 1.48525e+00 -4.29763e+00
5.48979e-04 5.61532e-01 3.30804e-01 1.19025e+00 1.11637e+00 8.14788e-01 1.48545e+00 -4.29763e+00
5.50520e-04 5.61489e-01 3.30844e-01 1.19041e+00 1.12993e+00 8.14796e-01 1.48575e+00 -4.29764e+00
5.52062e-04 5.61448e-01 3.30883e-01 1.19032e+00 1.11638e+00 8.14802e-01 1.48595e+00 -4.29765e+00
5.53603e-04 5.61405e-01 3.30923e-01 1.19048e+00 1.12987e+00 8.14811e-01 1.48624e+00 -4.29765e+00
5.55144e-04 5.61364e-01 3.30962e-01 1.19039e+00 1.11639e+00 8.14817e-01 1.48645e+00 -4.29766e+00
5.56685e-04 5.61321e-01 3.31002e-01 1.19055e+00 1.12981e+00 8.14825e-01 1.48674e+00 -4.29766e+00
5.58226e-04 5.61281e-01 3.31041e-01 1.19047e+00 1.11641e+00 8.14831e-01 1.48695e+00 -4.29767e+00
5.59768e-04 5.61238e-01 3.31081e-01 1.19063e+00 1.12975e+00 8.14839e-01 1.48724e+00 -4.29767e+00
5.61309e-04 5.61197e-01 3.31120e-01 1.19054e+00 1.11642e+00 8.14845e-01 1.48744e+00 -4.29768e+00
5.62850e-04 5.61154e-01 3.31160e-01 1.19070e+00 1.12968e+00 8.14854e-01 1.48774e+00 -4.29769e+00
5.64391e-04 5.61114e-01 3.31199e-01 1.19061e+00 1.11644e+00 8.14860e-01 1.48794e+00 -4.29769e+00
5.65932e-04 5.61071e-01 3.31239e-01 1.19077e+00 1.12962e+00 8.14868e-01 1.48823e+00 -4.29770e+00
5.67472e-04 5.61030e-01 3.31278e-01 1.19068e+00 1.11645e+00 8.14874e-01 1.48844e+00 -4.29770e+00
5.69013e-04 5.60987e-01 3.31318e-01 1.19084e+00 1.12955e+00 8.14883e-01 1.48873e+00 -4.29771e+00
5.70554e-04 5.60946e-01 3.31357e-01 1.19075e+00 1.11647e+00 8.14889e-01 1.48894e+00 -4.29771e+00
5.72095e-04 5.60903e-01 3.31397e-01 1.19091e+00 1.12948e+00 8.14897e-01 1.48923e+00 -4.29772e+00
5.73636e-04 5.60863e-01 3.31436e-01 1.19082e+00 1.11649e+00 8.14903e-01 1.48944e+00 -4.29772e+00
5.75176e-04 5.60820e-01 3.31476e-01 1.19098e+00 1.12941e+00 8.14911e-01 1.48973e+00 -4.29773e+00
5.76717e-04 5.60779e-01 3.31516e-01 1.19089e+00 1.11651e+00 8.14917e-01 1.48994e+00 -4.29773e+00
5.78258e-04 5.60736e-01 3.31556e-01 1.19105e+00 1.12934e+00 8.14926e-01 1.49023e+00 -4.29774e+00
5.79798e-04 5.60696e-01 3.31595e-01 1.19096e+00 1.11652e+00 8.14932e-01 1.49044e+00 -4.29775e+00
5.81339e-04 5.60653e-01 3.31635e-01 1.19112e+00 1.12927e+00 8.14940e-01 1.49073e+00 -4.29775e+00
5.82879e-04 5.60612e-01 3.31674e-01 1.19103e+00 1.11654e+00 8.14946e-01 1.49094e+00 -4.29776e+00
5.84420e-04 5.60570e-01 3.31714e-01 1.19119e+00 1.12920e+00 8.14955e-01 1.49123e+00 -4.29776e+00
5.85960e-04 5.60529e-01 3.31753e-01 1.19110e+00 1.11656e+00 8.14961e-01 1.49144e+00 -4.29777e+00
5.87500e-04 5.60486e-01 3.31793e-01 1.19125e+00 1.12913e+00 8.14969e-01 1.49173e+00 -4.29777e+00
5.89041e-04 5.60446e-01 3.31832e-01 1.19117e+00 1.11658e+00 8.14975e-01 1.49194e+00 -4.29778e+00
5.90581e-04 5.60403e-01 3.31872e-01 1.19132e+00 1.12906e+00 8.14983e-01 1.49223e+00 -4.29779e+00
5.92121e-04 5.60362e-01 3.31911e-01 1.19124e+00 1.11660e+00 8.14989e-01 1.49244e+00 -4.29779e+00
5.93662e-04 5.60319e-01 3.31951e-01 1.19139e+00 1.12898e+00 8.14998e-01 1.49273e+00 -4.29780e+00
5.95202e-04 5.60279e-01 3.31990e-01 1.19131e+00 1.11662e+00 8.15004e-01 1.49294e+00 -4.29780e+00
5.96742e-04 5.60236e-01 3.32030e-01 1.19146e+00 1.12891e+00 8.15012e-01 1.49323e+00 -4.29781e+00
5.98282e-04 5.60195e-01 3.32069e-01 1.19138e+00 1.11665e+00 8.15018e-01 1.49344e+00 -4.29781e+00
5.99822e-04 5.60153e-01 3.32109e-01 1.19152e+00 1.12883e+00 8.15027e-01 1.49373e+00 -4.29782e+00
6.01362e-04 5.60112e-01 3.32148e-01 1.19144e+00 1.11667e+00 8.15033e-01 1.49395e+00 -4.29782e+00
6.02902e-04 5.60069e-01 3.32188e-01 1.19159e+00 1.12876e+00 8.15041e-01 1.49424e+00 -4.29783e+00
6.04442e-04 5.60029e-01 3.32227e-01 1.19151e+00 1.11669e+00 8.15047e-01 1.49445e+00 -4.29783e+00
6.05982e-04 5.59986e-01 3.32267e-01 1.19166e+00 1.12868e+00 8.15056e-01 1.49474e+00 -4.29784e+00
6.07522e-04 5.59946e-01 3.32306e-01 1.19158e+00 1.11671e+00 8.15062e-01 1.49495e+00 -4.29785e+00
6.09061e-04 5.59903e-01 3.32346e-01 1.19172e+00 1.12860e+00 8.15070e-01 1.49524e+00 -4.29785e+00
6.10601e-04 5.59862e-01 3.32385e-01 1.19164e+00 1.11674e+00 8.15076e-01 1.49546e+00 -4.29786e+00
6.12141e-04 5.59820e-01 3.32425e-01 1.19179e+00 1.12852e+00 8.15085e-01 1.49574e+00 -4.29786e+00
6.13681e-04 5.59779e-01 3.32464e-01 1.19171e+00 1.11676e+00 8.15091e-01 1.49596e+00 -4.29787e+00
6.15220e-04 5.59736e-01 3.32503e-01 1.19185e+00 1.12844e+00 8.15099e-01 1.49625e+00 -4.29787e+00
6.16760e-04 5.59696e-01 3.32543e-01 1.19178e+00 1.11679e+00 8.15105e-01 1.49646e+00 -4.29788e+00
6.18299e-04 5.59653e-01 3.32582e-01 1.19192e+00 1.12836e+00 8.15114e-01 1.49675e+00 -4.29789e+00
6.19839e-04 5.59613e-01 3.32621e-01 1.19184e+00 1.11681e+00 8.15120e-01 1.49697e+00 -4.29789e+00
6.21378e-04 5.59570e-01 3.32661e-01 1.19198e+00 1.12828e+00 8.15128e-01 1.49726e+00 -4.29790e+00
6.22918e-04 5.59530e-01 3.32700e-01 1.19191e+00 1.11684e+00 8.15134e-01 1.49747e+00 -4.29790e+00
6.24457e-04 5.59487e-01 3.32740e-01 1.19205e+00 1.12819e+00 8.15143e-01 1.49776e+00 -4.29791e+00
6.25996e-04 5.59446e-01 3.32779e-01 1.19197e+00 1.11686e+00 8.15149e-01 1.49798e+00 -4.29791e+00
6.27536e-04 5.59404e-01 3.32819e-01 1.19211e+00 1.12811e+00 8.15157e-01 1.49827e+00 -4.29792e+00
6.29075e-04 5.59363e-01 3.32858e-01 1.19204e+00 1.11689e+00 8.15164e-01 1.49848e+00 -4.29792e+00
6.30614e-04 5.59321e-01 3.32898e-01 1.19217e+00 1.12802e+00 8.15172e-01 1.49877e+00 -4.29793e+00
6.32153e-04 5.59280e-01 3.32937e-01 1.19210e+00 1.11692e+00 8.15178e-01 1.49899e+00 -4.29794e+00
6.33692e-04 5.59238e-01 3.32977e-01 1.19224e+00 1.12794e+00 8.15186e-01 1.49928e+00 -4.29794e+00
6.35231e-04 5.59197e-01 3.33016e-01 1.19217e+00 1.11694e+00 8.15193e-01 1.49950e+00 -4.29795e+00
6.36770e-04 5.59155e-01 3.33056e-01 1.19230e+00 1.12785e+00 8.15201e-01 1.49979e+00 -4.29795e+00
6.38309e-04 5.59114e-01 3.33095e-01 1.19223e+00 1.11697e+00 8.15207e-01 1.50000e+00 -4.29796e+00
6.39848e-04 5.59072e-01 3.33135e-01 1.19237e+00 1.12776e+00 8.15216e-01 1.50029e+00 -4.29796e+00
6.41387e-04 5.59031e-01 3.33174e-01 1.19230e+00 1.11700e+00 8.15222e-01 1.50051e+00 -4.29797e+00
6.42926e-04 5.58988e-01 3.33214e-01 1.19243e+00 1.12768e+00 8.15230e-01 1.50080e+00 -4.29797e+00
6.44465e-04 5.58948e-01 3.33253e-01 1.19236e+00 1.11703e+00 8.15237e-01 1.50102e+00 -4.29798e+00
6.46004e-04 5.58905e-01 3.33293e-01 1.19249e+00 1.12759e+00 8.15245e-01 1.50131e+00 -4.29799e+00
6.47542e-04 5.58865e-01 3.33332e-01 1.19243e+00 1.11706e+00 8.15251e-01 1.50153e+00 -4.29799e+00
6.49081e-04 5.58823e-01 3.33372e-01 1.19255e+00 1.12750e+00 8.15259e-01 1.50182e+00 -4.29800e+00
6.50620e-04 5.58782e-01 3.33411e-01 1.19249e+00 1.11709e+00 8.15266e-01 1.50204e+00 -4.29800e+00
6.52158e-04 5.58740e-01 3.33450e-01 1.19262e+00 1.12741e+00 8.15274e-01 1.50233e+00 -4.29801e+00
6.53697e-04 5.58699e-01 3.33490e-01 1.19255e+00 1.11712e+00 8.15281e-01 1.50255e+00 -4.29801e+00
6.55235e-04 5.58657e-01 3.33529e-01 1.19268e+00 1.12732e+00 8.15289e-01 1.50284e+00 -4.29802e+00
6.56774e-04 5.58616e-01 3.33568e-01 1.19262e+00 1.11715e+00 8.15295e-01 1.50306e+00 -4.29802e+00
6.58312e-04 5.58574e-01 3.33608e-01 1.19274e+00 1.12722e+00 8.15303e-01 1.50335e+00 -4.29803e+00
6.59851e-04 5.58533e-01 3.33647e-01 1.19268e+00 1.11718e+00 8.15310e-01 1.50357e+00 -4.29804e+00
6.61389e-04 5.58491e-01 3.33687e-01 1.19280e+00 1.12713e+00 8.15318e-01 1.50386e+00 -4.29804e+00
6.62927e-04 5.58450e-01 3.33726e-01 1.19274e+00 1.11721e+00 8.15325e-01 1.50408e+00 -4.29805e+00
6.64465e-04 5.58408e-01 3.33766e-01 1.19286e+00 1.12704e+00 8.15333e-01 1.50437e+00 -4.29805e+00
6.66004e-04 5.58367e-01 3.33805e-01 1.19280e+00 1.11724e+00 8.15339e-01 1.50459e+00 -4.29806e+00
6.67542e-04 5.58325e-01 3.33845e-01 1.19292e+00 1.12694e+00 8.15348e-01 1.50488e+00 -4.29806e+00
6.69080e-04 5.58284e-01 3.33884e-01 1.19287e+00 1.11727e+00 8.15354e-01 1.50510e+00 -4.29807e+00
6.70618e-04 5.58242e-01 3.33924e-01 1.19299e+00 1.12685e+00 8.15362e-01 1.50539e+00 -4.29808e+00
6.72156e-04 5.58202e-01 3.33963e-01 1.19293e+00 1.11730e+00 8.15369e-01 1.50562e+00 -4.29808e+00
6.73694e-04 5.58159e-01 3.34002e-01 1.19305e+00 1.12676e+00 8.15377e-01 1.50590e+00 -4.29809e+00
6.75232e-04 5.58119e-01 3.34042e-01 1.19299e+00 1.11733e+00 8.15384e-01 1.50613e+00 -4.29809e+00
6.76770e-04 5.58077e-01 3.34081e-01 1.19311e+00 1.12666e+00 8.15392e-01 1.50642e+00 -4.29810e+00
6.78307e-04 5.58036e-01 3.34120e-01 1.19305e+00 1.11737e+00 8.15398e-01 1.50665e+00 -4.29810e+00
6.79845e-04 5.57994e-01 3.34160e-01 1.19317e+00 1.12656e+00 8.15407e-01 1.50693e+00 -4.29811e+00
6.81383e-04 5.57953e-01 3.34199e-01 1.19311e+00 1.11740e+00 8.15413e-01 1.50716e+00 -4.29811e+00
6.82921e-04 5.57911e-01 3.34239e-01 1.19323e+00 1.12647e+00 8.15421e-01 1.50745e+00 -4.29812e+00
6.84458e-04 5.57870e-01 3.34278e-01 1.19318e+00 1.11743e+00 8.15428e-01 1.50768e+00 -4.29813e+00
6.85996e-04 5.57828e-01 3.34318e-01 1.19329e+00 1.12637e+00 8.15436e-01 1.50796e+00 -4.29813e+00
6.87533e-04 5.57788e-01 3.34357e-01 1.19324e+00 1.11746e+00 8.15443e-01 1.50819e+00 -4.29814e+00
6.89071e-04 5.57745e-01 3.34397e-01 1.19335e+00 1.12627e+00 8.15451e-01 1.50848e+00 -4.29814e+00
6.90608e-04 5.57705e-01 3.34436e-01 1.19330e+00 1.11749e+00 8.15458e-01 1.50871e+00 -4.29815e+00
6.92146e-04 5.57663e-01 3.34475e-01 1.19341e+00 1.12618e+00 8.15466e-01 1.50899e+00 -4.29815e+00
6.93683e-04 5.57622e-01 3.34514e-01 1.19336e+00 1.11753e+00 8.15472e-01 1.50922e+00 -4.29816e+00
6.95221e-04 5.57580e-01 3.34554e-01 1.19347e+00 1.12608e+00 8.15481e-01 1.50951e+00 -4.29817e+00
6.96758e-04 5.57539e-01 3.34593e-01 1.19342e+00 1.11756e+00 8.15487e-01 1.50974e+00 -4.29817e+00
6.98295e-04 5.57497e-01 3.34633e-01 1.19353e+00 1.12598e+00 8.15495e-01 1.51003e+00 -4.29818e+00
6.99832e-04 5.57457e-01 3.34672e-01 1.19348e+00 1.11759e+00 8.15502e-01 1.51026e+00 -4.29818e+00
7.01369e-04 5.57415e-01 3.34712e-01 1.19359e+00 1.12588e+00 8.15510e-01 1.51055e+00 -4.29819e+00
7.02907e-04 5.57374e-01 3.34751e-01 1.19354e+00 1.11762e+00 8.15517e-01 1.51078e+00 -4.29819e+00
7.04444e-04 5.57332e-01 3.34791e-01 1.19365e+00 1.12578e+00 8.15525e-01 1.51107e+00 -4.29820e+00
7.05981e-04 5.57291e-01 3.34830e-01 1.19360e+00 1.11765e+00 8.15532e-01 1.51130e+00 -4.29820e+00
7.07518e-04 5.57249e-01 3.34869e-01 1.19371e+00 1.12568e+00 8.15540e-01 1.51159e+00 -4.29821e+00
7.09055e-04 5.57209e-01 3.34908e-01 1.19366e+00 1.11769e+00 8.15547e-01 1.51182e+00 -4.29822e+00
7.10591e-04 5.57167e-01 3.34948e-01 1.19377e+00 1.12558e+00 8.15555e-01 1.51211e+00 -4.29822e+00
7.12128e-04 5.57126e-01 3.34987e-01 1.19372e+00 1.11772e+00 8.15562e-01 1.51234e+00 -4.29823e+00
7.13665e-04 5.57084e-01 3.35027e-01 1.19383e+00 1.12549e+00 8.15570e-01 1.51263e+00 -4.29823e+00
7.15202e-04 5.57044e-01 3.35066e-01 1.19378e+00 1.11775e+00 8.15577e-01 1.51286e+00 -4.29824e+00
7.16738e-04 5.57002e-01 3.35106e-01 1.19388e+00 1.12539e+00 8.15585e-01 1.51315e+00 -4.29824e+00
7.18275e-04 5.56961e-01 3.35145e-01 1.19384e+00 1.11778e+00 8.15592e-01 1.51338e+00 -4.29825e+00
7.19812e-04 5.56919e-01 3.35184e-01 1.19394e+00 1.12529e+00 8.15600e-01 1.51367e+00 -4.29826e+00
7.21348e-04 5.56878e-01 3.35224e-01 1.19390e+00 1.11781e+00 8.15607e-01 1.51391e+00 -4.29826e+00
7.22885e-04 5.56836e-01 3.35263e-01 1.19400e+00 1.12519e+00 8.15615e-01 1.51419e+00 -4.29827e+00
7.24421e-04 5.56796e-01 3.35302e-01 1.19396e+00 1.11784e+00 8.15622e-01 1.51443e+00 -4.29827e+00
7.25958e-04 5.56754e-01 3.35342e-01 1.19406e+00 1.12509e+00 8.15630e-01 1.51472e+00 -4.29828e+00
7.27494e-04 5.56713e-01 3.35381e-01 1.19402e+00 1.11787e+00 8.15637e-01 1.51496e+00 -4.29828e+00
7.29030e-04 5.56671e-01 3.35421e-01 1.19412e+00 1.12499e+00 8.15645e-01 1.51524e+00 -4.29829e+00
7.30567e-04 5.56631e-01 3.35460e-01 1.19408e+00 1.11790e+00 8.15652e-01 1.51548e+00 -4.29829e+00
7.32103e-04 5.56589e-01 3.35500e-01 1.19418e+00 1.12489e+00 8.15660e-01 1.51577e+00 -4.29830e+00
7.33639e-04 5.56548e-01 3.35539e-01 1.19414e+00 1.11793e+00 8.15667e-01 1.51601e+00 -4.29831e+00
7.35175e-04 5.56506e-01 3.35578e-01 1.19424e+00 1.12479e+00 8.15675e-01 1.51629e+00 -4.29831e+00
7.36711e-04 5.56466e-01 3.35617e-01 1.19420e+00 1.11796e+00 8.15682e-01 1.51653e+00 -4.29832e+00
7.38247e-04 5.56424e-01 3.35657e-01 1.19430e+00 1.12469e+00 8.15690e-01 1.51682e+00 -4.29832e+00
7.39783e-04 5.56383e-01 3.35696e-01 1.19426e+00 1.11799e+00 8.15697e-01 1.51706e+00 -4.29833e+00
7.41319e-04 5.56341e-01 3.35736e-01 1.19435e+00 1.12459e+00 8.15705e-01 1.51734e+00 -4.29833e+00
7.42855e-04 5.56301e-01 3.35775e-01 1.19432e+00 1.11802e+00 8.15712e-01 1.51759e+00 -4.29834e+00
7.44391e-04 5.56259e-01 3.35814e-01 1.19441e+00 1.12449e+00 8.15721e-01 1.51787e+00 -4.29835e+00
7.45927e-04 5.56218e-01 3.35854e-01 1.19438e+00 1.11805e+00 8.15728e-01 1.51812e+00 -4.29835e+00
7.47463e-04 5.56177e-01 3.35893e-01 1.19447e+00 1.12439e+00 8.15736e-01 1.51840e+00 -4.29836e+00
7.48999e-04 5.56136e-01 3.35932e-01 1.19444e+00 1.11807e+00 8.15743e-01 1.51865e+00 -4.29836e+00
7.50534e-04 5.56094e-01 3.35972e-01 1.19453e+00 1.12429e+00 8.15751e-01 1.51893e+00 -4.29837e+00
7.52070e-04 5.56053e-01 3.36011e-01 1.19450e+00 1.11810e+00 8.15758e-01 1.51918e+00 -4.29837e+00
7.53606e-04 5.56012e-01 3.36051e-01 1.19459e+00 1.12419e+00 8.15766e-01 1.51946e+00 -4.29838e+00
7.55141e-04 5.55971e-01 3.36090e-01 1.19456e+00 1.11813e+00 8.15773e-01 1.51971e+00 -4.29839e+00
7.56677e-04 5.55929e-01 3.36129e-01 1.19464e+00 1.12409e+00 8.15781e-01 1.51999e+00 -4.29839e+00
7.58212e-04 5.55889e-01 3.36169e-01 1.19462e+00 1.11815e+00 8.15788e-01 1.52024e+00 -4.29840e+00
7.59748e-04 5.55847e-01 3.36208e-01 1.19470e+00 1.12400e+00 8.15797e-01 1.52052e+00 -4.29840e+00
7.61283e-04 5.55806e-01 3.36247e-01 1.19468e+00 1.11818e+00 8.15804e-01 1.52077e+00 -4.29841e+00
7.62818e-04 5.55764e-01 3.36287e-01 1.19476e+00 1.12390e+00 8.15812e-01 1.52105e+00 -4.29841e+00
7.64354e-04 5.55724e-01 3.36326e-01 1.19474e+00 1.11820e+00 8.15819e-01 1.52130e+00 -4.29842e+00
7.65889e-04 5.55682e-01 3.36366e-01 1.19482e+00 1.12380e+00 8.15827e-01 1.52159e+00 -4.29843e+00
7.67424e-04 5.55641e-01 3.36405e-01 1.19480e+00 1.11823e+00 8.15834e-01 1.52184e+00 -4.29843e+00
7.68959e-04 5.55600e-01 3.36444e-01 1.19487e+00 1.12370e+00 8.15842e-01 1.52212e+00 -4.29844e+00
7.70494e-04 5.55559e-01 3.36484e-01 1.19485e+00 1.11825e+00 8.15850e-01 1.52237e+00 -4.29844e+00
7.72029e-04 5.55517e-01 3.36523e-01 1.19493e+00 1.12361e+00 8.15858e-01 1.52266e+00 -4.29845e+00
7.73564e-04 5.55477e-01 3.36562e-01 1.19491e+00 1.11827e+00 8.15865e-01 1.52291e+00 -4.29845e+00
7.75099e-04 5.55435e-01 3.36602e-01 1.19499e+00 1.12351e+00 8.15873e-01 1.52319e+00 -4.29846e+00
7.76634e-04 5.55394e-01 3.36641e-01 1.19497e+00 1.11829e+00 8.15880e-01 1.52344e+00 -4.29847e+00
7.78169e-04 5.55353e-01 3.36680e-01 1.19505e+00 1.12341e+00 8.15888e-01 1.52373e+00 -4.29847e+00
7.79704e-04 5.55312e-01 3.36720e-01 1.19503e+00 1.11831e+00 8.15896e-01 1.52398e+00 -4.29848e+00
7.81239e-04 5.55270e-01 3.36759e-01 1.19511e+00 1.12332e+00 8.15904e-01 1.52426e+00 -4.29848e+00
7.82774e-04 5.55230e-01 3.36798e-01 1.19509e+00 1.11833e+00 8.15911e-01 1.52452e+00 -4.29849e+00
7.84308e-04 5.55188e-01 3.36838e-01 1.19516e+00 1.12322e+00 8.15919e-01 1.52480e+00 -4.29849e+00
7.85843e-04 5.55147e-01 3.36877e-01 1.19515e+00 1.11835e+00 8.15926e-01 1.52506e+00 -4.29850e+00
7.87378e-04 5.55106e-01 3.36917e-01 1.19522e+00 1.12313e+00 8.15935e-01 1.52534e+00 -4.29851e+00
7.88912e-04 5.55065e-01 3.36956e-01 1.19521e+00 1.11837e+00 8.15942e-01 1.52560e+00 -4.29851e+00
7.90447e-04 5.55024e-01 3.36995e-01 1.19528e+00 1.12304e+00 8.15950e-01 1.52588e+00 -4.29852e+00
7.91981e-04 5.54983e-01 3.37035e-01 1.19526e+00 1.11839e+00 8.15957e-01 1.52614e+00 -4.29852e+00
7.93516e-04 5.54941e-01 3.37074e-01 1.19534e+00 1.12294e+00 8.15965e-01 1.52642e+00 -4.29853e+00
7.95050e-04 5.54901e-01 3.37113e-01 1.19532e+00 1.11841e+00 8.15973e-01 1.52668e+00 -4.29853e+00
7.96585e-04 5.54859e-01 3.37153e-01 1.19539e+00 1.12285e+00 8.15981e-01 1.52696e+00 -4.29854e+00
7.98119e-04 5.54818e-01 3.37192e-01 1.19538e+00 1.11842e+00 8.15988e-01 1.52722e+00 -4.29855e+00
7.99653e-04 5.54777e-01 3.37231e-01 1.19545e+00 1.12276e+00 8.15996e-01 1.52750e+00 -4.29855e+00
8.01188e-04 5.54736e-01 3.37271e-01 1.19544e+00 1.11844e+00 8.16004e-01 1.52776e+00 -4.29856e+00
8.02722e-04 5.54695e-01 3.37310e-01 1.19551e+00 1.12266e+00 8.16012e-01 1.52805e+00 -4.29856e+00
8.04256e-04 5.54654e-01 3.37349e-01 1.19550e+00 1.11845e+00 8.16019e-01 1.52830e+00 -4.29857e+00
8.05790e-04 5.54612e-01 3.37389e-01 1.19556e+00 1.12257e+00 8.16027e-01 1.52859e+00 -4.29857e+00
8.07324e-04 5.54572e-01 3.37428e-01 1.19556e+00 1.11847e+00 8.16035e-01 1.52885e+00 -4.29858e+00
8.08858e-04 5.54530e-01 3.37468e-01 1.19562e+00 1.12248e+00 8.16043e-01 1.52913e+00 -4.29859e+00
8.10392e-04 5.54490e-01 3.37507e-01 1.19561e+00 1.11848e+00 8.16050e-01 1.52939e+00 -4.29859e+00
8.11926e-04 5.54448e-01 3.37546e-01 1.19568e+00 1.12239e+00 8.16059e-01 1.52968e+00 -4.29860e+00
8.13460e-04 5.54407e-01 3.37585e-01 1.19567e+00 1.11849e+00 8.16066e-01 1.52994e+00 -4.29860e+00
8.14994e-04 5.54366e-01 3.37625e-01 1.19574e+00 1.12230e+00 8.16074e-01 1.53022e+00 -4.29861e+00
8.16528e-04 5.54325e-01 3.37664e-01 1.19573e+00 1.11850e+00 8.16082e-01 1.53049e+00 -4.29861e+00
8.18062e-04 5.54284e-01 3.37704e-01 1.19579e+00 1.12221e+00 8.16090e-01 1.53077e+00 -4.29862e+00
8.19595e-04 5.54243e-01 3.37743e-01 1.19579e+00 1.11851e+00 8.16097e-01 1.53103e+00 -4.29863e+00
8.21129e-04 5.54202e-01 3.37782e-01 1.19585e+00 1.12213e+00 8.16106e-01 1.53132e+00 -4.29863e+00
8.22663e-04 5.54161e-01 3.37822e-01 1.19585e+00 1.11852e+00 8.16113e-01 1.53158e+00 -4.29864e+00
8.24196e-04 5.54119e-01 3.37861e-01 1.19591e+00 1.12204e+00 8.16121e-01 1.53187e+00 -4.29864e+00
8.25730e-04 5.54079e-01 3.37900e-01 1.19590e+00 1.11853e+00 8.16129e-01 1.53213e+00 -4.29865e+00
8.27263e-04 5.54037e-01 3.37940e-01 1.19596e+00 1.12195e+00 8.16137e-01 1.53242e+00 -4.29866e+00
8.28797e-04 5.53996e-01 3.37979e-01 1.19596e+00 1.11854e+00 8.16145e-01 1.53268e+00 -4.29866e+00
8.30330e-04 5.53955e-01 3.38018e-01 1.19602e+00 1.12187e+00 8.16153e-01 1.53297e+00 -4.29867e+00
8.31864e-04 5.53914e-01 3.38058e-01 1.19602e+00 1.11854e+00 8.16160e-01 1.53323e+00 -4.29867e+00
8.33397e-04 5.53873e-01 3.38097e-01 1.19608e+00 1.12178e+00 8.16168e-01 1.53352e+00 -4.29868e+00
8.34931e-04 5.53832e-01 3.38136e-01 1.19608e+00 1.11855e+00 8.16176e-01 1.53379e+00 -4.29868e+00
8.36464e-04 5.53791e-01 3.38176e-01 1.19614e+00 1.12170e+00 8.16184e-01 1.53407e+00 -4.29869e+00
8.37997e-04 5.53750e-01 3.38215e-01 1.19614e+00 1.11855e+00 8.16192e-01 1.53434e+00 -4.29870e+00
8.39530e-04 5.53709e-01 3.38254e-01 1.19619e+00 1.12161e+00 8.16200e-01 1.53462e+00 -4.29870e+00
8.41063e-04 5.53668e-01 3.38294e-01 1.19619e+00 1.11856e+00 8.16208e-01 1.53489e+00 -4.29871e+00
8.42597e-04 5.53627e-01 3.38333e-01 1.19625e+00 1.12153e+00 8.16216e-01 1.53518e+00 -4.29871e+00
8.44130e-04 5.53586e-01 3.38372e-01 1.19625e+00 1.11856e+00 8.16224e-01 1.53545e+00 -4.29872e+00
8.45663e-04 5.53545e-01 3.38412e-01 1.19631e+00 1.12144e+00 8.16232e-01 1.53573e+00 -4.29872e+00
8.47196e-04 5.53504e-01 3.38451e-01 1.19631e+00 1.11856e+00 8.16239e-01 1.53600e+00 -4.29873e+00
8.48729e-04 5.53463e-01 3.38491e-01 1.19636e+00 1.12136e+00 8.16248e-01 1.53629e+00 -4.29874e+00
8.50262e-04 5.53422e-01 3.38530e-01 1.19637e+00 1.11856e+00 8.16255e-01 1.53656e+00 -4.29874e+00
8.51794e-04 5.53380e-01 3.38569e-01 1.19642e+00 1.12128e+00 8.16263e-01 1.53685e+00 -4.29875e+00
8.53327e-04 5.53340e-01 3.38609e-01 1.19643e+00 1.11856e+00 8.16271e-01 1.53712e+00 -4.29875e+00
8.54860e-04 5.53298e-01 3.38648e-01 1.19648e+00 1.12120e+00 8.16279e-01 1.53740e+00 -4.29876e+00
8.56393e-04 5.53258e-01 3.38687e-01 1.19648e+00 1.11856e+00 8.16287e-01 1.53767e+00 -4.29877e+00
8.57926e-04 5.53216e-01 3.38727e-01 1.19654e+00 1.12112e+00 8.16295e-01 1.53796e+00 -4.29877e+00
8.59458e-04 5.53176e-01 3.38766e-01 1.19654e+00 1.11856e+00 8.16303e-01 1.53823e+00 -4.29878e+00
8.60991e-04 5.53134e-01 3.38805e-01 1.19659e+00 1.12104e+00 8.16311e-01 1.53852e+00 -4.29878e+00
8.62523e-04 5.53093e-01 3.38845e-01 1.19660e+00 1.11856e+00 8.16319e-01 1.53879e+00 -4.29879e+00
8.64056e-04 5.53052e-01 3.38884e-01 1.19665e+00 1.12096e+00 8.16327e-01 1.53908e+00 -4.29880e+00
8.65589e-04 5.53011e-01 3.38923e-01 1.19666e+00 1.11855e+00 8.16335e-01 1.53935e+00 -4.29880e+00
8.67121e-04 5.52970e-01 3.38963e-01 1.19671e+00 1.12088e+00 8.16343e-01 1.53964e+00 -4.29881e+00
8.68653e-04 5.52929e-01 3.39002e-01 1.19672e+00 1.11855e+00 8.16351e-01 1.53992e+00 -4.29881e+00
8.70186e-04 5.52888e-01 3.39041e-01 1.19676e+00 1.12080e+00 8.16359e-01 1.54021e+00 -4.29882e+00
8.71718e-04 5.52847e-01 3.39081e-01 1.19677e+00 1.11854e+00 8.16367e-01 1.54048e+00 -4.29882e+00
8.73250e-04 5.52806e-01 3.39120e-01 1.19682e+00 1.12073e+00 8.16375e-01 1.54077e+00 -4.29883e+00
8.74783e-04 5.52765e-01 3.39159e-01 1.19683e+00 1.11854e+00 8.16383e-01 1.54104e+00 -4.29884e+00
8.76315e-04 5.52724e-01 3.39199e-01 1.19688e+00 1.12065e+00 8.16392e-01 1.54133e+00 -4.29884e+00
8.77847e-04 5.52683e-01 3.39238e-01 1.19689e+00 1.11853e+00 8.16399e-01 1.54161e+00 -4.29885e+00
8.79379e-04 5.52642e-01 3.39278e-01 1.19694e+00 1.12058e+00 8.16408e-01 1.54190e+00 -4.29885e+00
8.80911e-04 5.52601e-01 3.39317e-01 1.19695e+00 1.11852e+00 8.16416e-01 1.54217e+00 -4.29886e+00
8.82444e-04 5.52560e-01 3.39356e-01 1.19699e+00 1.12050e+00 8.16424e-01 1.54246e+00 -4.29887e+00
8.83976e-04 5.52519e-01 3.39396e-01 1.19700e+00 1.11851e+00 8.16432e-01 1.54274e+00 -4.29887e+00
8.85508e-04 5.52478e-01 3.39435e-01 1.19705e+00 1.12043e+00 8.16440e-01 1.54303e+00 -4.29888e+00
8.87040e-04 5.52437e-01 3.39474e-01 1.19706e+00 1.11850e+00 8.16448e-01 1.54331e+00 -4.29888e+00
8.88571e-04 5.52396e-01 3.39514e-01 1.19711e+00 1.12035e+00 8.16456e-01 1.54360e+00 -4.29889e+00
8.90103e-04 5.52355e-01 3.39553e-01 1.19712e+00 1.11849e+00 8.16464e-01 1.54388e+00 -4.29889e+00
8.91635e-04 5.52314e-01 3.39592e-01 1.19716e+00 1.12028e+00 8.16472e-01 1.54417e+00 -4.29890e+00
8.93167e-04 5.52273e-01 3.39632e-01 1.19718e+00 1.11848e+00 8.16480e-01 1.54445e+00 -4.29891e+00
8.94699e-04 5.52232e-01 3.39671e-01 1.19722e+00 1.12021e+00 8.16489e-01 1.54474e+00 -4.29891e+00
8.96230e-04 5.52191e-01 3.39710e-01 1.19724e+00 1.11847e+00 8.16497e-01 1.54502e+00 -4.29892e+00
8.97762e-04 5.52150e-01 3.39750e-01 1.19728e+00 1.12013e+00 8.16505e-01 1.54531e+00 -4.29892e+00
8.99294e-04 5.52109e-01 3.39789e-01 1.19729e+00 1.11845e+00 8.16513e-01 1.54559e+00 -4.29893e+00
9.00825e-04 5.52068e-01 3.39828e-01 1.19734e+00 1.12006e+00 8.16521e-01 1.54588e+00 -4.29894e+00
9.02357e-04 5.52028e-01 3.39868e-01 1.19735e+00 1.11844e+00 8.16529e-01 1.54616e+00 -4.29894e+00
9.03889e-04 5.51986e-01 3.39907e-01 1.19739e+00 1.11999e+00 8.16538e-01 1.54645e+00 -4.29895e+00
9.05420e-04 5.51946e-01 3.39946e-01 1.19741e+00 1.11842e+00 8.16546e-01 1.54673e+00 -4.29895e+00
9.06951e-04 5.51904e-01 3.39986e-01 1.19745e+00 1.11992e+00 8.16554e-01 1.54703e+00 -4.29896e+00
9.08483e-04 5.51864e-01 3.40025e-01 1.19747e+00 1.11841e+00 8.16562e-01 1.54731e+00 -4.29897e+00
9.10014e-04 5.51823e-01 3.40065e-01 1.19751e+00 1.11985e+00 8.16570e-01 1.54760e+00 -4.29897e+00
9.11546e-04 5.51782e-01 3.40104e-01 1.19752e+00 1.11839e+00 8.16578e-01 1.54788e+00 -4.29898e+00
9.13077e-04 5.51741e-01 3.40143e-01 1.19757e+00 1.11978e+00 8.16587e-01 1.54818e+00 -4.29898e+00
9.14608e-04 5.51700e-01 3.40183e-01 1.19758e+00 1.11837e+00 8.16595e-01 1.54846e+00 -4.29899e+00
9.16139e-04 5.51659e-01 3.40222e-01 1.19762e+00 1.11972e+00 8.16603e-01 1.54875e+00 -4.29900e+00
9.17671e-04 5.51618e-01 3.40261e-01 1.19764e+00 1.11836e+00 8.16611e-01 1.54904e+00 -4.29900e+00
9.19202e-04 5.51577e-01 3.40301e-01 1.19768e+00 1.11965e+00 8.16620e-01 1.54933e+00 -4.29901e+00
9.20733e-04 5.51536e-01 3.40340e-01 1.19770e+00 1.11834e+00 8.16628e-01 1.54962e+00 -4.29901e+00
9.22264e-04 5.51495e-01 3.40379e-01 1.19774e+00 1.11958e+00 8.16636e-01 1.54991e+00 -4.29902e+00
9.23795e-04 5.51454e-01 3.40419e-01 1.19775e+00 1.11832e+00 8.16644e-01 1.55020e+00 -4.29903e+00
9.25326e-04 5.51413e-01 3.40458e-01 1.19779e+00 1.11951e+00 8.16653e-01 1.55049e+00 -4.29903e+00
9.26857e-04 5.51372e-01 3.40497e-01 1.19781e+00 1.11830e+00 8.16661e-01 1.55078e+00 -4.29904e+00
9.28388e-04 5.51331e-01 3.40537e-01 1.19785e+00 1.11945e+00 8.16669e-01 1.55107e+00 -4.29904e+00
9.29919e-04 5.51290e-01 3.40576e-01 1.19787e+00 1.11827e+00 8.16677e-01 1.55136e+00 -4.29905e+00
9.31449e-04 5.51249e-01 3.40616e-01 1.19791e+00 1.11938e+00 8.16686e-01 1.55165e+00 -4.29906e+00
9.32980e-04 5.51208e-01 3.40655e-01 1.19793e+00 1.11825e+00 8.16694e-01 1.55194e+00 -4.29906e+00
9.34511e-04 5.51167e-01 3.40694e-01 1.19797e+00 1.11932e+00 8.16702e-01 1.55223e+00 -4.29907e+00
9.36042e-04 5.51127e-01 3.40734e-01 1.19799e+00 1.11823e+00 8.16710e-01 1.55252e+00 -4.29907e+00
9.37572e-04 5.51085e-01 3.40773e-01 1.19802e+00 1.11925e+00 8.16719e-01 1.55282e+00 -4.29908e+00
9.39103e-04 5.51045e-01 3.40812e-01 1.19804e+00 1.11821e+00 8.16727e-01 1.55311e+00 -4.29908e+00
9.40634e-04 5.51004e-01 3.40852e-01 1.19808e+00 1.11919e+00 8.16735e-01 1.55340e+00 -4.29909e+00
9.42164e-04 5.50963e-01 3.40891e-01 1.19810e+00 1.11818e+00 8.16744e-01 1.55369e+00 -4.29910e+00
9.43695e-04 5.50922e-01 3.40930e-01 1.19814e+00 1.11912e+00 8.16752e-01 1.55399e+00 -4.29910e+00
9.45225e-04 5.50881e-01 3.40970e-01 1.19816e+00 1.11816e+00 8.16760e-01 1.55428e+00 -4.29911e+00
9.46756e-04 5.50840e-01 3.41009e-01 1.19820e+00 1.11906e+00 8.16769e-01 1.55458e+00 -4.29911e+00
9.48286e-04 5.50799e-01 3.41048e-01 1.19822e+00 1.11813e+00 8.16777e-01 1.55487e+00 -4.29912e+00
9.49816e-04 5.50758e-01 3.41088e-01 1.19825e+00 1.11900e+00 8.16786e-01 1.55516e+00 -4.29913e+00
9.51347e-04 5.50717e-01 3.41127e-01 1.19827e+00 1.11810e+00 8.16794e-01 1.55546e+00 -4.29913e+00
9.52877e-04 5.50676e-01 3.41167e-01 1.19831e+00 1.11893e+00 8.16802e-01 1.55575e+00 -4.29914e+00
9.54407e-04 5.50635e-01 3.41206e-01 1.19833e+00 1.11808e+00 8.16811e-01 1.55605e+00 -4.29914e+00
9.55938e-04 5.50594e-01 3.41245e-01 1.19837e+00 1.11887e+00 8.16819e-01 1.55634e+00 -4.29915e+00
9.57468e-04 5.50554e-01 3.41285e-01 1.19839e+00 1.11805e+00 8.16827e-01 1.55664e+00 -4.29916e+00
9.58998e-04 5.50513e-01 3.41324e-01 1.19843e+00 1.11881e+00 8.16836e-01 1.55693e+00 -4.29916e+00
9.60528e-04 5.50472e-01 3.41363e-01 1.19845e+00 1.11802e+00 8.16844e-01 1.55723e+00 -4.29917e+00
9.62058e-04 5.50431e-01 3.41403e-01 1.19848e+00 1.11875e+00 8.16853e-01 1.55753e+00 -4.29918e+00
9.63588e-04 5.50390e-01 3.41442e-01 1.19850e+00 1.11799e+00 8.16861e-01 1.55782e+00 -4.29918e+00
9.65118e-04 5.50349e-01 3.41482e-01 1.19854e+00 1.11869e+00 8.16870e-01 1.55812e+00 -4.29919e+00
9.66648e-04 5.50308e-01 3.41521e-01 1.19856e+00 1.11796e+00 8.16878e-01 1.55841e+00 -4.29919e+00
9.68178e-04 5.50267e-01 3.41560e-01 1.19860e+00 1.11863e+00 8.16887e-01 1.55871e+00 -4.29920e+00
9.69708e-04 5.50226e-01 3.41600e-01 1.19862e+00 1.11793e+00 8.16895e-01 1.55901e+00 -4.29921e+00
9.71238e-04 5.50185e-01 3.41639e-01 1.19865e+00 1.11857e+00 8.16903e-01 1.55931e+00 -4.29921e+00
9.72768e-04 5.50144e-01 3.41678e-01 1.19868e+00 1.11790e+00 8.16912e-01 1.55960e+00 -4.29922e+00
9.74297e-04 5.50103e-01 3.41718e-01 1.19871e+00 1.11851e+00 8.16920e-01 1.55990e+00 -4.29922e+00
9.75827e-04 5.50063e-01 3.41757e-01 1.19874e+00 1.11787e+00 8.16929e-01 1.56020e+00 -4.29923e+00
9.77357e-04 5.50022e-01 3.41796e-01 1.19877e+00 1.11845e+00 8.16937e-01 1.56050e+00 -4.29924e+00
9.78886e-04 5.49981e-01 3.41836e-01 1.19879e+00 1.11784e+00 8.16946e-01 1.56080e+00 -4.29924e+00
9.80416e-04 5.49940e-01 3.41875e-01 1.19883e+00 1.11839e+00 8.16954e-01 1.56110e+00 -4.29925e+00
9.81946e-04 5.49899e-01 3.41915e-01 1.19885e+00 1.11781e+00 8.16963e-01 1.56140e+00 -4.29925e+00
9.83475e-04 5.49858e-01 3.41954e-01 1.19888e+00 1.11833e+00 8.16971e-01 1.56170e+00 -4.29926e+00
9.85005e-04 5.49817e-01 3.41993e-01 1.19891e+00 1.11777e+00 8.16980e-01 1.56200e+00 -4.29927e+00
9.86534e-04 5.49776e-01 3.42033e-01 1.19894e+00 1.11827e+00 8.16988e-01 1.56230e+00 -4.29927e+00
9.88064e-04 5.49735e-01 3.42072e-01 1.19897e+00 1.11774e+00 8.16997e-01 1.56260e+00 -4.29928e+00
9.89593e-04 5.49695e-01 3.42111e-01 1.19900e+00 1.11821e+00 8.17006e-01 1.56290e+00 -4.29928e+00
9.91122e-04 5.49654e-01 3.42151e-01 1.19902e+00 1.11771e+00 8.17014e-01 1.56320e+00 -4.29929e+00
9.92652e-04 5.49613e-01 3.42190e-01 1.19906e+00 1.11816e+00 8.17023e-01 1.56350e+00 -4.29930e+00
9.94181e-04 5.49572e-01 3.42230e-01 1.19908e+00 1.11767e+00 8.17031e-01 1.56380e+00 -4.29930e+00
9.95710e-04 5.49531e-01 3.42269e-01 1.19911e+00 1.11810e+00 8.17040e-01 1.56411e+00 -4.29931e+00
9.97239e-04 5.49490e-01 3.42308e-01 1.19914e+00 1.11764e+00 8.17048e-01 1.56441e+00 -4.29931e+00
9.98769e-04 5.49449e-01 3.42348e-01 1.19917e+00 1.11804e+00 8.17057e-01 1.56471e+00 -4.29932e+00
1.00000e-03 5.49416e-01 3.42379e-01 1.19919e+00 1.11774e+00 8.17064e-01 1.56496e+00 -4.29933e+00
