# x AR CA ca co phi u v
0.00000e+00 6.00000e-01 3.00000e-01 4.99135e-01 4.99135e-01 8.00000e-01 1.00000e+00 -4.28317e+00
1.90490e-03 6.21454e-01 2.74970e-01 5.47009e-01 5.38904e-01 8.07354e-01 1.23484e+00 -4.29108e+00
3.80980e-03 6.20832e-01 2.75696e-01 5.86877e-01 5.74544e-01 8.06534e-01 1.20802e+00 -4.29027e+00
5.71470e-03 6.18945e-01 2.77897e-01 6.20760e-01 6.07346e-01 8.05960e-01 1.18935e+00 -4.28969e+00
7.61960e-03 6.17340e-01 2.79770e-01 6.49902e-01 6.37462e-01 8.05487e-01 1.17399e+00 -4.28920e+00
9.52450e-03 6.16009e-01 2.81323e-01 6.75432e-01 6.65885e-01 8.05088e-01 1.16112e+00 -4.28879e+00
1.14294e-02 6.14880e-01 2.82640e-01 6.98360e-01 6.92266e-01 8.04744e-01 1.15004e+00 -4.28843e+00
1.33343e-02 6.13890e-01 2.83795e-01 7.19596e-01 7.17989e-01 8.04437e-01 1.14015e+00 -4.28810e+00
1.52392e-02 6.12986e-01 2.84850e-01 7.39956e-01 7.41995e-01 8.04149e-01 1.13094e+00 -4.28780e+00
1.71441e-02 6.12125e-01 2.85855e-01 7.60176e-01 7.66409e-01 8.03870e-01 1.12199e+00 -4.28750e+00
1.90490e-02 6.11270e-01 2.86851e-01 7.80901e-01 7.89024e-01 8.03587e-01 1.11296e+00 -4.28720e+00
2.09539e-02 6.10394e-01 2.87874e-01 8.02707e-01 8.13353e-01 8.03291e-01 1.10353e+00 -4.28688e+00
2.28588e-02 6.09473e-01 2.88949e-01 8.26068e-01 8.35177e-01 8.02976e-01 1.09350e+00 -4.28653e+00
2.47637e-02 6.08491e-01 2.90094e-01 8.51379e-01 8.60595e-01 8.02636e-01 1.08272e+00 -4.28616e+00
2.66686e-02 6.07442e-01 2.91318e-01 8.78911e-01 8.81718e-01 8.02271e-01 1.07118e+00 -4.28576e+00
2.85735e-02 6.06331e-01 2.92614e-01 9.08838e-01 9.09516e-01 8.01891e-01 1.05919e+00 -4.28533e+00
3.04784e-02 6.05174e-01 2.93963e-01 9.41183e-01 9.29204e-01 8.01555e-01 1.04861e+00 -4.28495e+00
3.23833e-02 6.04004e-01 2.95329e-01 9.75834e-01 9.61095e-01 8.01595e-01 1.04985e+00 -4.28500e+00
3.42882e-02 6.02868e-01 2.96654e-01 1.01243e+00 9.77134e-01 8.03504e-01 1.11031e+00 -4.28711e+00
3.61931e-02 6.01826e-01 2.97869e-01 1.05021e+00 1.01520e+00 8.11590e-01 1.37596e+00 -4.29500e+00
3.80980e-02 5.36951e-01 3.46842e-01 1.08760e+00 1.02339e+00 8.29691e-01 2.03091e+00 -4.30572e+00
4.00029e-02 5.42340e-01 3.43024e-01 1.11495e+00 1.06207e+00 8.23300e-01 1.78969e+00 -4.30314e+00
4.19078e-02 5.53110e-01 3.35085e-01 1.13466e+00 1.05630e+00 8.19559e-01 1.65365e+00 -4.30100e+00
4.38127e-02 5.59878e-01 3.30125e-01 1.14965e+00 1.09069e+00 8.17247e-01 1.57142e+00 -4.29946e+00
4.57176e-02 5.63873e-01 3.27235e-01 1.15995e+00 1.08030e+00 8.15766e-01 1.51945e+00 -4.29838e+00
4.76225e-02 5.66274e-01 3.25529e-01 1.16769e+00 1.10899e+00 8.14797e-01 1.48576e+00 -4.29764e+00
4.95274e-02 5.67771e-01 3.24488e-01 1.17263e+00 1.09821e+00 8.14141e-01 1.46308e+00 -4.29713e+00
5.14323e-02 5.68721e-01 3.23841e-01 1.17621e+00 1.12134e+00 8.13692e-01 1.44766e+00 -4.29677e+00
5.33372e-02 5.69346e-01 3.23427e-01 1.17814e+00 1.11186e+00 8.13376e-01 1.43679e+00 -4.29651e+00
5.52421e-02 5.69761e-01 3.23158e-01 1.17941e+00 1.13003e+00 8.13153e-01 1.42917e+00 -4.29633e+00
5.71470e-02 5.70047e-01 3.22978e-01 1.17973e+00 1.12239e+00 8.12991e-01 1.42362e+00 -4.29619e+00
5.90519e-02 5.70243e-01 3.22857e-01 1.17979e+00 1.13621e+00 8.12875e-01 1.41965e+00 -4.29610e+00
6.09568e-02 5.70382e-01 3.22773e-01 1.17935e+00 1.13050e+00 8.12788e-01 1.41670e+00 -4.29602e+00
6.28617e-02 5.70480e-01 3.22714e-01 1.17890e+00 1.14048e+00 8.12726e-01 1.41457e+00 -4.29597e+00
6.47666e-02 5.70551e-01 3.22673e-01 1.17824e+00 1.13663e+00 8.12680e-01 1.41298e+00 -4.29593e+00
6.66715e-02 5.70601e-01 3.22644e-01 1.17769e+00 1.14312e+00 8.12647e-01 1.41186e+00 -4.29590e+00
6.85764e-02 5.70637e-01 3.22623e-01 1.17713e+00 1.14102e+00 8.12623e-01 1.41104e+00 -4.29588e+00
7.04813e-02 5.70661e-01 3.22610e-01 1.17674e+00 1.14429e+00 8.12607e-01 1.41051e+00 -4.29587e+00
7.23862e-02 5.70675e-01 3.22601e-01 1.17645e+00 1.14386e+00 8.12598e-01 1.41020e+00 -4.29586e+00
7.42911e-02 5.70682e-01 3.22598e-01 1.17633e+00 1.14402e+00 8.12595e-01 1.41009e+00 -4.29586e+00
7.61960e-02 5.70681e-01 3.22598e-01 1.17639e+00 1.14526e+00 8.12597e-01 1.41018e+00 -4.29586e+00
7.81009e-02 5.70673e-01 3.22603e-01 1.17657e+00 1.14232e+00 8.12606e-01 1.41046e+00 -4.29587e+00
8.00058e-02 5.70656e-01 3.22612e-01 1.17695e+00 1.14528e+00 8.12621e-01 1.41098e+00 -4.29588e+00
8.19107e-02 5.70631e-01 3.22627e-01 1.17736e+00 1.13918e+00 8.12643e-01 1.41174e+00 -4.29590e+00
8.38156e-02 5.70593e-01 3.22648e-01 1.17794e+00 1.14399e+00 8.12676e-01 1.41285e+00 -4.29593e+00
8.57205e-02 5.70541e-01 3.22678e-01 1.17840e+00 1.13453e+00 8.12720e-01 1.41435e+00 -4.29597e+00
8.76254e-02 5.70466e-01 3.22722e-01 1.17895e+00 1.14139e+00 8.12781e-01 1.41646e+00 -4.29602e+00
8.95303e-02 5.70365e-01 3.22782e-01 1.17917e+00 1.12825e+00 8.12864e-01 1.41926e+00 -4.29609e+00
9.14352e-02 5.70222e-01 3.22868e-01 1.17932e+00 1.13740e+00 8.12978e-01 1.42318e+00 -4.29618e+00
9.33401e-02 5.70022e-01 3.22991e-01 1.17880e+00 1.12017e+00 8.13134e-01 1.42850e+00 -4.29631e+00
9.52450e-02 5.69733e-01 3.23173e-01 1.17796e+00 1.13178e+00 8.13354e-01 1.43603e+00 -4.29649e+00
9.71499e-02 5.69317e-01 3.23442e-01 1.17595e+00 1.10994e+00 8.13660e-01 1.44653e+00 -4.29674e+00
9.90548e-02 5.68695e-01 3.23852e-01 1.17321e+00 1.12398e+00 8.14103e-01 1.46178e+00 -4.29710e+00
1.00960e-01 5.67764e-01 3.24484e-01 1.16856e+00 1.09702e+00 8.14744e-01 1.48395e+00 -4.29760e+00
1.02865e-01 5.66318e-01 3.25487e-01 1.16249e+00 1.11281e+00 8.15708e-01 1.51743e+00 -4.29834e+00
1.04769e-01 5.64047e-01 3.27097e-01 1.15337e+00 1.08060e+00 8.17169e-01 1.56865e+00 -4.29940e+00
1.06674e-01 5.60359e-01 3.29760e-01 1.14169e+00 1.09588e+00 8.19411e-01 1.64835e+00 -4.30091e+00
1.08579e-01 5.54254e-01 3.34232e-01 1.12523e+00 1.05952e+00 8.22577e-01 1.76311e+00 -4.30276e+00
1.10484e-01 5.43807e-01 3.41955e-01 1.10422e+00 1.06868e+00 8.25430e-01 1.86885e+00 -4.30416e+00
1.12389e-01 5.25189e-01 3.55752e-01 1.07531e+00 1.03096e+00 8.21590e-01 1.72704e+00 -4.30222e+00
1.14294e-01 5.94744e-01 3.03258e-01 1.03549e+00 1.02351e+00 8.00503e-01 1.01567e+00 -4.28375e+00
1.16199e-01 6.02345e-01 2.97107e-01 9.96363e-01 9.88506e-01 8.01150e-01 1.03590e+00 -4.28450e+00
1.18104e-01 6.03900e-01 2.95444e-01 9.59876e-01 9.74730e-01 8.01522e-01 1.04755e+00 -4.28492e+00
1.20009e-01 6.05124e-01 2.94022e-01 9.26306e-01 9.47535e-01 8.01893e-01 1.05923e+00 -4.28533e+00
1.21914e-01 6.06290e-01 2.92662e-01 8.95877e-01 9.32089e-01 8.02246e-01 1.07037e+00 -4.28573e+00
1.23818e-01 6.07370e-01 2.91402e-01 8.68684e-01 9.10254e-01 8.02570e-01 1.08062e+00 -4.28609e+00
1.25723e-01 6.08342e-01 2.90268e-01 8.44725e-01 8.95297e-01 8.02860e-01 1.08983e+00 -4.28641e+00
1.27628e-01 6.09196e-01 2.89271e-01 8.23898e-01 8.77521e-01 8.03115e-01 1.09791e+00 -4.28668e+00
1.29533e-01 6.09934e-01 2.88410e-01 8.06039e-01 8.64006e-01 8.03334e-01 1.10490e+00 -4.28692e+00
1.31438e-01 6.10562e-01 2.87678e-01 7.90927e-01 8.49473e-01 8.03521e-01 1.11085e+00 -4.28713e+00
1.33343e-01 6.11090e-01 2.87062e-01 7.78314e-01 8.37734e-01 8.03678e-01 1.11587e+00 -4.28729e+00
1.35248e-01 6.11529e-01 2.86549e-01 7.67930e-01 8.25866e-01 8.03809e-01 1.12005e+00 -4.28744e+00
1.37153e-01 6.11893e-01 2.86124e-01 7.59506e-01 8.15928e-01 8.03918e-01 1.12352e+00 -4.28755e+00
1.39058e-01 6.12193e-01 2.85775e-01 7.52776e-01 8.06279e-01 8.04007e-01 1.12638e+00 -4.28765e+00
1.40963e-01 6.12438e-01 2.85490e-01 7.47490e-01 7.98028e-01 8.04080e-01 1.12873e+00 -4.28773e+00
1.42867e-01 6.12637e-01 2.85257e-01 7.43414e-01 7.90238e-01 8.04140e-01 1.13064e+00 -4.28779e+00
1.44772e-01 6.12800e-01 2.85067e-01 7.40337e-01 7.83502e-01 8.04189e-01 1.13220e+00 -4.28784e+00
1.46677e-01 6.12931e-01 2.84913e-01 7.38072e-01 7.77274e-01 8.04229e-01 1.13347e+00 -4.28788e+00
1.48582e-01 6.13038e-01 2.84789e-01 7.36457e-01 7.71862e-01 8.04261e-01 1.13451e+00 -4.28792e+00
1.50487e-01 6.13125e-01 2.84688e-01 7.35350e-01 7.66940e-01 8.04287e-01 1.13534e+00 -4.28795e+00
1.52392e-01 6.13195e-01 2.84606e-01 7.34636e-01 7.62662e-01 8.04308e-01 1.13602e+00 -4.28797e+00
1.54297e-01 6.13251e-01 2.84540e-01 7.34215e-01 7.58825e-01 8.04325e-01 1.13657e+00 -4.28799e+00
1.56202e-01 6.13297e-01 2.84487e-01 7.34010e-01 7.55499e-01 8.04339e-01 1.13701e+00 -4.28800e+00
1.58107e-01 6.13334e-01 2.84444e-01 7.33956e-01 7.52553e-01 8.04350e-01 1.13737e+00 -4.28801e+00
1.60012e-01 6.13363e-01 2.84409e-01 7.34005e-01 7.50011e-01 8.04359e-01 1.13766e+00 -4.28802e+00
1.61916e-01 6.13387e-01 2.84381e-01 7.34120e-01 7.47786e-01 8.04366e-01 1.13789e+00 -4.28803e+00
1.63821e-01 6.13407e-01 2.84359e-01 7.34271e-01 7.45878e-01 8.04372e-01 1.13808e+00 -4.28804e+00
1.65726e-01 6.13422e-01 2.84341e-01 7.34440e-01 7.44227e-01 8.04377e-01 1.13823e+00 -4.28804e+00
1.67631e-01 6.13435e-01 2.84326e-01 7.34610e-01 7.42821e-01 8.04381e-01 1.13836e+00 -4.28804e+00
1.69536e-01 6.13445e-01 2.84314e-01 7.34775e-01 7.41618e-01 8.04384e-01 1.13846e+00 -4.28805e+00
1.71441e-01 6.13453e-01 2.84305e-01 7.34926e-01 7.40601e-01 8.04386e-01 1.13854e+00 -4.28805e+00
1.73346e-01 6.13459e-01 2.84297e-01 7.35062e-01 7.39740e-01 8.04388e-01 1.13860e+00 -4.28805e+00
1.75251e-01 6.13465e-01 2.84291e-01 7.35182e-01 7.39019e-01 8.04390e-01 1.13865e+00 -4.28805e+00
1.77156e-01 6.13469e-01 2.84287e-01 7.35285e-01 7.38414e-01 8.04391e-01 1.13869e+00 -4.28806e+00
1.79061e-01 6.13472e-01 2.84283e-01 7.35372e-01 7.37912e-01 8.04392e-01 1.13872e+00 -4.28806e+00
1.80965e-01 6.13475e-01 2.84280e-01 7.35445e-01 7.37496e-01 8.04393e-01 1.13875e+00 -4.28806e+00
1.82870e-01 6.13477e-01 2.84277e-01 7.35505e-01 7.37153e-01 8.04394e-01 1.13877e+00 -4.28806e+00
1.84775e-01 6.13478e-01 2.84275e-01 7.35553e-01 7.36872e-01 8.04394e-01 1.13878e+00 -4.28806e+00
1.86680e-01 6.13479e-01 2.84274e-01 7.35593e-01 7.36642e-01 8.04394e-01 1.13880e+00 -4.28806e+00
1.88585e-01 6.13480e-01 2.84273e-01 7.35625e-01 7.36456e-01 8.04395e-01 1.13880e+00 -4.28806e+00
1.90490e-01 6.13481e-01 2.84272e-01 7.35650e-01 7.36305e-01 8.04395e-01 1.13881e+00 -4.28806e+00
1.92395e-01 6.13482e-01 2.84271e-01 7.35670e-01 7.36184e-01 8.04395e-01 1.13882e+00 -4.28806e+00
1.94300e-01 6.13482e-01 2.84271e-01 7.35685e-01 7.36087e-01 8.04395e-01 1.13882e+00 -4.28806e+00
1.96205e-01 6.13483e-01 2.84270e-01 7.35697e-01 7.36010e-01 8.04395e-01 1.13883e+00 -4.28806e+00
1.98110e-01 6.13483e-01 2.84270e-01 7.35707e-01 7.35949e-01 8.04396e-01 1.13883e+00 -4.28806e+00
2.00014e-01 6.13483e-01 2.84270e-01 7.35714e-01 7.35900e-01 8.04396e-01 1.13883e+00 -4.28806e+00
2.01919e-01 6.13483e-01 2.84270e-01 7.35719e-01 7.35862e-01 8.04396e-01 1.13883e+00 -4.28806e+00
2.03824e-01 6.13483e-01 2.84270e-01 7.35723e-01 7.35833e-01 8.04396e-01 1.13883e+00 -4.28806e+00
2.05729e-01 6.13483e-01 2.84269e-01 7.35727e-01 7.35810e-01 8.04396e-01 1.13883e+00 -4.28806e+00
2.07634e-01 6.13483e-01 2.84269e-01 7.35729e-01 7.35792e-01 8.04396e-01 1.13883e+00 -4.28806e+00
2.09539e-01 6.13483e-01 2.84269e-01 7.35731e-01 7.35778e-01 8.04396e-01 1.13884e+00 -4.28806e+00
2.11444e-01 6.13484e-01 2.84269e-01 7.35732e-01 7.35768e-01 8.04396e-01 1.13884e+00 -4.28806e+00
2.13349e-01 6.13484e-01 2.84269e-01 7.35733e-01 7.35759e-01 8.04396e-01 1.13884e+00 -4.28806e+00
2.15254e-01 6.13484e-01 2.84269e-01 7.35734e-01 7.35753e-01 8.04396e-01 1.13884e+00 -4.28806e+00
2.17159e-01 6.13484e-01 2.84269e-01 7.35734e-01 7.35749e-01 8.04396e-01 1.13884e+00 -4.28806e+00
2.19063e-01 6.13484e-01 2.84269e-01 7.35735e-01 7.35745e-01 8.04396e-01 1.13884e+00 -4.28806e+00
2.20968e-01 6.13484e-01 2.84269e-01 7.35735e-01 7.35743e-01 8.04396e-01 1.13884e+00 -4.28806e+00
2.22873e-01 6.13484e-01 2.84269e-01 7.35735e-01 7.35741e-01 8.04396e-01 1.13884e+00 -4.28806e+00
2.24778e-01 6.13484e-01 2.84269e-01 7.35735e-01 7.35739e-01 8.04396e-01 1.13884e+00 -4.28806e+00
2.26683e-01 6.13484e-01 2.84269e-01 7.35735e-01 7.35738e-01 8.04396e-01 1.13884e+00 -4.28806e+00
2.28588e-01 6.13484e-01 2.84269e-01 7.35735e-01 7.35738e-01 8.04396e-01 1.13884e+00 -4.28806e+00
2.30493e-01 6.13484e-01 2.84269e-01 7.35735e-01 7.35737e-01 8.04396e-01 1.13884e+00 -4.28806e+00
2.32398e-01 6.13484e-01 2.84269e-01 7.35735e-01 7.35737e-01 8.04396e-01 1.13884e+00 -4.28806e+00
2.34303e-01 6.13484e-01 2.84269e-01 7.35735e-01 7.35736e-01 8.04396e-01 1.13884e+00 -4.28806e+00
2.36208e-01 6.13484e-01 2.84269e-01 7.35735e-01 7.35736e-01 8.04396e-01 1.13884e+00 -4.28806e+00
2.38112e-01 6.13484e-01 2.84269e-01 7.35735e-01 7.35736e-01 8.04396e-01 1.13884e+00 -4.28806e+00
2.40017e-01 6.13484e-01 2.84269e-01 7.35735e-01 7.35736e-01 8.04396e-01 1.13884e+00 -4.28806e+00
2.41922e-01 6.13484e-01 2.84269e-01 7.35735e-01 7.35736e-01 8.04396e-01 1.13884e+00 -4.28806e+00
2.43827e-01 6.13484e-01 2.84269e-01 7.35735e-01 7.35736e-01 8.04396e-01 1.13884e+00 -4.28806e+00
2.45732e-01 6.13484e-01 2.84269e-01 7.35736e-01 7.35736e-01 8.04396e-01 1.13884e+00 -4.28806e+00
2.47637e-01 6.13484e-01 2.84269e-01 7.35736e-01 7.35736e-01 8.04396e-01 1.13884e+00 -4.28806e+00
2.49542e-01 6.13484e-01 2.84269e-01 7.35736e-01 7.35736e-01 8.04396e-01 1.13884e+00 -4.28806e+00
2.51447e-01 6.13484e-01 2.84269e-01 7.35736e-01 7.35736e-01 8.04396e-01 1.13884e+00 -4.28806e+00
2.53352e-01 6.13484e-01 2.84269e-01 7.35736e-01 7.35736e-01 8.04396e-01 1.13884e+00 -4.28806e+00
2.55257e-01 6.13484e-01 2.84269e-01 7.35736e-01 7.35736e-01 8.04396e-01 1.13884e+00 -4.28806e+00
2.57161e-01 6.13484e-01 2.84269e-01 7.35736e-01 7.35736e-01 8.04396e-01 1.13884e+00 -4.28806e+00
2.59066e-01 6.13484e-01 2.84269e-01 7.35736e-01 7.35736e-01 8.04396e-01 1.13884e+00 -4.28806e+00
2.60971e-01 6.13484e-01 2.84269e-01 7.35736e-01 7.35736e-01 8.04396e-01 1.13884e+00 -4.28806e+00
2.62876e-01 6.13484e-01 2.84269e-01 7.35736e-01 7.35736e-01 8.04396e-01 1.13884e+00 -4.28806e+00
2.64781e-01 6.13484e-01 2.84269e-01 7.35736e-01 7.35736e-01 8.04396e-01 1.13884e+00 -4.28806e+00
2.66686e-01 6.13484e-01 2.84269e-01 7.35736e-01 7.35736e-01 8.04396e-01 1.13884e+00 -4.28806e+00
2.68591e-01 6.13484e-01 2.84269e-01 7.35736e-01 7.35736e-01 8.04396e-01 1.13884e+00 -4.28806e+00
2.70496e-01 6.13484e-01 2.84269e-01 7.35736e-01 7.35736e-01 8.04396e-01 1.13884e+00 -4.28806e+00
2.72401e-01 6.13484e-01 2.84269e-01 7.35736e-01 7.35736e-01 8.04396e-01 1.13884e+00 -4.28806e+00
2.74306e-01 6.13484e-01 2.84269e-01 7.35736e-01 7.35736e-01 8.04396e-01 1.13884e+00 -4.28806e+00
2.76210e-01 6.13484e-01 2.84269e-01 7.35736e-01 7.35736e-01 8.04396e-01 1.13884e+00 -4.28806e+00
2.78115e-01 6.13484e-01 2.84269e-01 7.35736e-01 7.35736e-01 8.04396e-01 1.13884e+00 -4.28806e+00
2.80020e-01 6.13484e-01 2.84269e-01 7.35736e-01 7.35736e-01 8.04396e-01 1.13884e+00 -4.28806e+00
2.81925e-01 6.13484e-01 2.84269e-01 7.35736e-01 7.35736e-01 8.04396e-01 1.13884e+00 -4.28806e+00
2.83830e-01 6.13484e-01 2.84269e-01 7.35736e-01 7.35736e-01 8.04396e-01 1.13884e+00 -4.28806e+00
2.85735e-01 6.13484e-01 2.84269e-01 7.35736e-01 7.35736e-01 8.04396e-01 1.13884e+00 -4.28806e+00
2.87640e-01 6.13484e-01 2.84269e-01 7.35736e-01 7.35736e-01 8.04396e-01 1.13884e+00 -4.28806e+00
2.89545e-01 6.13484e-01 2.84269e-01 7.35736e-01 7.35736e-01 8.04396e-01 1.13884e+00 -4.28806e+00
2.91450e-01 6.13484e-01 2.84269e-01 7.35736e-01 7.35736e-01 8.04396e-01 1.13884e+00 -4.28806e+00
2.93355e-01 6.13484e-01 2.84269e-01 7.35736e-01 7.35736e-01 8.04396e-01 1.13884e+00 -4.28806e+00
2.95259e-01 6.13484e-01 2.84269e-01 7.35736e-01 7.35736e-01 8.04396e-01 1.13884e+00 -4.28806e+00
2.97164e-01 6.13484e-01 2.84269e-01 7.35736e-01 7.35736e-01 8.04396e-01 1.13884e+00 -4.28806e+00
2.99069e-01 6.13484e-01 2.84269e-01 7.35736e-01 7.35736e-01 8.04396e-01 1.13884e+00 -4.28806e+00
3.00974e-01 6.13484e-01 2.84269e-01 7.35736e-01 7.35736e-01 8.04396e-01 1.13884e+00 -4.28806e+00
3.02879e-01 6.13484e-01 2.84269e-01 7.35736e-01 7.35736e-01 8.04396e-01 1.13884e+00 -4.28806e+00
3.04784e-01 6.13484e-01 2.84269e-01 7.35736e-01 7.35736e-01 8.04396e-01 1.13884e+00 -4.28806e+00
3.06689e-01 6.13484e-01 2.84269e-01 7.35736e-01 7.35736e-01 8.04396e-01 1.13884e+00 -4.28806e+00
3.08594e-01 6.13484e-01 2.84269e-01 7.35736e-01 7.35736e-01 8.04396e-01 1.13884e+00 -4.28806e+00
3.10499e-01 6.13484e-01 2.84269e-01 7.35736e-01 7.35736e-01 8.04396e-01 1.13884e+00 -4.28806e+00
3.12404e-01 6.13484e-01 2.84269e-01 7.35736e-01 7.35736e-01 8.04396e-01 1.13884e+00 -4.28806e+00
3.14308e-01 6.13484e-01 2.84269e-01 7.35736e-01 7.35736e-01 8.04396e-01 1.13884e+00 -4.28806e+00
3.16213e-01 6.13484e-01 2.84269e-01 7.35736e-01 7.35736e-01 8.04396e-01 1.13884e+00 -4.28806e+00
3.18118e-01 6.13484e-01 2.84269e-01 7.35736e-01 7.35736e-01 8.04396e-01 1.13884e+00 -4.28806e+00
3.20023e-01 6.13484e-01 2.84269e-01 7.35736e-01 7.35736e-01 8.04396e-01 1.13884e+00 -4.28806e+00
3.21928e-01 6.13484e-01 2.84269e-01 7.35736e-01 7.35736e-01 8.04396e-01 1.13884e+00 -4.28806e+00
3.23833e-01 6.13484e-01 2.84269e-01 7.35736e-01 7.35736e-01 8.04396e-01 1.13884e+00 -4.28806e+00
3.25738e-01 6.13484e-01 2.84269e-01 7.35736e-01 7.35736e-01 8.04396e-01 1.13884e+00 -4.28806e+00
3.27643e-01 6.13484e-01 2.84269e-01 7.35736e-01 7.35736e-01 8.04396e-01 1.13884e+00 -4.28806e+00
3.29548e-01 6.13484e-01 2.84269e-01 7.35736e-01 7.35736e-01 8.04396e-01 1.13884e+00 -4.28806e+00
3.31453e-01 6.13484e-01 2.84269e-01 7.35736e-01 7.35736e-01 8.04396e-01 1.13884e+00 -4.28806e+00
3.33357e-01 6.13484e-01 2.84269e-01 7.35736e-01 7.35736e-01 8.04396e-01 1.13884e+00 -4.28806e+00
3.35262e-01 6.13484e-01 2.84269e-01 7.35736e-01 7.35736e-01 8.04396e-01 1.13884e+00 -4.28806e+00
3.37167e-01 6.13484e-01 2.84269e-01 7.35736e-01 7.35736e-01 8.04396e-01 1.13884e+00 -4.28806e+00
3.39072e-01 6.13484e-01 2.84269e-01 7.35736e-01 7.35736e-01 8.04396e-01 1.13884e+00 -4.28806e+00
3.40977e-01 6.13484e-01 2.84269e-01 7.35736e-01 7.35736e-01 8.04396e-01 1.13884e+00 -4.28806e+00
3.42882e-01 6.13484e-01 2.84269e-01 7.35736e-01 7.35736e-01 8.04396e-01 1.13884e+00 -4.28806e+00
3.44787e-01 6.13484e-01 2.84269e-01 7.35736e-01 7.35736e-01 8.04396e-01 1.13884e+00 -4.28806e+00
3.46692e-01 6.13484e-01 2.84269e-01 7.35736e-01 7.35736e-01 8.04396e-01 1.13884e+00 -4.28806e+00
3.48597e-01 6.13484e-01 2.84269e-01 7.35736e-01 7.35736e-01 8.04396e-01 1.13884e+00 -4.28806e+00
3.50502e-01 6.13484e-01 2.84269e-01 7.35736e-01 7.35736e-01 8.04396e-01 1.13884e+00 -4.28806e+00
3.52406e-01 6.13484e-01 2.84269e-01 7.35736e-01 7.35736e-01 8.04396e-01 1.13884e+00 -4.28806e+00
3.54311e-01 6.13484e-01 2.84269e-01 7.35736e-01 7.35736e-01 8.04396e-01 1.13884e+00 -4.28806e+00
3.56216e-01 6.13484e-01 2.84269e-01 7.35736e-01 7.35736e-01 8.04396e-01 1.13884e+00 -4.28806e+00
3.58121e-01 6.13484e-01 2.84269e-01 7.35736e-01 7.35736e-01 8.04396e-01 1.13884e+00 -4.28806e+00
3.60026e-01 6.13484e-01 2.84269e-01 7.35736e-01 7.35736e-01 8.04396e-01 1.13884e+00 -4.28806e+00
3.61931e-01 6.13484e-01 2.84269e-01 7.35736e-01 7.35736e-01 8.04396e-01 1.13884e+00 -4.28806e+00
3.63836e-01 6.13484e-01 2.84269e-01 7.35736e-01 7.35736e-01 8.04396e-01 1.13884e+00 -4.28806e+00
3.65741e-01 6.13484e-01 2.84269e-01 7.35736e-01 7.35736e-01 8.04396e-01 1.13884e+00 -4.28806e+00
3.67646e-01 6.13484e-01 2.84269e-01 7.35736e-01 7.35736e-01 8.04396e-01 1.13884e+00 -4.28806e+00
3.69551e-01 6.13484e-01 2.84269e-01 7.35736e-01 7.35736e-01 8.04396e-01 1.13884e+00 -4.28806e+00
3.71455e-01 6.13484e-01 2.84269e-01 7.35736e-01 7.35736e-01 8.04396e-01 1.13884e+00 -4.28806e+00
3.73360e-01 6.13484e-01 2.84269e-01 7.35736e-01 7.35736e-01 8.04396e-01 1.13884e+00 -4.28806e+00
3.75265e-01 6.13484e-01 2.84269e-01 7.35736e-01 7.35736e-01 8.04396e-01 1.13884e+00 -4.28806e+00
3.77170e-01 6.13484e-01 2.84269e-01 7.35736e-01 7.35736e-01 8.04396e-01 1.13884e+00 -4.28806e+00
3.79075e-01 6.13484e-01 2.84269e-01 7.35736e-01 7.35736e-01 8.04396e-01 1.13884e+00 -4.28806e+00
