# x AR CA ca co phi u v
0.00000e+00 6.00000e-01 3.00000e-01 4.99135e-01 4.99135e-01 8.00000e-01 1.00000e+00 -4.28317e+00
1.90490e-03 6.00990e-01 2.98845e-01 5.09685e-01 5.07223e-01 8.00330e-01 1.01028e+00 -4.28355e+00
3.80980e-03 6.00984e-01 2.98852e-01 5.14285e-01 5.12138e-01 8.00327e-01 1.01019e+00 -4.28355e+00
5.71470e-03 6.00981e-01 2.98855e-01 5.16004e-01 5.14464e-01 8.00326e-01 1.01016e+00 -4.28355e+00
7.61960e-03 6.00980e-01 2.98857e-01 5.16562e-01 5.15865e-01 8.00326e-01 1.01015e+00 -4.28355e+00
9.52450e-03 6.00980e-01 2.98857e-01 5.16720e-01 5.16377e-01 8.00326e-01 1.01014e+00 -4.28355e+00
1.14294e-02 6.00980e-01 2.98857e-01 5.16758e-01 5.16602e-01 8.00326e-01 1.01014e+00 -4.28355e+00
1.33343e-02 6.00979e-01 2.98857e-01 5.16767e-01 5.16746e-01 8.00326e-01 1.01014e+00 -4.28355e+00
1.52392e-02 6.00979e-01 2.98857e-01 5.16768e-01 5.16742e-01 8.00326e-01 1.01014e+00 -4.28355e+00
1.71441e-02 6.00979e-01 2.98857e-01 5.16768e-01 5.16747e-01 8.00326e-01 1.01014e+00 -4.28355e+00
1.90490e-02 6.00979e-01 2.98857e-01 5.16768e-01 5.16916e-01 8.00326e-01 1.01014e+00 -4.28355e+00
2.09539e-02 6.00979e-01 2.98857e-01 5.16767e-01 5.16462e-01 8.00326e-01 1.01014e+00 -4.28355e+00
2.28588e-02 6.00979e-01 2.98857e-01 5.16778e-01 5.18083e-01 8.00326e-01 1.01014e+00 -4.28355e+00
2.47637e-02 6.00979e-01 2.98858e-01 5.16800e-01 5.15768e-01 8.00326e-01 1.01014e+00 -4.28355e+00
2.66686e-02 6.00979e-01 2.98858e-01 5.17002e-01 5.22234e-01 8.00326e-01 1.01013e+00 -4.28355e+00
2.85735e-02 6.00976e-01 2.98862e-01 5.17778e-01 5.20502e-01 8.00325e-01 1.01010e+00 -4.28355e+00
3.04784e-02 6.00970e-01 2.98869e-01 5.20866e-01 5.33945e-01 8.00323e-01 1.01004e+00 -4.28355e+00
3.23833e-02 6.00951e-01 2.98891e-01 5.30777e-01 5.51495e-01 8.00316e-01 1.00984e+00 -4.28354e+00
3.42882e-02 6.00901e-01 2.98949e-01 5.58356e-01 5.80084e-01 8.00300e-01 1.00934e+00 -4.28352e+00
3.61931e-02 6.00779e-01 2.99091e-01 6.23407e-01 6.46367e-01 8.00349e-01 1.01086e+00 -4.28358e+00
3.80980e-02 5.86870e-01 3.09624e-01 7.46345e-01 7.19139e-01 8.06795e-01 1.21652e+00 -4.29053e+00
4.00029e-02 5.87860e-01 3.08915e-01 7.97213e-01 7.73173e-01 8.06247e-01 1.19867e+00 -4.28998e+00
4.19078e-02 5.88218e-01 3.08656e-01 8.14434e-01 7.99233e-01 8.06061e-01 1.19263e+00 -4.28979e+00
4.38127e-02 5.88351e-01 3.08560e-01 8.18494e-01 8.03007e-01 8.05993e-01 1.19042e+00 -4.28972e+00
4.57176e-02 5.88375e-01 3.08543e-01 8.20235e-01 8.22359e-01 8.05981e-01 1.19002e+00 -4.28971e+00
4.76225e-02 5.88403e-01 3.08522e-01 8.19461e-01 8.12200e-01 8.05966e-01 1.18954e+00 -4.28969e+00
4.95274e-02 5.88397e-01 3.08526e-01 8.19928e-01 8.22560e-01 8.05970e-01 1.18964e+00 -4.28970e+00
5.14323e-02 5.88404e-01 3.08521e-01 8.19608e-01 8.17798e-01 8.05966e-01 1.18953e+00 -4.28969e+00
5.33372e-02 5.88402e-01 3.08523e-01 8.19703e-01 8.20229e-01 8.05967e-01 1.18956e+00 -4.28969e+00
5.52421e-02 5.88403e-01 3.08522e-01 8.19664e-01 8.19469e-01 8.05967e-01 1.18955e+00 -4.28969e+00
5.71470e-02 5.88403e-01 3.08522e-01 8.19671e-01 8.19708e-01 8.05967e-01 1.18955e+00 -4.28969e+00
5.90519e-02 5.88403e-01 3.08522e-01 8.19669e-01 8.19661e-01 8.05967e-01 1.18955e+00 -4.28969e+00
6.09568e-02 5.88403e-01 3.08522e-01 8.19670e-01 8.19670e-01 8.05967e-01 1.18955e+00 -4.28969e+00
6.28617e-02 5.88403e-01 3.08522e-01 8.19670e-01 8.19669e-01 8.05967e-01 1.18955e+00 -4.28969e+00
6.47666e-02 5.88403e-01 3.08522e-01 8.19670e-01 8.19670e-01 8.05967e-01 1.18955e+00 -4.28969e+00
6.66715e-02 5.88403e-01 3.08522e-01 8.19670e-01 8.19670e-01 8.05967e-01 1.18955e+00 -4.28969e+00
6.85764e-02 5.88403e-01 3.08522e-01 8.19670e-01 8.19670e-01 8.05967e-01 1.18955e+00 -4.28969e+00
7.04813e-02 5.88403e-01 3.08522e-01 8.19670e-01 8.19670e-01 8.05967e-01 1.18955e+00 -4.28969e+00
7.23862e-02 5.88403e-01 3.08522e-01 8.19670e-01 8.19670e-01 8.05967e-01 1.18955e+00 -4.28969e+00
7.42911e-02 5.88403e-01 3.08522e-01 8.19670e-01 8.19670e-01 8.05967e-01 1.18955e+00 -4.28969e+00
7.61960e-02 5.88403e-01 3.08522e-01 8.19670e-01 8.19670e-01 8.05967e-01 1.18955e+00 -4.28969e+00
7.81009e-02 5.88403e-01 3.08522e-01 8.19670e-01 8.19670e-01 8.05967e-01 1.18955e+00 -4.28969e+00
8.00058e-02 5.88403e-01 3.08522e-01 8.19670e-01 8.19670e-01 8.05967e-01 1.18955e+00 -4.28969e+00
8.19107e-02 5.88403e-01 3.08522e-01 8.19670e-01 8.19670e-01 8.05967e-01 1.18955e+00 -4.28969e+00
8.38156e-02 5.88403e-01 3.08522e-01 8.19670e-01 8.19670e-01 8.05967e-01 1.18955e+00 -4.28969e+00
8.57205e-02 5.88403e-01 3.08522e-01 8.19670e-01 8.19670e-01 8.05967e-01 1.18955e+00 -4.28969e+00
8.76254e-02 5.88403e-01 3.08522e-01 8.19670e-01 8.19669e-01 8.05967e-01 1.18955e+00 -4.28969e+00
8.95303e-02 5.88403e-01 3.08522e-01 8.19670e-01 8.19670e-01 8.05967e-01 1.18955e+00 -4.28969e+00
9.14352e-02 5.88403e-01 3.08522e-01 8.19669e-01 8.19660e-01 8.05967e-01 1.18955e+00 -4.28969e+00
9.33401e-02 5.88403e-01 3.08522e-01 8.19671e-01 8.19710e-01 8.05967e-01 1.18955e+00 -4.28969e+00
9.52450e-02 5.88403e-01 3.08522e-01 8.19664e-01 8.19457e-01 8.05967e-01 1.18955e+00 -4.28969e+00
9.71499e-02 5.88402e-01 3.08523e-01 8.19705e-01 8.20257e-01 8.05967e-01 1.18956e+00 -4.28969e+00
9.90548e-02 5.88404e-01 3.08521e-01 8.19605e-01 8.17713e-01 8.05966e-01 1.18953e+00 -4.28969e+00
1.00960e-01 5.88397e-01 3.08526e-01 8.19938e-01 8.22671e-01 8.05970e-01 1.18965e+00 -4.28970e+00
1.02865e-01 5.88403e-01 3.08522e-01 8.19450e-01 8.11949e-01 8.05967e-01 1.18955e+00 -4.28969e+00
1.04769e-01 5.88374e-01 3.08543e-01 8.20232e-01 8.22412e-01 8.05982e-01 1.19004e+00 -4.28971e+00
1.06674e-01 5.88349e-01 3.08561e-01 8.18400e-01 8.02614e-01 8.05995e-01 1.19047e+00 -4.28972e+00
1.08579e-01 5.88215e-01 3.08659e-01 8.14135e-01 7.98801e-01 8.06066e-01 1.19277e+00 -4.28979e+00
1.10484e-01 5.87852e-01 3.08921e-01 7.96434e-01 7.72445e-01 8.06259e-01 1.19904e+00 -4.28999e+00
1.12389e-01 5.86807e-01 3.09671e-01 7.44854e-01 7.18082e-01 8.06718e-01 1.21401e+00 -4.29045e+00
1.14294e-01 6.00743e-01 2.99117e-01 6.21588e-01 6.45097e-01 8.00256e-01 1.00798e+00 -4.28347e+00
1.16199e-01 6.00902e-01 2.98948e-01 5.57190e-01 5.79098e-01 8.00300e-01 1.00934e+00 -4.28352e+00
1.18104e-01 6.00951e-01 2.98890e-01 5.30230e-01 5.50784e-01 8.00317e-01 1.00985e+00 -4.28354e+00
1.20009e-01 6.00970e-01 2.98868e-01 5.20660e-01 5.33519e-01 8.00323e-01 1.01004e+00 -4.28355e+00
1.21914e-01 6.00976e-01 2.98862e-01 5.17715e-01 5.20369e-01 8.00325e-01 1.01010e+00 -4.28355e+00
1.23818e-01 6.00979e-01 2.98858e-01 5.16985e-01 5.22051e-01 8.00326e-01 1.01013e+00 -4.28355e+00
1.25723e-01 6.00979e-01 2.98858e-01 5.16797e-01 5.15801e-01 8.00326e-01 1.01014e+00 -4.28355e+00
1.27628e-01 6.00979e-01 2.98857e-01 5.16777e-01 5.18025e-01 8.00326e-01 1.01014e+00 -4.28355e+00
1.29533e-01 6.00979e-01 2.98857e-01 5.16767e-01 5.16476e-01 8.00326e-01 1.01014e+00 -4.28355e+00
1.31438e-01 6.00979e-01 2.98857e-01 5.16768e-01 5.16912e-01 8.00326e-01 1.01014e+00 -4.28355e+00
1.33343e-01 6.00979e-01 2.98857e-01 5.16768e-01 5.16745e-01 8.00326e-01 1.01014e+00 -4.28355e+00
1.35248e-01 6.00979e-01 2.98857e-01 5.16768e-01 5.16775e-01 8.00326e-01 1.01014e+00 -4.28355e+00
1.37153e-01 6.00979e-01 2.98857e-01 5.16768e-01 5.16768e-01 8.00326e-01 1.01014e+00 -4.28355e+00
1.39058e-01 6.00979e-01 2.98857e-01 5.16768e-01 5.16768e-01 8.00326e-01 1.01014e+00 -4.28355e+00
1.40963e-01 6.00979e-01 2.98857e-01 5.16768e-01 5.16768e-01 8.00326e-01 1.01014e+00 -4.28355e+00
1.42867e-01 6.00979e-01 2.98857e-01 5.16768e-01 5.16768e-01 8.00326e-01 1.01014e+00 -4.28355e+00
1.44772e-01 6.00979e-01 2.98857e-01 5.16768e-01 5.16768e-01 8.00326e-01 1.01014e+00 -4.28355e+00
1.46677e-01 6.00979e-01 2.98857e-01 5.16768e-01 5.16768e-01 8.00326e-01 1.01014e+00 -4.28355e+00
1.48582e-01 6.00979e-01 2.98857e-01 5.16768e-01 5.16768e-01 8.00326e-01 1.01014e+00 -4.28355e+00
1.50487e-01 6.00979e-01 2.98857e-01 5.16768e-01 5.16768e-01 8.00326e-01 1.01014e+00 -4.28355e+00
1.52392e-01 6.00979e-01 2.98857e-01 5.16768e-01 5.16768e-01 8.00326e-01 1.01014e+00 -4.28355e+00
1.54297e-01 6.00979e-01 2.98857e-01 5.16768e-01 5.16768e-01 8.00326e-01 1.01014e+00 -4.28355e+00
1.56202e-01 6.00979e-01 2.98857e-01 5.16768e-01 5.16768e-01 8.00326e-01 1.01014e+00 -4.28355e+00
1.58107e-01 6.00979e-01 2.98857e-01 5.16768e-01 5.16768e-01 8.00326e-01 1.01014e+00 -4.28355e+00
1.60012e-01 6.00979e-01 2.98857e-01 5.16768e-01 5.16768e-01 8.00326e-01 1.01014e+00 -4.28355e+00
1.61916e-01 6.00979e-01 2.98857e-01 5.16768e-01 5.16768e-01 8.00326e-01 1.01014e+00 -4.28355e+00
1.63821e-01 6.00979e-01 2.98857e-01 5.16768e-01 5.16768e-01 8.00326e-01 1.01014e+00 -4.28355e+00
1.65726e-01 6.00979e-01 2.98857e-01 5.16768e-01 5.16768e-01 8.00326e-01 1.01014e+00 -4.28355e+00
1.67631e-01 6.00979e-01 2.98857e-01 5.16768e-01 5.16768e-01 8.00326e-01 1.01014e+00 -4.28355e+00
1.69536e-01 6.00979e-01 2.98857e-01 5.16768e-01 5.16768e-01 8.00326e-01 1.01014e+00 -4.28355e+00
1.71441e-01 6.00979e-01 2.98857e-01 5.16768e-01 5.16768e-01 8.00326e-01 1.01014e+00 -4.28355e+00
1.73346e-01 6.00979e-01 2.98857e-01 5.16768e-01 5.16768e-01 8.00326e-01 1.01014e+00 -4.28355e+00
1.75251e-01 6.00979e-01 2.98857e-01 5.16768e-01 5.16768e-01 8.00326e-01 1.01014e+00 -4.28355e+00
1.77156e-01 6.00979e-01 2.98857e-01 5.16768e-01 5.16768e-01 8.00326e-01 1.01014e+00 -4.28355e+00
1.79061e-01 6.00979e-01 2.98857e-01 5.16768e-01 5.16768e-01 8.00326e-01 1.01014e+00 -4.28355e+00
1.80965e-01 6.00979e-01 2.98857e-01 5.16768e-01 5.16768e-01 8.00326e-01 1.01014e+00 -4.28355e+00
1.82870e-01 6.00979e-01 2.98857e-01 5.16768e-01 5.16768e-01 8.00326e-01 1.01014e+00 -4.28355e+00
1.84775e-01 6.00979e-01 2.98857e-01 5.16768e-01 5.16768e-01 8.00326e-01 1.01014e+00 -4.28355e+00
1.86680e-01 6.00979e-01 2.98857e-01 5.16768e-01 5.16768e-01 8.00326e-01 1.01014e+00 -4.28355e+00
1.88585e-01 6.00979e-01 2.98857e-01 5.16768e-01 5.16768e-01 8.00326e-01 1.01014e+00 -4.28355e+00
1.90490e-01 6.00979e-01 2.98857e-01 5.16768e-01 5.16768e-01 8.00326e-01 1.01014e+00 -4.28355e+00
1.92395e-01 6.00979e-01 2.98857e-01 5.16768e-01 5.16768e-01 8.00326e-01 1.01014e+00 -4.28355e+00
1.94300e-01 6.00979e-01 2.98857e-01 5.16768e-01 5.16768e-01 8.00326e-01 1.01014e+00 -4.28355e+00
1.96205e-01 6.00979e-01 2.98857e-01 5.16768e-01 5.16768e-01 8.00326e-01 1.01014e+00 -4.28355e+00
1.98110e-01 6.00979e-01 2.98857e-01 5.16768e-01 5.16768e-01 8.00326e-01 1.01014e+00 -4.28355e+00
2.00014e-01 6.00979e-01 2.98857e-01 5.16768e-01 5.16768e-01 8.00326e-01 1.01014e+00 -4.28355e+00
2.01919e-01 6.00979e-01 2.98857e-01 5.16768e-01 5.16768e-01 8.00326e-01 1.01014e+00 -4.28355e+00
2.03824e-01 6.00979e-01 2.98857e-01 5.16768e-01 5.16768e-01 8.00326e-01 1.01014e+00 -4.28355e+00
2.05729e-01 6.00979e-01 2.98857e-01 5.16768e-01 5.16768e-01 8.00326e-01 1.01014e+00 -4.28355e+00
2.07634e-01 6.00979e-01 2.98857e-01 5.16768e-01 5.16768e-01 8.00326e-01 1.01014e+00 -4.28355e+00
2.09539e-01 6.00979e-01 2.98857e-01 5.16768e-01 5.16768e-01 8.00326e-01 1.01014e+00 -4.28355e+00
2.11444e-01 6.00979e-01 2.98857e-01 5.16768e-01 5.16768e-01 8.00326e-01 1.01014e+00 -4.28355e+00
2.13349e-01 6.00979e-01 2.98857e-01 5.16768e-01 5.16768e-01 8.00326e-01 1.01014e+00 -4.28355e+00
2.15254e-01 6.00979e-01 2.98857e-01 5.16768e-01 5.16768e-01 8.00326e-01 1.01014e+00 -4.28355e+00
2.17159e-01 6.00979e-01 2.98857e-01 5.16768e-01 5.16768e-01 8.00326e-01 1.01014e+00 -4.28355e+00
2.19063e-01 6.00979e-01 2.98857e-01 5.16768e-01 5.16768e-01 8.00326e-01 1.01014e+00 -4.28355e+00
2.20968e-01 6.00979e-01 2.98857e-01 5.16768e-01 5.16768e-01 8.00326e-01 1.01014e+00 -4.28355e+00
2.22873e-01 6.00979e-01 2.98857e-01 5.16768e-01 5.16768e-01 8.00326e-01 1.01014e+00 -4.28355e+00
2.24778e-01 6.00979e-01 2.98857e-01 5.16768e-01 5.16768e-01 8.00326e-01 1.01014e+00 -4.28355e+00
2.26683e-01 6.00979e-01 2.98857e-01 5.16768e-01 5.16768e-01 8.00326e-01 1.01014e+00 -4.28355e+00
2.28588e-01 6.00979e-01 2.98857e-01 5.16768e-01 5.16768e-01 8.00326e-01 1.01014e+00 -4.28355e+00
2.30493e-01 6.00979e-01 2.98857e-01 5.16768e-01 5.16768e-01 8.00326e-01 1.01014e+00 -4.28355e+00
2.32398e-01 6.00979e-01 2.98857e-01 5.16768e-01 5.16768e-01 8.00326e-01 1.01014e+00 -4.28355e+00
2.34303e-01 6.00979e-01 2.98857e-01 5.16768e-01 5.16768e-01 8.00326e-01 1.01014e+00 -4.28355e+00
2.36208e-01 6.00979e-01 2.98857e-01 5.16768e-01 5.16768e-01 8.00326e-01 1.01014e+00 -4.28355e+00
2.38112e-01 6.00979e-01 2.98857e-01 5.16768e-01 5.16768e-01 8.00326e-01 1.01014e+00 -4.28355e+00
2.40017e-01 6.00979e-01 2.98857e-01 5.16768e-01 5.16768e-01 8.00326e-01 1.01014e+00 -4.28355e+00
2.41922e-01 6.00979e-01 2.98857e-01 5.16768e-01 5.16768e-01 8.00326e-01 1.01014e+00 -4.28355e+00
2.43827e-01 6.00979e-01 2.98857e-01 5.16768e-01 5.16768e-01 8.00326e-01 1.01014e+00 -4.28355e+00
2.45732e-01 6.00979e-01 2.98857e-01 5.16768e-01 5.16768e-01 8.00326e-01 1.01014e+00 -4.28355e+00
2.47637e-01 6.00979e-01 2.98857e-01 5.16768e-01 5.16768e-01 8.00326e-01 1.01014e+00 -4.28355e+00
2.49542e-01 6.00979e-01 2.98857e-01 5.16768e-01 5.16768e-01 8.00326e-01 1.01014e+00 -4.28355e+00
2.51447e-01 6.00979e-01 2.98857e-01 5.16768e-01 5.16768e-01 8.00326e-01 1.01014e+00 -4.28355e+00
2.53352e-01 6.00979e-01 2.98857e-01 5.16768e-01 5.16768e-01 8.00326e-01 1.01014e+00 -4.28355e+00
2.55257e-01 6.00979e-01 2.98857e-01 5.16768e-01 5.16768e-01 8.00326e-01 1.01014e+00 -4.28355e+00
2.57161e-01 6.00979e-01 2.98857e-01 5.16768e-01 5.16768e-01 8.00326e-01 1.01014e+00 -4.28355e+00
2.59066e-01 6.00979e-01 2.98857e-01 5.16768e-01 5.16768e-01 8.00326e-01 1.01014e+00 -4.28355e+00
2.60971e-01 6.00979e-01 2.98857e-01 5.16768e-01 5.16768e-01 8.00326e-01 1.01014e+00 -4.28355e+00
2.62876e-01 6.00979e-01 2.98857e-01 5.16768e-01 5.16768e-01 8.00326e-01 1.01014e+00 -4.28355e+00
2.64781e-01 6.00979e-01 2.98857e-01 5.16768e-01 5.16768e-01 8.00326e-01 1.01014e+00 -4.28355e+00
2.66686e-01 6.00979e-01 2.98857e-01 5.16768e-01 5.16768e-01 8.00326e-01 1.01014e+00 -4.28355e+00
2.68591e-01 6.00979e-01 2.98857e-01 5.16768e-01 5.16768e-01 8.00326e-01 1.01014e+00 -4.28355e+00
2.70496e-01 6.00979e-01 2.98857e-01 5.16768e-01 5.16768e-01 8.00326e-01 1.01014e+00 -4.28355e+00
2.72401e-01 6.00979e-01 2.98857e-01 5.16768e-01 5.16768e-01 8.00326e-01 1.01014e+00 -4.28355e+00
2.74306e-01 6.00979e-01 2.98857e-01 5.16768e-01 5.16768e-01 8.00326e-01 1.01014e+00 -4.28355e+00
2.76210e-01 6.00979e-01 2.98857e-01 5.16768e-01 5.16768e-01 8.00326e-01 1.01014e+00 -4.28355e+00
2.78115e-01 6.00979e-01 2.98857e-01 5.16768e-01 5.16768e-01 8.00326e-01 1.01014e+00 -4.28355e+00
2.80020e-01 6.00979e-01 2.98857e-01 5.16768e-01 5.16768e-01 8.00326e-01 1.01014e+00 -4.28355e+00
2.81925e-01 6.00979e-01 2.98857e-01 5.16768e-01 5.16768e-01 8.00326e-01 1.01014e+00 -4.28355e+00
2.83830e-01 6.00979e-01 2.98857e-01 5.16768e-01 5.16768e-01 8.00326e-01 1.01014e+00 -4.28355e+00
2.85735e-01 6.00979e-01 2.98857e-01 5.16768e-01 5.16768e-01 8.00326e-01 1.01014e+00 -4.28355e+00
2.87640e-01 6.00979e-01 2.98857e-01 5.16768e-01 5.16768e-01 8.00326e-01 1.01014e+00 -4.28355e+00
2.89545e-01 6.00979e-01 2.98857e-01 5.16768e-01 5.16768e-01 8.00326e-01 1.01014e+00 -4.28355e+00
2.91450e-01 6.00979e-01 2.98857e-01 5.16768e-01 5.16768e-01 8.00326e-01 1.01014e+00 -4.28355e+00
2.93355e-01 6.00979e-01 2.98857e-01 5.16768e-01 5.16768e-01 8.00326e-01 1.01014e+00 -4.28355e+00
2.95259e-01 6.00979e-01 2.98857e-01 5.16768e-01 5.16768e-01 8.00326e-01 1.01014e+00 -4.28355e+00
2.97164e-01 6.00979e-01 2.98857e-01 5.16768e-01 5.16768e-01 8.00326e-01 1.01014e+00 -4.28355e+00
2.99069e-01 6.00979e-01 2.98857e-01 5.16768e-01 5.16768e-01 8.00326e-01 1.01014e+00 -4.28355e+00
3.00974e-01 6.00979e-01 2.98857e-01 5.16768e-01 5.16768e-01 8.00326e-01 1.01014e+00 -4.28355e+00
3.02879e-01 6.00979e-01 2.98857e-01 5.16768e-01 5.16768e-01 8.00326e-01 1.01014e+00 -4.28355e+00
3.04784e-01 6.00979e-01 2.98857e-01 5.16768e-01 5.16768e-01 8.00326e-01 1.01014e+00 -4.28355e+00
3.06689e-01 6.00979e-01 2.98857e-01 5.16768e-01 5.16768e-01 8.00326e-01 1.01014e+00 -4.28355e+00
3.08594e-01 6.00979e-01 2.98857e-01 5.16768e-01 5.16768e-01 8.00326e-01 1.01014e+00 -4.28355e+00
3.10499e-01 6.00979e-01 2.98857e-01 5.16768e-01 5.16768e-01 8.00326e-01 1.01014e+00 -4.28355e+00
3.12404e-01 6.00979e-01 2.98857e-01 5.16768e-01 5.16768e-01 8.00326e-01 1.01014e+00 -4.28355e+00
3.14308e-01 6.00979e-01 2.98857e-01 5.16768e-01 5.16768e-01 8.00326e-01 1.01014e+00 -4.28355e+00
3.16213e-01 6.00979e-01 2.98857e-01 5.16768e-01 5.16768e-01 8.00326e-01 1.01014e+00 -4.28355e+00
3.18118e-01 6.00979e-01 2.98857e-01 5.16768e-01 5.16768e-01 8.00326e-01 1.01014e+00 -4.28355e+00
3.20023e-01 6.00979e-01 2.98857e-01 5.16768e-01 5.16768e-01 8.00326e-01 1.01014e+00 -4.28355e+00
3.21928e-01 6.00979e-01 2.98857e-01 5.16768e-01 5.16768e-01 8.00326e-01 1.01014e+00 -4.28355e+00
3.23833e-01 6.00979e-01 2.98857e-01 5.16768e-01 5.16768e-01 8.00326e-01 1.01014e+00 -4.28355e+00
3.25738e-01 6.00979e-01 2.98857e-01 5.16768e-01 5.16768e-01 8.00326e-01 1.01014e+00 -4.28355e+00
3.27643e-01 6.00979e-01 2.98857e-01 5.16768e-01 5.16768e-01 8.00326e-01 1.01014e+00 -4.28355e+00
3.29548e-01 6.00979e-01 2.98857e-01 5.16768e-01 5.16768e-01 8.00326e-01 1.01014e+00 -4.28355e+00
3.31453e-01 6.00979e-01 2.98857e-01 5.16768e-01 5.16768e-01 8.00326e-01 1.01014e+00 -4.28355e+00
3.33357e-01 6.00979e-01 2.98857e-01 5.16768e-01 5.16768e-01 8.00326e-01 1.01014e+00 -4.28355e+00
3.35262e-01 6.00979e-01 2.98857e-01 5.16768e-01 5.16768e-01 8.00326e-01 1.01014e+00 -4.28355e+00
3.37167e-01 6.00979e-01 2.98857e-01 5.16768e-01 5.16768e-01 8.00326e-01 1.01014e+00 -4.28355e+00
3.39072e-01 6.00979e-01 2.98857e-01 5.16768e-01 5.16768e-01 8.00326e-01 1.01014e+00 -4.28355e+00
3.40977e-01 6.00979e-01 2.98857e-01 5.16768e-01 5.16768e-01 8.00326e-01 1.01014e+00 -4.28355e+00
3.42882e-01 6.00979e-01 2.98857e-01 5.16768e-01 5.16768e-01 8.00326e-01 1.01014e+00 -4.28355e+00
3.44787e-01 6.00979e-01 2.98857e-01 5.16768e-01 5.16768e-01 8.00326e-01 1.01014e+00 -4.28355e+00
3.46692e-01 6.00979e-01 2.98857e-01 5.16768e-01 5.16768e-01 8.00326e-01 1.01014e+00 -4.28355e+00
3.48597e-01 6.00979e-01 2.98857e-01 5.16768e-01 5.16768e-01 8.00326e-01 1.01014e+00 -4.28355e+00
3.50502e-01 6.00979e-01 2.98857e-01 5.16768e-01 5.16768e-01 8.00326e-01 1.01014e+00 -4.28355e+00
3.52406e-01 6.00979e-01 2.98857e-01 5.16768e-01 5.16768e-01 8.00326e-01 1.01014e+00 -4.28355e+00
3.54311e-01 6.00979e-01 2.98857e-01 5.16768e-01 5.16768e-01 8.00326e-01 1.01014e+00 -4.28355e+00
3.56216e-01 6.00979e-01 2.98857e-01 5.16768e-01 5.16768e-01 8.00326e-01 1.01014e+00 -4.28355e+00
3.58121e-01 6.00979e-01 2.98857e-01 5.16768e-01 5.16768e-01 8.00326e-01 1.01014e+00 -4.28355e+00
3.60026e-01 6.00979e-01 2.98857e-01 5.16768e-01 5.16768e-01 8.00326e-01 1.01014e+00 -4.28355e+00
3.61931e-01 6.00979e-01 2.98857e-01 5.16768e-01 5.16768e-01 8.00326e-01 1.01014e+00 -4.28355e+00
3.63836e-01 6.00979e-01 2.98857e-01 5.16768e-01 5.16768e-01 8.00326e-01 1.01014e+00 -4.28355e+00
3.65741e-01 6.00979e-01 2.98857e-01 5.16768e-01 5.16768e-01 8.00326e-01 1.01014e+00 -4.28355e+00
3.67646e-01 6.00979e-01 2.98857e-01 5.16768e-01 5.16768e-01 8.00326e-01 1.01014e+00 -4.28355e+00
3.69551e-01 6.00979e-01 2.98857e-01 5.16768e-01 5.16768e-01 8.00326e-01 1.01014e+00 -4.28355e+00
3.71455e-01 6.00979e-01 2.98857e-01 5.16768e-01 5.16768e-01 8.00326e-01 1.01014e+00 -4.28355e+00
3.73360e-01 6.00979e-01 2.98857e-01 5.16768e-01 5.16768e-01 8.00326e-01 1.01014e+00 -4.28355e+00
3.75265e-01 6.00979e-01 2.98857e-01 5.16768e-01 5.16768e-01 8.00326e-01 1.01014e+00 -4.28355e+00
3.77170e-01 6.00979e-01 2.98857e-01 5.16768e-01 5.16768e-01 8.00326e-01 1.01014e+00 -4.28355e+00
3.79075e-01 6.00979e-01 2.98857e-01 5.16768e-01 5.16768e-01 8.00326e-01 1.01014e+00 -4.28355e+00
