# x AR CA ca co phi u v
0.00000e+00 6.00000e-01 3.00000e-01 4.99135e-01 4.99135e-01 8.00000e-01 1.00000e+00 -4.28317e+00
1.90490e-03 6.00606e-01 2.99293e-01 5.06645e-01 5.05039e-01 8.00202e-01 1.00629e+00 -4.28341e+00
3.80980e-03 6.00604e-01 2.99295e-01 5.09131e-01 5.08197e-01 8.00201e-01 1.00626e+00 -4.28340e+00
5.71470e-03 6.00604e-01 2.99296e-01 5.09809e-01 5.09249e-01 8.00201e-01 1.00625e+00 -4.28340e+00
7.61960e-03 6.00603e-01 2.99296e-01 5.09973e-01 5.09733e-01 8.00201e-01 1.00625e+00 -4.28340e+00
9.52450e-03 6.00603e-01 2.99296e-01 5.10001e-01 5.09976e-01 8.00201e-01 1.00625e+00 -4.28340e+00
1.14294e-02 6.00603e-01 2.99296e-01 5.10005e-01 5.09975e-01 8.00201e-01 1.00625e+00 -4.28340e+00
1.33343e-02 6.00603e-01 2.99296e-01 5.10006e-01 5.10006e-01 8.00201e-01 1.00625e+00 -4.28340e+00
1.52392e-02 6.00603e-01 2.99296e-01 5.10006e-01 5.10005e-01 8.00201e-01 1.00625e+00 -4.28340e+00
1.71441e-02 6.00603e-01 2.99296e-01 5.10006e-01 5.10006e-01 8.00201e-01 1.00625e+00 -4.28340e+00
1.90490e-02 6.00603e-01 2.99296e-01 5.10006e-01 5.10006e-01 8.00201e-01 1.00625e+00 -4.28340e+00
2.09539e-02 6.00603e-01 2.99296e-01 5.10006e-01 5.10006e-01 8.00201e-01 1.00625e+00 -4.28340e+00
2.28588e-02 6.00603e-01 2.99296e-01 5.10006e-01 5.10033e-01 8.00201e-01 1.00625e+00 -4.28340e+00
2.47637e-02 6.00603e-01 2.99296e-01 5.10007e-01 5.09970e-01 8.00201e-01 1.00625e+00 -4.28340e+00
2.66686e-02 6.00603e-01 2.99296e-01 5.10022e-01 5.10936e-01 8.00201e-01 1.00625e+00 -4.28340e+00
2.85735e-02 6.00603e-01 2.99297e-01 5.10123e-01 5.09682e-01 8.00201e-01 1.00624e+00 -4.28340e+00
3.04784e-02 6.00602e-01 2.99297e-01 5.10780e-01 5.17752e-01 8.00201e-01 1.00624e+00 -4.28340e+00
3.23833e-02 6.00597e-01 2.99303e-01 5.14388e-01 5.21065e-01 8.00199e-01 1.00619e+00 -4.28340e+00
3.42882e-02 6.00582e-01 2.99321e-01 5.27259e-01 5.41414e-01 8.00194e-01 1.00603e+00 -4.28340e+00
3.61931e-02 6.00534e-01 2.99377e-01 5.71753e-01 5.93455e-01 8.00214e-01 1.00666e+00 -4.28342e+00
3.80980e-02 5.91117e-01 3.06495e-01 6.85853e-01 6.62762e-01 8.04673e-01 1.14773e+00 -4.28835e+00
4.00029e-02 5.91519e-01 3.06209e-01 7.22852e-01 7.07937e-01 8.04443e-01 1.14034e+00 -4.28811e+00
4.19078e-02 5.91635e-01 3.06126e-01 7.31672e-01 7.27344e-01 8.04380e-01 1.13834e+00 -4.28804e+00
4.38127e-02 5.91680e-01 3.06094e-01 7.32991e-01 7.25533e-01 8.04356e-01 1.13756e+00 -4.28802e+00
4.57176e-02 5.91679e-01 3.06094e-01 7.33618e-01 7.34624e-01 8.04356e-01 1.13756e+00 -4.28802e+00
4.76225e-02 5.91684e-01 3.06091e-01 7.33467e-01 7.32521e-01 8.04354e-01 1.13748e+00 -4.28802e+00
4.95274e-02 5.91684e-01 3.06091e-01 7.33491e-01 7.33551e-01 8.04354e-01 1.13749e+00 -4.28802e+00
5.14323e-02 5.91684e-01 3.06091e-01 7.33485e-01 7.33458e-01 8.04354e-01 1.13749e+00 -4.28802e+00
5.33372e-02 5.91684e-01 3.06091e-01 7.33485e-01 7.33485e-01 8.04354e-01 1.13749e+00 -4.28802e+00
5.52421e-02 5.91684e-01 3.06091e-01 7.33485e-01 7.33485e-01 8.04354e-01 1.13749e+00 -4.28802e+00
5.71470e-02 5.91684e-01 3.06091e-01 7.33485e-01 7.33485e-01 8.04354e-01 1.13749e+00 -4.28802e+00
5.90519e-02 5.91684e-01 3.06091e-01 7.33485e-01 7.33485e-01 8.04354e-01 1.13749e+00 -4.28802e+00
6.09568e-02 5.91684e-01 3.06091e-01 7.33485e-01 7.33485e-01 8.04354e-01 1.13749e+00 -4.28802e+00
6.28617e-02 5.91684e-01 3.06091e-01 7.33485e-01 7.33485e-01 8.04354e-01 1.13749e+00 -4.28802e+00
6.47666e-02 5.91684e-01 3.06091e-01 7.33485e-01 7.33485e-01 8.04354e-01 1.13749e+00 -4.28802e+00
6.66715e-02 5.91684e-01 3.06091e-01 7.33485e-01 7.33485e-01 8.04354e-01 1.13749e+00 -4.28802e+00
6.85764e-02 5.91684e-01 3.06091e-01 7.33485e-01 7.33485e-01 8.04354e-01 1.13749e+00 -4.28802e+00
7.04813e-02 5.91684e-01 3.06091e-01 7.33485e-01 7.33485e-01 8.04354e-01 1.13749e+00 -4.28802e+00
7.23862e-02 5.91684e-01 3.06091e-01 7.33485e-01 7.33485e-01 8.04354e-01 1.13749e+00 -4.28802e+00
7.42911e-02 5.91684e-01 3.06091e-01 7.33485e-01 7.33485e-01 8.04354e-01 1.13749e+00 -4.28802e+00
7.61960e-02 5.91684e-01 3.06091e-01 7.33485e-01 7.33485e-01 8.04354e-01 1.13749e+00 -4.28802e+00
7.81009e-02 5.91684e-01 3.06091e-01 7.33485e-01 7.33485e-01 8.04354e-01 1.13749e+00 -4.28802e+00
8.00058e-02 5.91684e-01 3.06091e-01 7.33485e-01 7.33485e-01 8.04354e-01 1.13749e+00 -4.28802e+00
8.19107e-02 5.91684e-01 3.06091e-01 7.33485e-01 7.33485e-01 8.04354e-01 1.13749e+00 -4.28802e+00
8.38156e-02 5.91684e-01 3.06091e-01 7.33485e-01 7.33485e-01 8.04354e-01 1.13749e+00 -4.28802e+00
8.57205e-02 5.91684e-01 3.06091e-01 7.33485e-01 7.33485e-01 8.04354e-01 1.13749e+00 -4.28802e+00
8.76254e-02 5.91684e-01 3.06091e-01 7.33485e-01 7.33485e-01 8.04354e-01 1.13749e+00 -4.28802e+00
8.95303e-02 5.91684e-01 3.06091e-01 7.33485e-01 7.33485e-01 8.04354e-01 1.13749e+00 -4.28802e+00
9.14352e-02 5.91684e-01 3.06091e-01 7.33485e-01 7.33485e-01 8.04354e-01 1.13749e+00 -4.28802e+00
9.33401e-02 5.91684e-01 3.06091e-01 7.33485e-01 7.33485e-01 8.04354e-01 1.13749e+00 -4.28802e+00
9.52450e-02 5.91684e-01 3.06091e-01 7.33485e-01 7.33485e-01 8.04354e-01 1.13749e+00 -4.28802e+00
9.71499e-02 5.91684e-01 3.06091e-01 7.33485e-01 7.33485e-01 8.04354e-01 1.13749e+00 -4.28802e+00
9.90548e-02 5.91684e-01 3.06091e-01 7.33485e-01 7.33457e-01 8.04354e-01 1.13749e+00 -4.28802e+00
1.00960e-01 5.91684e-01 3.06091e-01 7.33491e-01 7.33554e-01 8.04354e-01 1.13749e+00 -4.28802e+00
1.02865e-01 5.91684e-01 3.06091e-01 7.33466e-01 7.32488e-01 8.04354e-01 1.13748e+00 -4.28802e+00
1.04769e-01 5.91679e-01 3.06094e-01 7.33619e-01 7.34653e-01 8.04356e-01 1.13757e+00 -4.28802e+00
1.06674e-01 5.91680e-01 3.06094e-01 7.32965e-01 7.25352e-01 8.04356e-01 1.13756e+00 -4.28802e+00
1.08579e-01 5.91634e-01 3.06127e-01 7.31570e-01 7.27204e-01 8.04381e-01 1.13837e+00 -4.28805e+00
1.10484e-01 5.91517e-01 3.06211e-01 7.22518e-01 7.07578e-01 8.04445e-01 1.14043e+00 -4.28811e+00
1.12389e-01 5.91094e-01 3.06512e-01 6.85036e-01 6.62141e-01 8.04640e-01 1.14667e+00 -4.28832e+00
1.14294e-01 6.00519e-01 2.99388e-01 5.70804e-01 5.92744e-01 8.00176e-01 1.00549e+00 -4.28338e+00
1.16199e-01 6.00582e-01 2.99320e-01 5.26800e-01 5.40967e-01 8.00194e-01 1.00603e+00 -4.28340e+00
1.18104e-01 6.00597e-01 2.99303e-01 5.14224e-01 5.20833e-01 8.00199e-01 1.00619e+00 -4.28340e+00
1.20009e-01 6.00602e-01 2.99297e-01 5.10742e-01 5.17576e-01 8.00201e-01 1.00624e+00 -4.28340e+00
1.21914e-01 6.00603e-01 2.99297e-01 5.10116e-01 5.09686e-01 8.00201e-01 1.00624e+00 -4.28340e+00
1.23818e-01 6.00603e-01 2.99296e-01 5.10021e-01 5.10905e-01 8.00201e-01 1.00625e+00 -4.28340e+00
1.25723e-01 6.00603e-01 2.99296e-01 5.10006e-01 5.09971e-01 8.00201e-01 1.00625e+00 -4.28340e+00
1.27628e-01 6.00603e-01 2.99296e-01 5.10006e-01 5.10032e-01 8.00201e-01 1.00625e+00 -4.28340e+00
1.29533e-01 6.00603e-01 2.99296e-01 5.10006e-01 5.10006e-01 8.00201e-01 1.00625e+00 -4.28340e+00
1.31438e-01 6.00603e-01 2.99296e-01 5.10006e-01 5.10006e-01 8.00201e-01 1.00625e+00 -4.28340e+00
1.33343e-01 6.00603e-01 2.99296e-01 5.10006e-01 5.10006e-01 8.00201e-01 1.00625e+00 -4.28340e+00
1.35248e-01 6.00603e-01 2.99296e-01 5.10006e-01 5.10006e-01 8.00201e-01 1.00625e+00 -4.28340e+00
1.37153e-01 6.00603e-01 2.99296e-01 5.10006e-01 5.10006e-01 8.00201e-01 1.00625e+00 -4.28340e+00
1.39058e-01 6.00603e-01 2.99296e-01 5.10006e-01 5.10006e-01 8.00201e-01 1.00625e+00 -4.28340e+00
1.40963e-01 6.00603e-01 2.99296e-01 5.10006e-01 5.10006e-01 8.00201e-01 1.00625e+00 -4.28340e+00
1.42867e-01 6.00603e-01 2.99296e-01 5.10006e-01 5.10006e-01 8.00201e-01 1.00625e+00 -4.28340e+00
1.44772e-01 6.00603e-01 2.99296e-01 5.10006e-01 5.10006e-01 8.00201e-01 1.00625e+00 -4.28340e+00
1.46677e-01 6.00603e-01 2.99296e-01 5.10006e-01 5.10006e-01 8.00201e-01 1.00625e+00 -4.28340e+00
1.48582e-01 6.00603e-01 2.99296e-01 5.10006e-01 5.10006e-01 8.00201e-01 1.00625e+00 -4.28340e+00
1.50487e-01 6.00603e-01 2.99296e-01 5.10006e-01 5.10006e-01 8.00201e-01 1.00625e+00 -4.28340e+00
1.52392e-01 6.00603e-01 2.99296e-01 5.10006e-01 5.10006e-01 8.00201e-01 1.00625e+00 -4.28340e+00
1.54297e-01 6.00603e-01 2.99296e-01 5.10006e-01 5.10006e-01 8.00201e-01 1.00625e+00 -4.28340e+00
1.56202e-01 6.00603e-01 2.99296e-01 5.10006e-01 5.10006e-01 8.00201e-01 1.00625e+00 -4.28340e+00
1.58107e-01 6.00603e-01 2.99296e-01 5.10006e-01 5.10006e-01 8.00201e-01 1.00625e+00 -4.28340e+00
1.60012e-01 6.00603e-01 2.99296e-01 5.10006e-01 5.10006e-01 8.00201e-01 1.00625e+00 -4.28340e+00
1.61916e-01 6.00603e-01 2.99296e-01 5.10006e-01 5.10006e-01 8.00201e-01 1.00625e+00 -4.28340e+00
1.63821e-01 6.00603e-01 2.99296e-01 5.10006e-01 5.10006e-01 8.00201e-01 1.00625e+00 -4.28340e+00
1.65726e-01 6.00603e-01 2.99296e-01 5.10006e-01 5.10006e-01 8.00201e-01 1.00625e+00 -4.28340e+00
1.67631e-01 6.00603e-01 2.99296e-01 5.10006e-01 5.10006e-01 8.00201e-01 1.00625e+00 -4.28340e+00
1.69536e-01 6.00603e-01 2.99296e-01 5.10006e-01 5.10006e-01 8.00201e-01 1.00625e+00 -4.28340e+00
1.71441e-01 6.00603e-01 2.99296e-01 5.10006e-01 5.10006e-01 8.00201e-01 1.00625e+00 -4.28340e+00
1.73346e-01 6.00603e-01 2.99296e-01 5.10006e-01 5.10006e-01 8.00201e-01 1.00625e+00 -4.28340e+00
1.75251e-01 6.00603e-01 2.99296e-01 5.10006e-01 5.10006e-01 8.00201e-01 1.00625e+00 -4.28340e+00
1.77156e-01 6.00603e-01 2.99296e-01 5.10006e-01 5.10006e-01 8.00201e-01 1.00625e+00 -4.28340e+00
1.79061e-01 6.00603e-01 2.99296e-01 5.10006e-01 5.10006e-01 8.00201e-01 1.00625e+00 -4.28340e+00
1.80965e-01 6.00603e-01 2.99296e-01 5.10006e-01 5.10006e-01 8.00201e-01 1.00625e+00 -4.28340e+00
1.82870e-01 6.00603e-01 2.99296e-01 5.10006e-01 5.10006e-01 8.00201e-01 1.00625e+00 -4.28340e+00
1.84775e-01 6.00603e-01 2.99296e-01 5.10006e-01 5.10006e-01 8.00201e-01 1.00625e+00 -4.28340e+00
1.86680e-01 6.00603e-01 2.99296e-01 5.10006e-01 5.10006e-01 8.00201e-01 1.00625e+00 -4.28340e+00
1.88585e-01 6.00603e-01 2.99296e-01 5.10006e-01 5.10006e-01 8.00201e-01 1.00625e+00 -4.28340e+00
1.90490e-01 6.00603e-01 2.99296e-01 5.10006e-01 5.10006e-01 8.00201e-01 1.00625e+00 -4.28340e+00
1.92395e-01 6.00603e-01 2.99296e-01 5.10006e-01 5.10006e-01 8.00201e-01 1.00625e+00 -4.28340e+00
1.94300e-01 6.00603e-01 2.99296e-01 5.10006e-01 5.10006e-01 8.00201e-01 1.00625e+00 -4.28340e+00
1.96205e-01 6.00603e-01 2.99296e-01 5.10006e-01 5.10006e-01 8.00201e-01 1.00625e+00 -4.28340e+00
1.98110e-01 6.00603e-01 2.99296e-01 5.10006e-01 5.10006e-01 8.00201e-01 1.00625e+00 -4.28340e+00
2.00014e-01 6.00603e-01 2.99296e-01 5.10006e-01 5.10006e-01 8.00201e-01 1.00625e+00 -4.28340e+00
2.01919e-01 6.00603e-01 2.99296e-01 5.10006e-01 5.10006e-01 8.00201e-01 1.00625e+00 -4.28340e+00
2.03824e-01 6.00603e-01 2.99296e-01 5.10006e-01 5.10006e-01 8.00201e-01 1.00625e+00 -4.28340e+00
2.05729e-01 6.00603e-01 2.99296e-01 5.10006e-01 5.10006e-01 8.00201e-01 1.00625e+00 -4.28340e+00
2.07634e-01 6.00603e-01 2.99296e-01 5.10006e-01 5.10006e-01 8.00201e-01 1.00625e+00 -4.28340e+00
2.09539e-01 6.00603e-01 2.99296e-01 5.10006e-01 5.10006e-01 8.00201e-01 1.00625e+00 -4.28340e+00
2.11444e-01 6.00603e-01 2.99296e-01 5.10006e-01 5.10006e-01 8.00201e-01 1.00625e+00 -4.28340e+00
2.13349e-01 6.00603e-01 2.99296e-01 5.10006e-01 5.10006e-01 8.00201e-01 1.00625e+00 -4.28340e+00
2.15254e-01 6.00603e-01 2.99296e-01 5.10006e-01 5.10006e-01 8.00201e-01 1.00625e+00 -4.28340e+00
2.17159e-01 6.00603e-01 2.99296e-01 5.10006e-01 5.10006e-01 8.00201e-01 1.00625e+00 -4.28340e+00
2.19063e-01 6.00603e-01 2.99296e-01 5.10006e-01 5.10006e-01 8.00201e-01 1.00625e+00 -4.28340e+00
2.20968e-01 6.00603e-01 2.99296e-01 5.10006e-01 5.10006e-01 8.00201e-01 1.00625e+00 -4.28340e+00
2.22873e-01 6.00603e-01 2.99296e-01 5.10006e-01 5.10006e-01 8.00201e-01 1.00625e+00 -4.28340e+00
2.24778e-01 6.00603e-01 2.99296e-01 5.10006e-01 5.10006e-01 8.00201e-01 1.00625e+00 -4.28340e+00
2.26683e-01 6.00603e-01 2.99296e-01 5.10006e-01 5.10006e-01 8.00201e-01 1.00625e+00 -4.28340e+00
2.28588e-01 6.00603e-01 2.99296e-01 5.10006e-01 5.10006e-01 8.00201e-01 1.00625e+00 -4.28340e+00
2.30493e-01 6.00603e-01 2.99296e-01 5.10006e-01 5.10006e-01 8.00201e-01 1.00625e+00 -4.28340e+00
2.32398e-01 6.00603e-01 2.99296e-01 5.10006e-01 5.10006e-01 8.00201e-01 1.00625e+00 -4.28340e+00
2.34303e-01 6.00603e-01 2.99296e-01 5.10006e-01 5.10006e-01 8.00201e-01 1.00625e+00 -4.28340e+00
2.36208e-01 6.00603e-01 2.99296e-01 5.10006e-01 5.10006e-01 8.00201e-01 1.00625e+00 -4.28340e+00
2.38112e-01 6.00603e-01 2.99296e-01 5.10006e-01 5.10006e-01 8.00201e-01 1.00625e+00 -4.28340e+00
2.40017e-01 6.00603e-01 2.99296e-01 5.10006e-01 5.10006e-01 8.00201e-01 1.00625e+00 -4.28340e+00
2.41922e-01 6.00603e-01 2.99296e-01 5.10006e-01 5.10006e-01 8.00201e-01 1.00625e+00 -4.28340e+00
2.43827e-01 6.00603e-01 2.99296e-01 5.10006e-01 5.10006e-01 8.00201e-01 1.00625e+00 -4.28340e+00
2.45732e-01 6.00603e-01 2.99296e-01 5.10006e-01 5.10006e-01 8.00201e-01 1.00625e+00 -4.28340e+00
2.47637e-01 6.00603e-01 2.99296e-01 5.10006e-01 5.10006e-01 8.00201e-01 1.00625e+00 -4.28340e+00
2.49542e-01 6.00603e-01 2.99296e-01 5.10006e-01 5.10006e-01 8.00201e-01 1.00625e+00 -4.28340e+00
2.51447e-01 6.00603e-01 2.99296e-01 5.10006e-01 5.10006e-01 8.00201e-01 1.00625e+00 -4.28340e+00
2.53352e-01 6.00603e-01 2.99296e-01 5.10006e-01 5.10006e-01 8.00201e-01 1.00625e+00 -4.28340e+00
2.55257e-01 6.00603e-01 2.99296e-01 5.10006e-01 5.10006e-01 8.00201e-01 1.00625e+00 -4.28340e+00
2.57161e-01 6.00603e-01 2.99296e-01 5.10006e-01 5.10006e-01 8.00201e-01 1.00625e+00 -4.28340e+00
2.59066e-01 6.00603e-01 2.99296e-01 5.10006e-01 5.10006e-01 8.00201e-01 1.00625e+00 -4.28340e+00
2.60971e-01 6.00603e-01 2.99296e-01 5.10006e-01 5.10006e-01 8.00201e-01 1.00625e+00 -4.28340e+00
2.62876e-01 6.00603e-01 2.99296e-01 5.10006e-01 5.10006e-01 8.00201e-01 1.00625e+00 -4.28340e+00
2.64781e-01 6.00603e-01 2.99296e-01 5.10006e-01 5.10006e-01 8.00201e-01 1.00625e+00 -4.28340e+00
2.66686e-01 6.00603e-01 2.99296e-01 5.10006e-01 5.10006e-01 8.00201e-01 1.00625e+00 -4.28340e+00
2.68591e-01 6.00603e-01 2.99296e-01 5.10006e-01 5.10006e-01 8.00201e-01 1.00625e+00 -4.28340e+00
2.70496e-01 6.00603e-01 2.99296e-01 5.10006e-01 5.10006e-01 8.00201e-01 1.00625e+00 -4.28340e+00
2.72401e-01 6.00603e-01 2.99296e-01 5.10006e-01 5.10006e-01 8.00201e-01 1.00625e+00 -4.28340e+00
2.74306e-01 6.00603e-01 2.99296e-01 5.10006e-01 5.10006e-01 8.00201e-01 1.00625e+00 -4.28340e+00
2.76210e-01 6.00603e-01 2.99296e-01 5.10006e-01 5.10006e-01 8.00201e-01 1.00625e+00 -4.28340e+00
2.78115e-01 6.00603e-01 2.99296e-01 5.10006e-01 5.10006e-01 8.00201e-01 1.00625e+00 -4.28340e+00
2.80020e-01 6.00603e-01 2.99296e-01 5.10006e-01 5.10006e-01 8.00201e-01 1.00625e+00 -4.28340e+00
2.81925e-01 6.00603e-01 2.99296e-01 5.10006e-01 5.10006e-01 8.00201e-01 1.00625e+00 -4.28340e+00
2.83830e-01 6.00603e-01 2.99296e-01 5.10006e-01 5.10006e-01 8.00201e-01 1.00625e+00 -4.28340e+00
2.85735e-01 6.00603e-01 2.99296e-01 5.10006e-01 5.10006e-01 8.00201e-01 1.00625e+00 -4.28340e+00
2.87640e-01 6.00603e-01 2.99296e-01 5.10006e-01 5.10006e-01 8.00201e-01 1.00625e+00 -4.28340e+00
2.89545e-01 6.00603e-01 2.99296e-01 5.10006e-01 5.10006e-01 8.00201e-01 1.00625e+00 -4.28340e+00
2.91450e-01 6.00603e-01 2.99296e-01 5.10006e-01 5.10006e-01 8.00201e-01 1.00625e+00 -4.28340e+00
2.93355e-01 6.00603e-01 2.99296e-01 5.10006e-01 5.10006e-01 8.00201e-01 1.00625e+00 -4.28340e+00
2.95259e-01 6.00603e-01 2.99296e-01 5.10006e-01 5.10006e-01 8.00201e-01 1.00625e+00 -4.28340e+00
2.97164e-01 6.00603e-01 2.99296e-01 5.10006e-01 5.10006e-01 8.00201e-01 1.00625e+00 -4.28340e+00
2.99069e-01 6.00603e-01 2.99296e-01 5.10006e-01 5.10006e-01 8.00201e-01 1.00625e+00 -4.28340e+00
3.00974e-01 6.00603e-01 2.99296e-01 5.10006e-01 5.10006e-01 8.00201e-01 1.00625e+00 -4.28340e+00
3.02879e-01 6.00603e-01 2.99296e-01 5.10006e-01 5.10006e-01 8.00201e-01 1.00625e+00 -4.28340e+00
3.04784e-01 6.00603e-01 2.99296e-01 5.10006e-01 5.10006e-01 8.00201e-01 1.00625e+00 -4.28340e+00
3.06689e-01 6.00603e-01 2.99296e-01 5.10006e-01 5.10006e-01 8.00201e-01 1.00625e+00 -4.28340e+00
3.08594e-01 6.00603e-01 2.99296e-01 5.10006e-01 5.10006e-01 8.00201e-01 1.00625e+00 -4.28340e+00
3.10499e-01 6.00603e-01 2.99296e-01 5.10006e-01 5.10006e-01 8.00201e-01 1.00625e+00 -4.28340e+00
3.12404e-01 6.00603e-01 2.99296e-01 5.10006e-01 5.10006e-01 8.00201e-01 1.00625e+00 -4.28340e+00
3.14308e-01 6.00603e-01 2.99296e-01 5.10006e-01 5.10006e-01 8.00201e-01 1.00625e+00 -4.28340e+00
3.16213e-01 6.00603e-01 2.99296e-01 5.10006e-01 5.10006e-01 8.00201e-01 1.00625e+00 -4.28340e+00
3.18118e-01 6.00603e-01 2.99296e-01 5.10006e-01 5.10006e-01 8.00201e-01 1.00625e+00 -4.28340e+00
3.20023e-01 6.00603e-01 2.99296e-01 5.10006e-01 5.10006e-01 8.00201e-01 1.00625e+00 -4.28340e+00
3.21928e-01 6.00603e-01 2.99296e-01 5.10006e-01 5.10006e-01 8.00201e-01 1.00625e+00 -4.28340e+00
3.23833e-01 6.00603e-01 2.99296e-01 5.10006e-01 5.10006e-01 8.00201e-01 1.00625e+00 -4.28340e+00
3.25738e-01 6.00603e-01 2.99296e-01 5.10006e-01 5.10006e-01 8.00201e-01 1.00625e+00 -4.28340e+00
3.27643e-01 6.00603e-01 2.99296e-01 5.10006e-01 5.10006e-01 8.00201e-01 1.00625e+00 -4.28340e+00
3.29548e-01 6.00603e-01 2.99296e-01 5.10006e-01 5.10006e-01 8.00201e-01 1.00625e+00 -4.28340e+00
3.31453e-01 6.00603e-01 2.99296e-01 5.10006e-01 5.10006e-01 8.00201e-01 1.00625e+00 -4.28340e+00
3.33357e-01 6.00603e-01 2.99296e-01 5.10006e-01 5.10006e-01 8.00201e-01 1.00625e+00 -4.28340e+00
3.35262e-01 6.00603e-01 2.99296e-01 5.10006e-01 5.10006e-01 8.00201e-01 1.00625e+00 -4.28340e+00
3.37167e-01 6.00603e-01 2.99296e-01 5.10006e-01 5.10006e-01 8.00201e-01 1.00625e+00 -4.28340e+00
3.39072e-01 6.00603e-01 2.99296e-01 5.10006e-01 5.10006e-01 8.00201e-01 1.00625e+00 -4.28340e+00
3.40977e-01 6.00603e-01 2.99296e-01 5.10006e-01 5.10006e-01 8.00201e-01 1.00625e+00 -4.28340e+00
3.42882e-01 6.00603e-01 2.99296e-01 5.10006e-01 5.10006e-01 8.00201e-01 1.00625e+00 -4.28340e+00
3.44787e-01 6.00603e-01 2.99296e-01 5.10006e-01 5.10006e-01 8.00201e-01 1.00625e+00 -4.28340e+00
3.46692e-01 6.00603e-01 2.99296e-01 5.10006e-01 5.10006e-01 8.00201e-01 1.00625e+00 -4.28340e+00
3.48597e-01 6.00603e-01 2.99296e-01 5.10006e-01 5.10006e-01 8.00201e-01 1.00625e+00 -4.28340e+00
3.50502e-01 6.00603e-01 2.99296e-01 5.10006e-01 5.10006e-01 8.00201e-01 1.00625e+00 -4.28340e+00
3.52406e-01 6.00603e-01 2.99296e-01 5.10006e-01 5.10006e-01 8.00201e-01 1.00625e+00 -4.28340e+00
3.54311e-01 6.00603e-01 2.99296e-01 5.10006e-01 5.10006e-01 8.00201e-01 1.00625e+00 -4.28340e+00
3.56216e-01 6.00603e-01 2.99296e-01 5.10006e-01 5.10006e-01 8.00201e-01 1.00625e+00 -4.28340e+00
3.58121e-01 6.00603e-01 2.99296e-01 5.10006e-01 5.10006e-01 8.00201e-01 1.00625e+00 -4.28340e+00
3.60026e-01 6.00603e-01 2.99296e-01 5.10006e-01 5.10006e-01 8.00201e-01 1.00625e+00 -4.28340e+00
3.61931e-01 6.00603e-01 2.99296e-01 5.10006e-01 5.10006e-01 8.00201e-01 1.00625e+00 -4.28340e+00
3.63836e-01 6.00603e-01 2.99296e-01 5.10006e-01 5.10006e-01 8.00201e-01 1.00625e+00 -4.28340e+00
3.65741e-01 6.00603e-01 2.99296e-01 5.10006e-01 5.10006e-01 8.00201e-01 1.00625e+00 -4.28340e+00
3.67646e-01 6.00603e-01 2.99296e-01 5.10006e-01 5.10006e-01 8.00201e-01 1.00625e+00 -4.28340e+00
3.69551e-01 6.00603e-01 2.99296e-01 5.10006e-01 5.10006e-01 8.00201e-01 1.00625e+00 -4.28340e+00
3.71455e-01 6.00603e-01 2.99296e-01 5.10006e-01 5.10006e-01 8.00201e-01 1.00625e+00 -4.28340e+00
3.73360e-01 6.00603e-01 2.99296e-01 5.10006e-01 5.10006e-01 8.00201e-01 1.00625e+00 -4.28340e+00
3.75265e-01 6.00603e-01 2.99296e-01 5.10006e-01 5.10006e-01 8.00201e-01 1.00625e+00 -4.28340e+00
3.77170e-01 6.00603e-01 2.99296e-01 5.10006e-01 5.10006e-01 8.00201e-01 1.00625e+00 -4.28340e+00
3.79075e-01 6.00603e-01 2.99296e-01 5.10006e-01 5.10006e-01 8.00201e-01 1.00625e+00 -4.28340e+00
