             x            AR           CA           Po           Ca           CO           TE           U            W            OC           OA           Rp
 0.00000D+00  0.60000D+00  0.30000D+00  0.80000D+00  0.49913D+00  0.49913D+00  0.10000D+00  0.10000D+01 -0.42709D+01 -0.44830D+00  0.00000D+00  0.35479D+02
 0.18954D-02  0.71594D+00  0.16474D+00  0.80072D+00  0.53845D+00  0.51601D+00  0.11932D+00  0.10225D+01 -0.42718D+01 -0.40194D+00  0.00000D+00  0.17404D+02
 0.37908D-02  0.78099D+00  0.88848D-01  0.79898D+00  0.57252D+00  0.53045D+00  0.13016D+00  0.96858D+00 -0.42697D+01 -0.36294D+00  0.00000D+00  0.85499D+01
 0.56861D-02  0.81638D+00  0.47559D-01  0.79677D+00  0.60399D+00  0.54374D+00  0.13606D+00  0.90092D+00 -0.42670D+01 -0.32801D+00  0.00000D+00  0.41818D+01
 0.75815D-02  0.83520D+00  0.25602D-01  0.79480D+00  0.63410D+00  0.55646D+00  0.13920D+00  0.84182D+00 -0.42646D+01 -0.29567D+00  0.00000D+00  0.20488D+01
 0.94769D-02  0.84511D+00  0.14035D-01  0.79327D+00  0.66344D+00  0.56889D+00  0.14085D+00  0.79643D+00 -0.42626D+01 -0.26530D+00  0.00000D+00  0.10153D+01
 0.11372D-01  0.85036D+00  0.79180D-02  0.79216D+00  0.69226D+00  0.58116D+00  0.14173D+00  0.76369D+00 -0.42611D+01 -0.23666D+00  0.00000D+00  0.51372D+00
 0.13268D-01  0.85317D+00  0.46322D-02  0.79137D+00  0.72068D+00  0.59332D+00  0.14220D+00  0.74089D+00 -0.42601D+01 -0.20969D+00  0.00000D+00  0.26729D+00
 0.15163D-01  0.85472D+00  0.28247D-02  0.79084D+00  0.74874D+00  0.60540D+00  0.14245D+00  0.72536D+00 -0.42593D+01 -0.18439D+00  0.00000D+00  0.14369D+00
 0.17058D-01  0.85560D+00  0.18010D-02  0.79048D+00  0.77646D+00  0.61740D+00  0.14260D+00  0.71492D+00 -0.42588D+01 -0.16078D+00  0.00000D+00  0.80024D-01
 0.18954D-01  0.85611D+00  0.12022D-02  0.79024D+00  0.80387D+00  0.62934D+00  0.14269D+00  0.70798D+00 -0.42585D+01 -0.13889D+00  0.00000D+00  0.46198D-01
 0.20849D-01  0.85642D+00  0.84022D-03  0.79008D+00  0.83095D+00  0.64121D+00  0.14274D+00  0.70342D+00 -0.42583D+01 -0.11874D+00  0.00000D+00  0.27623D-01
 0.22745D-01  0.85662D+00  0.61423D-03  0.78998D+00  0.85771D+00  0.65301D+00  0.14277D+00  0.70044D+00 -0.42582D+01 -0.10033D+00  0.00000D+00  0.17071D-01
 0.24640D-01  0.85674D+00  0.46883D-03  0.78991D+00  0.88416D+00  0.66474D+00  0.14279D+00  0.69852D+00 -0.42581D+01 -0.83652D-01  0.00000D+00  0.10868D-01
 0.26535D-01  0.85682D+00  0.37272D-03  0.78987D+00  0.91030D+00  0.67641D+00  0.14280D+00  0.69731D+00 -0.42580D+01 -0.68699D-01  0.00000D+00  0.70969D-02
 0.28431D-01  0.85688D+00  0.30772D-03  0.78984D+00  0.93614D+00  0.68801D+00  0.14281D+00  0.69656D+00 -0.42580D+01 -0.55438D-01  0.00000D+00  0.47289D-02
 0.30326D-01  0.85692D+00  0.26296D-03  0.78983D+00  0.96166D+00  0.69955D+00  0.14282D+00  0.69612D+00 -0.42579D+01 -0.43826D-01  0.00000D+00  0.31948D-02
 0.32221D-01  0.85694D+00  0.23172D-03  0.78982D+00  0.98689D+00  0.71102D+00  0.14282D+00  0.69589D+00 -0.42579D+01 -0.33809D-01  0.00000D+00  0.21719D-02
 0.34117D-01  0.85696D+00  0.20976D-03  0.78982D+00  0.10118D+01  0.72242D+00  0.14283D+00  0.69578D+00 -0.42579D+01 -0.25320D-01  0.00000D+00  0.14724D-02
 0.36012D-01  0.85698D+00  0.19427D-03  0.78982D+00  0.10365D+01  0.73376D+00  0.14283D+00  0.69577D+00 -0.42579D+01 -0.18280D-01  0.00000D+00  0.98453D-03
 0.37908D-01  0.14461D+00  0.85385D-03  0.78982D+00  0.10608D+01  0.74503D+00  0.85454D+00  0.69582D+00 -0.42579D+01 -0.12597D-01  0.16018D+00  0.64217D+02
 0.39803D-01  0.15703D-01  0.89615D-03  0.78171D+00  0.10667D+01  0.74736D+00  0.98340D+00  0.46951D+00 -0.42461D+01 -0.11475D-01  0.15643D+00  0.70755D+01
 0.41698D-01  0.11646D-02  0.80883D-03  0.77565D+00  0.10706D+01  0.74870D+00  0.99803D+00  0.30880D+00 -0.42365D+01 -0.10802D-01  0.15410D+00  0.53364D+00
 0.43594D-01  0.60552D-04  0.68921D-03  0.77173D+00  0.10743D+01  0.74997D+00  0.99925D+00  0.20873D+00 -0.42300D+01 -0.10180D-01  0.15187D+00  0.29801D-01
 0.45489D-01  0.22789D-05  0.55629D-03  0.76924D+00  0.10780D+01  0.75125D+00  0.99944D+00  0.14676D+00 -0.42257D+01 -0.95822D-02  0.14967D+00  0.26606D-02
 0.47384D-01  0.64732D-07  0.42437D-03  0.76767D+00  0.10817D+01  0.75253D+00  0.99958D+00  0.10816D+00 -0.42230D+01 -0.90081D-02  0.14749D+00  0.12007D-02
 0.49280D-01  0.14577D-08  0.30722D-03  0.76668D+00  0.10853D+01  0.75380D+00  0.99969D+00  0.84019D-01 -0.42212D+01 -0.84588D-02  0.14534D+00  0.80039D-03
 0.51175D-01  0.27402D-10  0.21339D-03  0.76606D+00  0.10890D+01  0.75507D+00  0.99979D+00  0.68871D-01 -0.42201D+01 -0.79342D-02  0.14322D+00  0.52244D-03
 0.53071D-01  0.45143D-12  0.14441D-03  0.76566D+00  0.10925D+01  0.75633D+00  0.99986D+00  0.59348D-01 -0.42194D+01 -0.74341D-02  0.14113D+00  0.33184D-03
 0.54966D-01  0.67936D-14  0.96816D-04  0.76541D+00  0.10961D+01  0.75759D+00  0.99990D+00  0.53353D-01 -0.42190D+01 -0.69580D-02  0.13907D+00  0.20844D-03
 0.56861D-01  0.96477D-16  0.65283D-04  0.76525D+00  0.10996D+01  0.75884D+00  0.99993D+00  0.49576D-01 -0.42187D+01 -0.65051D-02  0.13705D+00  0.13149D-03
 0.58757D-01  0.13241D-17  0.44911D-04  0.76515D+00  0.11030D+01  0.76009D+00  0.99996D+00  0.47193D-01 -0.42185D+01 -0.60747D-02  0.13505D+00  0.84509D-04
 0.60652D-01  0.17856D-19  0.32399D-04  0.76509D+00  0.11065D+01  0.76133D+00  0.99997D+00  0.45688D-01 -0.42184D+01 -0.56662D-02  0.13309D+00  0.56880D-04
 0.62547D-01  0.23928D-21  0.27795D-04  0.76505D+00  0.11098D+01  0.76256D+00  0.99997D+00  0.44736D-01 -0.42183D+01 -0.52786D-02  0.13117D+00  0.45467D-04
 0.64443D-01  0.32097D-23  0.40523D-04  0.76503D+00  0.11132D+01  0.76378D+00  0.99996D+00  0.44133D-01 -0.42183D+01 -0.49113D-02  0.12927D+00  0.61683D-04
 0.66338D-01  0.43307D-25  0.10741D-03  0.76501D+00  0.11165D+01  0.76500D+00  0.99989D+00  0.43750D-01 -0.42183D+01 -0.45636D-02  0.12740D+00  0.15193D-03
 0.68234D-01  0.58953D-27  0.33671D-03  0.76500D+00  0.11197D+01  0.76621D+00  0.99966D+00  0.43504D-01 -0.42182D+01 -0.42346D-02  0.12557D+00  0.44195D-03
 0.70129D-01  0.81120D-29  0.99867D-03  0.76499D+00  0.11230D+01  0.76741D+00  0.99900D+00  0.43344D-01 -0.42182D+01 -0.39237D-02  0.12376D+00  0.12146D-02
 0.72024D-01  0.11296D-30  0.26853D-02  0.76499D+00  0.11261D+01  0.76860D+00  0.99731D+00  0.43237D-01 -0.42182D+01 -0.36301D-02  0.12199D+00  0.30217D-02
 0.73920D-01  0.15930D-32  0.65495D-02  0.76499D+00  0.11293D+01  0.76979D+00  0.99345D+00  0.43157D-01 -0.42182D+01 -0.33534D-02  0.12024D+00  0.68080D-02
 0.75815D-01  0.22749D-34  0.14595D-01  0.76498D+00  0.11324D+01  0.77097D+00  0.98541D+00  0.43082D-01 -0.42182D+01 -0.30927D-02  0.11853D+00  0.13992D-01
 0.77710D-01  0.32888D-36  0.29905D-01  0.76498D+00  0.11354D+01  0.77214D+00  0.97009D+00  0.42990D-01 -0.42182D+01 -0.28478D-02  0.11684D+00  0.26400D-01
 0.79606D-01  0.48074D-38  0.56590D-01  0.76497D+00  0.11384D+01  0.77330D+00  0.94341D+00  0.42849D-01 -0.42182D+01 -0.26181D-02  0.11519D+00  0.45929D-01
 0.81501D-01  0.70896D-40  0.99100D-01  0.76496D+00  0.11414D+01  0.77445D+00  0.90090D+00  0.42620D-01 -0.42182D+01 -0.24035D-02  0.11357D+00  0.73841D-01
 0.83397D-01  0.10512D-41  0.16068D+00  0.76495D+00  0.11443D+01  0.77558D+00  0.83932D+00  0.42251D-01 -0.42182D+01 -0.22037D-02  0.11199D+00  0.10978D+00
 0.85292D-01  0.15593D-43  0.24115D+00  0.76492D+00  0.11471D+01  0.77669D+00  0.75885D+00  0.41687D-01 -0.42181D+01 -0.20188D-02  0.11046D+00  0.15095D+00
 0.87187D-01  0.22992D-45  0.33523D+00  0.76489D+00  0.11499D+01  0.77776D+00  0.66477D+00  0.40877D-01 -0.42180D+01 -0.18485D-02  0.10898D+00  0.19216D+00
 0.89083D-01  0.33434D-47  0.43293D+00  0.76485D+00  0.11526D+01  0.77880D+00  0.56707D+00  0.39791D-01 -0.42180D+01 -0.16926D-02  0.10756D+00  0.22729D+00
 0.90978D-01  0.47547D-49  0.52289D+00  0.76479D+00  0.11551D+01  0.77981D+00  0.47711D+00  0.38425D-01 -0.42179D+01 -0.15507D-02  0.10620D+00  0.25156D+00
 0.92873D-01  0.65559D-51  0.59674D+00  0.76472D+00  0.11576D+01  0.78076D+00  0.40326D+00  0.36814D-01 -0.42177D+01 -0.14220D-02  0.10491D+00  0.26334D+00
 0.94769D-01  0.86949D-53  0.65175D+00  0.76465D+00  0.11599D+01  0.78168D+00  0.34825D+00  0.35014D-01 -0.42176D+01 -0.13056D-02  0.10368D+00  0.26415D+00
 0.96664D-01  0.11016D-54  0.69009D+00  0.76457D+00  0.11622D+01  0.78255D+00  0.30991D+00  0.33094D-01 -0.42175D+01 -0.12004D-02  0.10251D+00  0.25725D+00
 0.98560D-01  0.13254D-56  0.71617D+00  0.76448D+00  0.11643D+01  0.78337D+00  0.28383D+00  0.31121D-01 -0.42173D+01 -0.11054D-02  0.10141D+00  0.24592D+00
 0.10045D+00  0.15074D-58  0.73420D+00  0.76440D+00  0.11663D+01  0.78416D+00  0.26580D+00  0.29150D-01 -0.42172D+01 -0.10195D-02  0.10037D+00  0.23260D+00
 0.10235D+00  0.16145D-60  0.74718D+00  0.76432D+00  0.11683D+01  0.78490D+00  0.25282D+00  0.27222D-01 -0.42170D+01 -0.94169D-03  0.99377D-01  0.21873D+00
 0.10425D+00  0.16235D-62  0.75695D+00  0.76424D+00  0.11701D+01  0.78561D+00  0.24305D+00  0.25362D-01 -0.42169D+01 -0.87119D-03  0.98439D-01  0.20507D+00
 0.10614D+00  0.15291D-64  0.76456D+00  0.76417D+00  0.11719D+01  0.78628D+00  0.23544D+00  0.23587D-01 -0.42167D+01 -0.80719D-03  0.97550D-01  0.19197D+00
 0.10804D+00  0.13459D-66  0.77062D+00  0.76410D+00  0.11735D+01  0.78692D+00  0.22938D+00  0.21906D-01 -0.42166D+01 -0.74899D-03  0.96705D-01  0.17960D+00
 0.10993D+00  0.00000D+00  0.77553D+00  0.76403D+00  0.11751D+01  0.78753D+00  0.22447D+00  0.20321D-01 -0.42165D+01 -0.69599D-03  0.95903D-01  0.16800D+00
 0.11183D+00  0.00000D+00  0.77954D+00  0.76397D+00  0.11767D+01  0.78812D+00  0.22046D+00  0.18831D-01 -0.42164D+01 -0.64764D-03  0.95139D-01  0.15718D+00
 0.11372D+00  0.00000D+00  0.78284D+00  0.76391D+00  0.11781D+01  0.78867D+00  0.21716D+00  0.17435D-01 -0.42163D+01 -0.60347D-03  0.94413D-01  0.14711D+00
 0.11562D+00  0.44377D-35  0.78557D+00  0.76385D+00  0.11795D+01  0.78920D+00  0.21443D+00  0.16127D-01 -0.42162D+01 -0.56305D-03  0.00000D+00  0.13777D+00
 0.11751D+00  0.96959D-35  0.78783D+00  0.76380D+00  0.11809D+01  0.78971D+00  0.21217D+00  0.14903D-01 -0.42161D+01 -0.52602D-03  0.00000D+00  0.12911D+00
 0.11941D+00  0.14777D-34  0.78970D+00  0.76375D+00  0.11822D+01  0.79019D+00  0.21030D+00  0.13759D-01 -0.42160D+01 -0.49202D-03  0.00000D+00  0.12108D+00
 0.12130D+00  0.20774D-34  0.79124D+00  0.76371D+00  0.11834D+01  0.79065D+00  0.20876D+00  0.12688D-01 -0.42159D+01 -0.46079D-03  0.00000D+00  0.11363D+00
 0.12320D+00  0.28639D-34  0.79251D+00  0.76367D+00  0.11846D+01  0.79110D+00  0.20749D+00  0.11686D-01 -0.42158D+01 -0.43204D-03  0.00000D+00  0.10673D+00
 0.12509D+00  0.39116D-34  0.79355D+00  0.76363D+00  0.11857D+01  0.79152D+00  0.20645D+00  0.10748D-01 -0.42158D+01 -0.40554D-03  0.00000D+00  0.10033D+00
 0.12699D+00  0.53018D-34  0.79439D+00  0.76359D+00  0.11868D+01  0.79193D+00  0.20561D+00  0.98697D-02 -0.42157D+01 -0.38109D-03  0.00000D+00  0.94399D-01
 0.12889D+00  0.71356D-34  0.79505D+00  0.76355D+00  0.11879D+01  0.79232D+00  0.20495D+00  0.90466D-02 -0.42156D+01 -0.35849D-03  0.00000D+00  0.88890D-01
 0.13078D+00  0.95415D-34  0.79556D+00  0.76352D+00  0.11889D+01  0.79269D+00  0.20444D+00  0.82748D-02 -0.42156D+01 -0.33759D-03  0.00000D+00  0.83773D-01
 0.13268D+00  0.12682D-33  0.79595D+00  0.76349D+00  0.11899D+01  0.79305D+00  0.20405D+00  0.75505D-02 -0.42155D+01 -0.31823D-03  0.00000D+00  0.79017D-01
 0.13457D+00  0.16760D-33  0.79621D+00  0.76346D+00  0.11908D+01  0.79340D+00  0.20379D+00  0.68705D-02 -0.42155D+01 -0.30028D-03  0.00000D+00  0.74593D-01
 0.13647D+00  0.22033D-33  0.79638D+00  0.76344D+00  0.11917D+01  0.79373D+00  0.20362D+00  0.62316D-02 -0.42154D+01 -0.28361D-03  0.00000D+00  0.70474D-01
 0.13836D+00  0.28821D-33  0.79646D+00  0.76341D+00  0.11926D+01  0.79405D+00  0.20354D+00  0.56307D-02 -0.42154D+01 -0.26811D-03  0.00000D+00  0.66638D-01
 0.14026D+00  0.37524D-33  0.79646D+00  0.76339D+00  0.11934D+01  0.79436D+00  0.20354D+00  0.50654D-02 -0.42153D+01 -0.25370D-03  0.00000D+00  0.63061D-01
 0.14215D+00  0.48639D-33  0.79639D+00  0.76336D+00  0.11943D+01  0.79466D+00  0.20361D+00  0.45331D-02 -0.42153D+01 -0.24027D-03  0.00000D+00  0.59724D-01
 0.14405D+00  0.62783D-33  0.79627D+00  0.76334D+00  0.11950D+01  0.79494D+00  0.20373D+00  0.40316D-02 -0.42153D+01 -0.22775D-03  0.00000D+00  0.56608D-01
 0.14594D+00  0.80718D-33  0.79608D+00  0.76332D+00  0.11958D+01  0.79522D+00  0.20392D+00  0.35587D-02 -0.42152D+01 -0.21606D-03  0.00000D+00  0.53695D-01
 0.14784D+00  0.10338D-32  0.79585D+00  0.76330D+00  0.11965D+01  0.79549D+00  0.20415D+00  0.31125D-02 -0.42152D+01 -0.20515D-03  0.00000D+00  0.50972D-01
 0.14973D+00  0.13194D-32  0.79557D+00  0.76329D+00  0.11972D+01  0.79574D+00  0.20443D+00  0.26913D-02 -0.42152D+01 -0.19494D-03  0.00000D+00  0.48422D-01
 0.15163D+00  0.16780D-32  0.79526D+00  0.76327D+00  0.11979D+01  0.79599D+00  0.20474D+00  0.22934D-02 -0.42151D+01 -0.18539D-03  0.00000D+00  0.46035D-01
 0.15353D+00  0.21271D-32  0.79491D+00  0.76325D+00  0.11986D+01  0.79623D+00  0.20509D+00  0.19173D-02 -0.42151D+01 -0.17644D-03  0.00000D+00  0.43796D-01
 0.15542D+00  0.26879D-32  0.79453D+00  0.76324D+00  0.11992D+01  0.79646D+00  0.20547D+00  0.15616D-02 -0.42151D+01 -0.16805D-03  0.00000D+00  0.41696D-01
 0.15732D+00  0.33863D-32  0.79413D+00  0.76322D+00  0.11998D+01  0.79669D+00  0.20587D+00  0.12249D-02 -0.42150D+01 -0.16017D-03  0.00000D+00  0.39725D-01
 0.15921D+00  0.42536D-32  0.79369D+00  0.76321D+00  0.12004D+01  0.79691D+00  0.20631D+00  0.90619D-03 -0.42150D+01 -0.15278D-03  0.00000D+00  0.37873D-01
 0.16111D+00  0.53282D-32  0.79324D+00  0.76320D+00  0.12010D+01  0.79712D+00  0.20676D+00  0.60423D-03 -0.42150D+01 -0.14583D-03  0.00000D+00  0.36132D-01
 0.16300D+00  0.66561D-32  0.79277D+00  0.76319D+00  0.12016D+01  0.79732D+00  0.20723D+00  0.31802D-03 -0.42150D+01 -0.13930D-03  0.00000D+00  0.34494D-01
 0.16490D+00  0.82933D-32  0.79228D+00  0.76317D+00  0.12021D+01  0.79752D+00  0.20772D+00  0.46597D-04 -0.42150D+01 -0.13315D-03  0.00000D+00  0.32952D-01
 0.16679D+00  0.10307D-31  0.79178D+00  0.76316D+00  0.12026D+01  0.79771D+00  0.20822D+00 -0.21093D-03 -0.42149D+01 -0.12735D-03  0.00000D+00  0.31499D-01
 0.16869D+00  0.12778D-31  0.79126D+00  0.76315D+00  0.12032D+01  0.79790D+00  0.20874D+00 -0.45538D-03 -0.42149D+01 -0.12189D-03  0.00000D+00  0.30130D-01
 0.17058D+00  0.15803D-31  0.79073D+00  0.76314D+00  0.12037D+01  0.79808D+00  0.20927D+00 -0.68753D-03 -0.42149D+01 -0.11674D-03  0.00000D+00  0.28839D-01
 0.17248D+00  0.19499D-31  0.79019D+00  0.76313D+00  0.12041D+01  0.79825D+00  0.20981D+00 -0.90810D-03 -0.42149D+01 -0.11188D-03  0.00000D+00  0.27620D-01
 0.17437D+00  0.24005D-31  0.78964D+00  0.76312D+00  0.12046D+01  0.79842D+00  0.21036D+00 -0.11177D-02 -0.42149D+01 -0.10728D-03  0.00000D+00  0.26468D-01
 0.17627D+00  0.29487D-31  0.78908D+00  0.76312D+00  0.12051D+01  0.79858D+00  0.21092D+00 -0.13171D-02 -0.42149D+01 -0.10294D-03  0.00000D+00  0.25380D-01
 0.17817D+00  0.36142D-31  0.78852D+00  0.76311D+00  0.12055D+01  0.79874D+00  0.21148D+00 -0.15067D-02 -0.42148D+01 -0.98838D-04  0.00000D+00  0.24352D-01
 0.18006D+00  0.44204D-31  0.78795D+00  0.76310D+00  0.12059D+01  0.79890D+00  0.21205D+00 -0.16872D-02 -0.42148D+01 -0.94953D-04  0.00000D+00  0.23378D-01
 0.18196D+00  0.53951D-31  0.78738D+00  0.76309D+00  0.12063D+01  0.79905D+00  0.21262D+00 -0.18589D-02 -0.42148D+01 -0.91275D-04  0.00000D+00  0.22457D-01
 0.18385D+00  0.65711D-31  0.78680D+00  0.76309D+00  0.12067D+01  0.79920D+00  0.21320D+00 -0.20225D-02 -0.42148D+01 -0.87790D-04  0.00000D+00  0.21585D-01
 0.18575D+00  0.79868D-31  0.78622D+00  0.76308D+00  0.12071D+01  0.79934D+00  0.21378D+00 -0.21784D-02 -0.42148D+01 -0.84487D-04  0.00000D+00  0.20758D-01
 0.18764D+00  0.96873D-31  0.78563D+00  0.76307D+00  0.12075D+01  0.79948D+00  0.21437D+00 -0.23269D-02 -0.42148D+01 -0.81354D-04  0.00000D+00  0.19974D-01
 0.18954D+00  0.11725D-30  0.78504D+00  0.76307D+00  0.12079D+01  0.79961D+00  0.21496D+00 -0.24684D-02 -0.42148D+01 -0.78381D-04  0.00000D+00  0.19230D-01
 0.19143D+00  0.14162D-30  0.78446D+00  0.76306D+00  0.12082D+01  0.79974D+00  0.21554D+00 -0.26034D-02 -0.42148D+01 -0.75558D-04  0.00000D+00  0.18524D-01
 0.19333D+00  0.17069D-30  0.78387D+00  0.76306D+00  0.12086D+01  0.79987D+00  0.21613D+00 -0.27321D-02 -0.42147D+01 -0.72876D-04  0.00000D+00  0.17853D-01
 0.19522D+00  0.20526D-30  0.78328D+00  0.76305D+00  0.12089D+01  0.79999D+00  0.21672D+00 -0.28549D-02 -0.42147D+01 -0.70328D-04  0.00000D+00  0.17216D-01
 0.19712D+00  0.24628D-30  0.78269D+00  0.76305D+00  0.12093D+01  0.80011D+00  0.21731D+00 -0.29721D-02 -0.42147D+01 -0.67904D-04  0.00000D+00  0.16611D-01
 0.19901D+00  0.29479D-30  0.78210D+00  0.76304D+00  0.12096D+01  0.80023D+00  0.21790D+00 -0.30839D-02 -0.42147D+01 -0.65598D-04  0.00000D+00  0.16035D-01
 0.20091D+00  0.35198D-30  0.78151D+00  0.76304D+00  0.12099D+01  0.80034D+00  0.21849D+00 -0.31907D-02 -0.42147D+01 -0.63404D-04  0.00000D+00  0.15487D-01
 0.20281D+00  0.41917D-30  0.78093D+00  0.76303D+00  0.12102D+01  0.80046D+00  0.21907D+00 -0.32927D-02 -0.42147D+01 -0.61314D-04  0.00000D+00  0.14966D-01
 0.20470D+00  0.49783D-30  0.78034D+00  0.76303D+00  0.12105D+01  0.80056D+00  0.21966D+00 -0.33900D-02 -0.42147D+01 -0.59324D-04  0.00000D+00  0.14469D-01
 0.20660D+00  0.58954D-30  0.77976D+00  0.76302D+00  0.12108D+01  0.80067D+00  0.22024D+00 -0.34831D-02 -0.42147D+01 -0.57426D-04  0.00000D+00  0.13997D-01
 0.20849D+00  0.69600D-30  0.77918D+00  0.76302D+00  0.12110D+01  0.80077D+00  0.22082D+00 -0.35719D-02 -0.42147D+01 -0.55618D-04  0.00000D+00  0.13546D-01
 0.21039D+00  0.81903D-30  0.77860D+00  0.76302D+00  0.12113D+01  0.80087D+00  0.22140D+00 -0.36569D-02 -0.42147D+01 -0.53892D-04  0.00000D+00  0.13116D-01
 0.21228D+00  0.96048D-30  0.77803D+00  0.76301D+00  0.12116D+01  0.80097D+00  0.22197D+00 -0.37380D-02 -0.42147D+01 -0.52246D-04  0.00000D+00  0.12706D-01
 0.21418D+00  0.11223D-29  0.77746D+00  0.76301D+00  0.12118D+01  0.80107D+00  0.22254D+00 -0.38156D-02 -0.42147D+01 -0.50674D-04  0.00000D+00  0.12315D-01
 0.21607D+00  0.13062D-29  0.77690D+00  0.76301D+00  0.12121D+01  0.80116D+00  0.22310D+00 -0.38898D-02 -0.42147D+01 -0.49173D-04  0.00000D+00  0.11942D-01
 0.21797D+00  0.15142D-29  0.77634D+00  0.76300D+00  0.12123D+01  0.80125D+00  0.22366D+00 -0.39607D-02 -0.42147D+01 -0.47739D-04  0.00000D+00  0.11585D-01
 0.21986D+00  0.17477D-29  0.77579D+00  0.76300D+00  0.12126D+01  0.80134D+00  0.22421D+00 -0.40285D-02 -0.42146D+01 -0.46369D-04  0.00000D+00  0.11245D-01
 0.22176D+00  0.20081D-29  0.77524D+00  0.76300D+00  0.12128D+01  0.80142D+00  0.22476D+00 -0.40933D-02 -0.42146D+01 -0.45058D-04  0.00000D+00  0.10920D-01
 0.22365D+00  0.22965D-29  0.77470D+00  0.76300D+00  0.12130D+01  0.80151D+00  0.22530D+00 -0.41553D-02 -0.42146D+01 -0.43806D-04  0.00000D+00  0.10609D-01
 0.22555D+00  0.26134D-29  0.77418D+00  0.76299D+00  0.12132D+01  0.80159D+00  0.22582D+00 -0.42146D-02 -0.42146D+01 -0.42607D-04  0.00000D+00  0.10312D-01
 0.22745D+00  0.29588D-29  0.77366D+00  0.76299D+00  0.12134D+01  0.80167D+00  0.22634D+00 -0.42713D-02 -0.42146D+01 -0.41460D-04  0.00000D+00  0.10027D-01
 0.22934D+00  0.33322D-29  0.77316D+00  0.76299D+00  0.12137D+01  0.80175D+00  0.22684D+00 -0.43255D-02 -0.42146D+01 -0.40362D-04  0.00000D+00  0.97556D-02
 0.23124D+00  0.37323D-29  0.77267D+00  0.76299D+00  0.12139D+01  0.80182D+00  0.22733D+00 -0.43774D-02 -0.42146D+01 -0.39311D-04  0.00000D+00  0.94955D-02
 0.23313D+00  0.41570D-29  0.77219D+00  0.76298D+00  0.12140D+01  0.80190D+00  0.22781D+00 -0.44270D-02 -0.42146D+01 -0.38304D-04  0.00000D+00  0.92467D-02
 0.23503D+00  0.46037D-29  0.77173D+00  0.76298D+00  0.12142D+01  0.80197D+00  0.22827D+00 -0.44745D-02 -0.42146D+01 -0.37339D-04  0.00000D+00  0.90085D-02
 0.23692D+00  0.50689D-29  0.77129D+00  0.76298D+00  0.12144D+01  0.80204D+00  0.22871D+00 -0.45199D-02 -0.42146D+01 -0.36414D-04  0.00000D+00  0.87804D-02
 0.23882D+00  0.55483D-29  0.77088D+00  0.76298D+00  0.12146D+01  0.80211D+00  0.22912D+00 -0.45633D-02 -0.42146D+01 -0.35527D-04  0.00000D+00  0.85621D-02
 0.24071D+00  0.60371D-29  0.77048D+00  0.76298D+00  0.12148D+01  0.80217D+00  0.22952D+00 -0.46048D-02 -0.42146D+01 -0.34677D-04  0.00000D+00  0.83530D-02
 0.24261D+00  0.65302D-29  0.77011D+00  0.76298D+00  0.12149D+01  0.80224D+00  0.22989D+00 -0.46445D-02 -0.42146D+01 -0.33862D-04  0.00000D+00  0.81528D-02
 0.24450D+00  0.70220D-29  0.76977D+00  0.76297D+00  0.12151D+01  0.80230D+00  0.23023D+00 -0.46825D-02 -0.42146D+01 -0.33080D-04  0.00000D+00  0.79610D-02
 0.24640D+00  0.75068D-29  0.76945D+00  0.76297D+00  0.12153D+01  0.80237D+00  0.23055D+00 -0.47188D-02 -0.42146D+01 -0.32329D-04  0.00000D+00  0.77772D-02
 0.24829D+00  0.79790D-29  0.76916D+00  0.76297D+00  0.12154D+01  0.80243D+00  0.23084D+00 -0.47535D-02 -0.42146D+01 -0.31609D-04  0.00000D+00  0.76011D-02
 0.25019D+00  0.84333D-29  0.76890D+00  0.76297D+00  0.12156D+01  0.80249D+00  0.23110D+00 -0.47867D-02 -0.42146D+01 -0.30918D-04  0.00000D+00  0.74323D-02
 0.25208D+00  0.88648D-29  0.76867D+00  0.76297D+00  0.12157D+01  0.80254D+00  0.23133D+00 -0.48184D-02 -0.42146D+01 -0.30254D-04  0.00000D+00  0.72706D-02
 0.25398D+00  0.92695D-29  0.76847D+00  0.76297D+00  0.12159D+01  0.80260D+00  0.23153D+00 -0.48488D-02 -0.42146D+01 -0.29616D-04  0.00000D+00  0.71155D-02
 0.25588D+00  0.96439D-29  0.76829D+00  0.76297D+00  0.12160D+01  0.80265D+00  0.23171D+00 -0.48778D-02 -0.42146D+01 -0.29004D-04  0.00000D+00  0.69668D-02
 0.25777D+00  0.99856D-29  0.76814D+00  0.76296D+00  0.12162D+01  0.80271D+00  0.23186D+00 -0.49055D-02 -0.42146D+01 -0.28415D-04  0.00000D+00  0.68242D-02
 0.25967D+00  0.10293D-28  0.76802D+00  0.76296D+00  0.12163D+01  0.80276D+00  0.23198D+00 -0.49320D-02 -0.42146D+01 -0.27850D-04  0.00000D+00  0.66874D-02
 0.26156D+00  0.10566D-28  0.76792D+00  0.76296D+00  0.12164D+01  0.80281D+00  0.23208D+00 -0.49573D-02 -0.42146D+01 -0.27307D-04  0.00000D+00  0.65561D-02
 0.26346D+00  0.10804D-28  0.76784D+00  0.76296D+00  0.12165D+01  0.80286D+00  0.23216D+00 -0.49815D-02 -0.42146D+01 -0.26785D-04  0.00000D+00  0.64301D-02
 0.26535D+00  0.11010D-28  0.76778D+00  0.76296D+00  0.12167D+01  0.80291D+00  0.23222D+00 -0.50045D-02 -0.42146D+01 -0.26283D-04  0.00000D+00  0.63092D-02
 0.26725D+00  0.11184D-28  0.76774D+00  0.76296D+00  0.12168D+01  0.80296D+00  0.23226D+00 -0.50266D-02 -0.42146D+01 -0.25800D-04  0.00000D+00  0.61931D-02
 0.26914D+00  0.11329D-28  0.76772D+00  0.76296D+00  0.12169D+01  0.80300D+00  0.23228D+00 -0.50476D-02 -0.42146D+01 -0.25337D-04  0.00000D+00  0.60816D-02
 0.27104D+00  0.11448D-28  0.76770D+00  0.76296D+00  0.12170D+01  0.80305D+00  0.23230D+00 -0.50677D-02 -0.42146D+01 -0.24891D-04  0.00000D+00  0.59745D-02
 0.27293D+00  0.11544D-28  0.76770D+00  0.76296D+00  0.12171D+01  0.80309D+00  0.23230D+00 -0.50869D-02 -0.42146D+01 -0.24462D-04  0.00000D+00  0.58716D-02
 0.27483D+00  0.11620D-28  0.76771D+00  0.76296D+00  0.12172D+01  0.80313D+00  0.23229D+00 -0.51052D-02 -0.42146D+01 -0.24050D-04  0.00000D+00  0.57727D-02
 0.27672D+00  0.11679D-28  0.76772D+00  0.76296D+00  0.12173D+01  0.80317D+00  0.23228D+00 -0.51226D-02 -0.42146D+01 -0.23653D-04  0.00000D+00  0.56777D-02
 0.27862D+00  0.11724D-28  0.76774D+00  0.76295D+00  0.12174D+01  0.80321D+00  0.23226D+00 -0.51392D-02 -0.42146D+01 -0.23272D-04  0.00000D+00  0.55864D-02
 0.28052D+00  0.11758D-28  0.76776D+00  0.76295D+00  0.12175D+01  0.80325D+00  0.23224D+00 -0.51550D-02 -0.42146D+01 -0.22906D-04  0.00000D+00  0.54985D-02
 0.28241D+00  0.11783D-28  0.76779D+00  0.76295D+00  0.12176D+01  0.80329D+00  0.23221D+00 -0.51701D-02 -0.42146D+01 -0.22553D-04  0.00000D+00  0.54141D-02
 0.28431D+00  0.11800D-28  0.76782D+00  0.76295D+00  0.12177D+01  0.80333D+00  0.23218D+00 -0.51844D-02 -0.42146D+01 -0.22214D-04  0.00000D+00  0.53330D-02
 0.28620D+00  0.11812D-28  0.76785D+00  0.76295D+00  0.12178D+01  0.80336D+00  0.23215D+00 -0.51981D-02 -0.42146D+01 -0.21888D-04  0.00000D+00  0.52549D-02
 0.28810D+00  0.11820D-28  0.76788D+00  0.76295D+00  0.12179D+01  0.80340D+00  0.23212D+00 -0.52110D-02 -0.42146D+01 -0.21575D-04  0.00000D+00  0.51799D-02
 0.28999D+00  0.11825D-28  0.76790D+00  0.76295D+00  0.12180D+01  0.80343D+00  0.23210D+00 -0.52234D-02 -0.42146D+01 -0.21274D-04  0.00000D+00  0.51078D-02
 0.29189D+00  0.11828D-28  0.76793D+00  0.76295D+00  0.12180D+01  0.80347D+00  0.23207D+00 -0.52351D-02 -0.42146D+01 -0.20984D-04  0.00000D+00  0.50385D-02
 0.29378D+00  0.11830D-28  0.76796D+00  0.76295D+00  0.12181D+01  0.80350D+00  0.23204D+00 -0.52462D-02 -0.42146D+01 -0.20706D-04  0.00000D+00  0.49718D-02
 0.29568D+00  0.11830D-28  0.76799D+00  0.76295D+00  0.12182D+01  0.80353D+00  0.23201D+00 -0.52567D-02 -0.42146D+01 -0.20438D-04  0.00000D+00  0.49078D-02
 0.29757D+00  0.11830D-28  0.76801D+00  0.76295D+00  0.12183D+01  0.80356D+00  0.23199D+00 -0.52667D-02 -0.42146D+01 -0.20181D-04  0.00000D+00  0.48462D-02
 0.29947D+00  0.11829D-28  0.76804D+00  0.76295D+00  0.12183D+01  0.80359D+00  0.23196D+00 -0.52762D-02 -0.42146D+01 -0.19934D-04  0.00000D+00  0.47871D-02
 0.30136D+00  0.11829D-28  0.76806D+00  0.76295D+00  0.12184D+01  0.80362D+00  0.23194D+00 -0.52852D-02 -0.42146D+01 -0.19697D-04  0.00000D+00  0.47303D-02
 0.30326D+00  0.11828D-28  0.76809D+00  0.76295D+00  0.12185D+01  0.80365D+00  0.23191D+00 -0.52936D-02 -0.42145D+01 -0.19470D-04  0.00000D+00  0.46758D-02
 0.30516D+00  0.11827D-28  0.76811D+00  0.76295D+00  0.12185D+01  0.80367D+00  0.23189D+00 -0.53016D-02 -0.42145D+01 -0.19251D-04  0.00000D+00  0.46234D-02
 0.30705D+00  0.11826D-28  0.76813D+00  0.76295D+00  0.12186D+01  0.80370D+00  0.23187D+00 -0.53092D-02 -0.42145D+01 -0.19041D-04  0.00000D+00  0.45732D-02
 0.30895D+00  0.11825D-28  0.76815D+00  0.76295D+00  0.12187D+01  0.80372D+00  0.23185D+00 -0.53163D-02 -0.42145D+01 -0.18840D-04  0.00000D+00  0.45250D-02
 0.31084D+00  0.11824D-28  0.76817D+00  0.76295D+00  0.12187D+01  0.80375D+00  0.23183D+00 -0.53230D-02 -0.42145D+01 -0.18647D-04  0.00000D+00  0.44788D-02
 0.31274D+00  0.11823D-28  0.76819D+00  0.76295D+00  0.12188D+01  0.80377D+00  0.23181D+00 -0.53293D-02 -0.42145D+01 -0.18462D-04  0.00000D+00  0.44345D-02
 0.31463D+00  0.11822D-28  0.76821D+00  0.76295D+00  0.12188D+01  0.80379D+00  0.23179D+00 -0.53352D-02 -0.42145D+01 -0.18285D-04  0.00000D+00  0.43920D-02
 0.31653D+00  0.11821D-28  0.76823D+00  0.76295D+00  0.12189D+01  0.80382D+00  0.23177D+00 -0.53408D-02 -0.42145D+01 -0.18115D-04  0.00000D+00  0.43514D-02
 0.31842D+00  0.11820D-28  0.76824D+00  0.76295D+00  0.12189D+01  0.80384D+00  0.23176D+00 -0.53460D-02 -0.42145D+01 -0.17953D-04  0.00000D+00  0.43125D-02
 0.32032D+00  0.11819D-28  0.76826D+00  0.76295D+00  0.12190D+01  0.80386D+00  0.23174D+00 -0.53509D-02 -0.42145D+01 -0.17798D-04  0.00000D+00  0.42753D-02
 0.32221D+00  0.11819D-28  0.76828D+00  0.76295D+00  0.12190D+01  0.80388D+00  0.23172D+00 -0.53554D-02 -0.42145D+01 -0.17650D-04  0.00000D+00  0.42398D-02
 0.32411D+00  0.11818D-28  0.76829D+00  0.76295D+00  0.12191D+01  0.80389D+00  0.23171D+00 -0.53596D-02 -0.42145D+01 -0.17508D-04  0.00000D+00  0.42059D-02
 0.32600D+00  0.11817D-28  0.76830D+00  0.76295D+00  0.12191D+01  0.80391D+00  0.23170D+00 -0.53636D-02 -0.42145D+01 -0.17373D-04  0.00000D+00  0.41735D-02
 0.32790D+00  0.11816D-28  0.76832D+00  0.76294D+00  0.12191D+01  0.80393D+00  0.23168D+00 -0.53672D-02 -0.42145D+01 -0.17244D-04  0.00000D+00  0.41426D-02
 0.32980D+00  0.11816D-28  0.76833D+00  0.76294D+00  0.12192D+01  0.80395D+00  0.23167D+00 -0.53706D-02 -0.42145D+01 -0.17121D-04  0.00000D+00  0.41132D-02
 0.33169D+00  0.11815D-28  0.76834D+00  0.76294D+00  0.12192D+01  0.80396D+00  0.23166D+00 -0.53738D-02 -0.42145D+01 -0.17005D-04  0.00000D+00  0.40853D-02
 0.33359D+00  0.11814D-28  0.76836D+00  0.76294D+00  0.12192D+01  0.80398D+00  0.23164D+00 -0.53767D-02 -0.42145D+01 -0.16894D-04  0.00000D+00  0.40587D-02
 0.33548D+00  0.11814D-28  0.76837D+00  0.76294D+00  0.12193D+01  0.80399D+00  0.23163D+00 -0.53793D-02 -0.42145D+01 -0.16789D-04  0.00000D+00  0.40335D-02
 0.33738D+00  0.11813D-28  0.76838D+00  0.76294D+00  0.12193D+01  0.80401D+00  0.23162D+00 -0.53818D-02 -0.42145D+01 -0.16689D-04  0.00000D+00  0.40097D-02
 0.33927D+00  0.11813D-28  0.76839D+00  0.76294D+00  0.12193D+01  0.80402D+00  0.23161D+00 -0.53840D-02 -0.42145D+01 -0.16595D-04  0.00000D+00  0.39871D-02
 0.34117D+00  0.11812D-28  0.76840D+00  0.76294D+00  0.12194D+01  0.80403D+00  0.23160D+00 -0.53861D-02 -0.42145D+01 -0.16506D-04  0.00000D+00  0.39658D-02
 0.34306D+00  0.11812D-28  0.76841D+00  0.76294D+00  0.12194D+01  0.80404D+00  0.23159D+00 -0.53879D-02 -0.42145D+01 -0.16423D-04  0.00000D+00  0.39458D-02
 0.34496D+00  0.11811D-28  0.76841D+00  0.76294D+00  0.12194D+01  0.80406D+00  0.23159D+00 -0.53896D-02 -0.42145D+01 -0.16344D-04  0.00000D+00  0.39269D-02
 0.34685D+00  0.11811D-28  0.76842D+00  0.76294D+00  0.12194D+01  0.80407D+00  0.23158D+00 -0.53911D-02 -0.42145D+01 -0.16270D-04  0.00000D+00  0.39093D-02
 0.34875D+00  0.11811D-28  0.76843D+00  0.76294D+00  0.12195D+01  0.80408D+00  0.23157D+00 -0.53924D-02 -0.42145D+01 -0.16202D-04  0.00000D+00  0.38928D-02
 0.35064D+00  0.11810D-28  0.76843D+00  0.76294D+00  0.12195D+01  0.80408D+00  0.23157D+00 -0.53936D-02 -0.42145D+01 -0.16138D-04  0.00000D+00  0.38774D-02
 0.35254D+00  0.11810D-28  0.76844D+00  0.76294D+00  0.12195D+01  0.80409D+00  0.23156D+00 -0.53947D-02 -0.42145D+01 -0.16078D-04  0.00000D+00  0.38632D-02
 0.35444D+00  0.11810D-28  0.76845D+00  0.76294D+00  0.12195D+01  0.80410D+00  0.23155D+00 -0.53956D-02 -0.42145D+01 -0.16023D-04  0.00000D+00  0.38500D-02
 0.35633D+00  0.11810D-28  0.76845D+00  0.76294D+00  0.12195D+01  0.80411D+00  0.23155D+00 -0.53964D-02 -0.42145D+01 -0.15973D-04  0.00000D+00  0.38379D-02
 0.35823D+00  0.11809D-28  0.76845D+00  0.76294D+00  0.12196D+01  0.80412D+00  0.23155D+00 -0.53971D-02 -0.42145D+01 -0.15927D-04  0.00000D+00  0.38269D-02
 0.36012D+00  0.11809D-28  0.76846D+00  0.76294D+00  0.12196D+01  0.80412D+00  0.23154D+00 -0.53977D-02 -0.42145D+01 -0.15885D-04  0.00000D+00  0.38169D-02
 0.36202D+00  0.11809D-28  0.76846D+00  0.76294D+00  0.12196D+01  0.80413D+00  0.23154D+00 -0.53982D-02 -0.42145D+01 -0.15848D-04  0.00000D+00  0.38079D-02
 0.36391D+00  0.11809D-28  0.76846D+00  0.76294D+00  0.12196D+01  0.80413D+00  0.23154D+00 -0.53986D-02 -0.42145D+01 -0.15815D-04  0.00000D+00  0.37999D-02
 0.36581D+00  0.11809D-28  0.76847D+00  0.76294D+00  0.12196D+01  0.80414D+00  0.23153D+00 -0.53989D-02 -0.42145D+01 -0.15785D-04  0.00000D+00  0.37929D-02
 0.36770D+00  0.11809D-28  0.76847D+00  0.76294D+00  0.12196D+01  0.80414D+00  0.23153D+00 -0.53992D-02 -0.42145D+01 -0.15760D-04  0.00000D+00  0.37869D-02
 0.36960D+00  0.11809D-28  0.76847D+00  0.76294D+00  0.12196D+01  0.80414D+00  0.23153D+00 -0.53994D-02 -0.42145D+01 -0.15739D-04  0.00000D+00  0.37819D-02
 0.37149D+00  0.11809D-28  0.76847D+00  0.76294D+00  0.12196D+01  0.80415D+00  0.23153D+00 -0.53995D-02 -0.42145D+01 -0.15722D-04  0.00000D+00  0.37777D-02
 0.37339D+00  0.11809D-28  0.76847D+00  0.76294D+00  0.12196D+01  0.80415D+00  0.23153D+00 -0.53996D-02 -0.42145D+01 -0.15709D-04  0.00000D+00  0.37746D-02
 0.37528D+00  0.11808D-28  0.76847D+00  0.76294D+00  0.12196D+01  0.80415D+00  0.23153D+00 -0.53997D-02 -0.42145D+01 -0.15699D-04  0.00000D+00  0.37723D-02
 0.37718D+00  0.11808D-28  0.76847D+00  0.76294D+00  0.12196D+01  0.80415D+00  0.23153D+00 -0.53997D-02 -0.42145D+01 -0.15694D-04  0.00000D+00  0.37709D-02
 0.37908D+00  0.11808D-28  0.76847D+00  0.76294D+00  0.12196D+01  0.80415D+00  0.23153D+00 -0.53997D-02 -0.42145D+01 -0.15692D-04  0.00000D+00  0.37705D-02
