             x            AR           CA           Po           Ca           CO           TE           U            W            OC           OA           Rp
 0.00000D+00  0.60000D+00  0.30000D+00  0.80000D+00  0.49913D+00  0.49913D+00  0.10000D+00  0.10000D+01 -0.42709D+01 -0.44830D+00  0.00000D+00  0.35479D+02
 0.18954D-02  0.68662D+00  0.19894D+00  0.81490D+00  0.55857D+00  0.52610D+00  0.11444D+00  0.14881D+01 -0.42854D+01 -0.37748D+00  0.00000D+00  0.18335D+02
 0.37908D-02  0.73430D+00  0.14331D+00  0.82243D+00  0.61058D+00  0.54969D+00  0.12238D+00  0.17558D+01 -0.42904D+01 -0.31824D+00  0.00000D+00  0.10682D+02
 0.56861D-02  0.76364D+00  0.10908D+00  0.82612D+00  0.65839D+00  0.57142D+00  0.12727D+00  0.18928D+01 -0.42922D+01 -0.26675D+00  0.00000D+00  0.66733D+01
 0.75815D-02  0.78284D+00  0.86690D-01  0.82777D+00  0.70357D+00  0.59202D+00  0.13047D+00  0.19551D+01 -0.42928D+01 -0.22123D+00  0.00000D+00  0.43568D+01
 0.94769D-02  0.79585D+00  0.71512D-01  0.82834D+00  0.74699D+00  0.61191D+00  0.13264D+00  0.19765D+01 -0.42930D+01 -0.18082D+00  0.00000D+00  0.29278D+01
 0.11372D-01  0.80485D+00  0.61010D-01  0.82834D+00  0.78914D+00  0.63131D+00  0.13414D+00  0.19766D+01 -0.42930D+01 -0.14504D+00  0.00000D+00  0.20036D+01
 0.13268D-01  0.81113D+00  0.53677D-01  0.82808D+00  0.83033D+00  0.65036D+00  0.13519D+00  0.19667D+01 -0.42929D+01 -0.11368D+00  0.00000D+00  0.13837D+01
 0.15163D-01  0.81552D+00  0.48564D-01  0.82772D+00  0.87075D+00  0.66916D+00  0.13592D+00  0.19531D+01 -0.42928D+01 -0.86567D-01  0.00000D+00  0.95532D+00
 0.17058D-01  0.81853D+00  0.45045D-01  0.82735D+00  0.91051D+00  0.68775D+00  0.13642D+00  0.19390D+01 -0.42926D+01 -0.63587D-01  0.00000D+00  0.65227D+00
 0.18954D-01  0.82055D+00  0.42686D-01  0.82701D+00  0.94970D+00  0.70619D+00  0.13676D+00  0.19262D+01 -0.42925D+01 -0.44604D-01  0.00000D+00  0.43444D+00
 0.20849D-01  0.82185D+00  0.41176D-01  0.82672D+00  0.98839D+00  0.72448D+00  0.13697D+00  0.19153D+01 -0.42924D+01 -0.29444D-01  0.00000D+00  0.27710D+00
 0.22745D-01  0.82262D+00  0.40277D-01  0.82649D+00  0.10266D+01  0.74266D+00  0.13710D+00  0.19064D+01 -0.42923D+01 -0.17878D-01  0.00000D+00  0.16480D+00
 0.24640D-01  0.82303D+00  0.39801D-01  0.82630D+00  0.10644D+01  0.76073D+00  0.13717D+00  0.18996D+01 -0.42922D+01 -0.96055D-02  0.00000D+00  0.87588D-01
 0.26535D-01  0.82320D+00  0.39595D-01  0.82617D+00  0.11017D+01  0.77869D+00  0.13720D+00  0.18945D+01 -0.42922D+01 -0.42403D-02  0.00000D+00  0.38496D-01
 0.28431D-01  0.82325D+00  0.39538D-01  0.82607D+00  0.11386D+01  0.79657D+00  0.13721D+00  0.18908D+01 -0.42921D+01 -0.12941D-02  0.00000D+00  0.11738D-01
 0.30326D-01  0.82325D+00  0.39537D-01  0.82600D+00  0.11751D+01  0.81434D+00  0.13721D+00  0.18882D+01 -0.42921D+01 -0.14954D-03  0.00000D+00  0.13570D-02
 0.32221D-01  0.82325D+00  0.39544D-01  0.82595D+00  0.12112D+01  0.83203D+00  0.13721D+00  0.18863D+01 -0.42921D+01  0.12488D-05  0.00000D+00 -0.11337D-04
 0.34117D-01  0.82323D+00  0.39570D-01  0.82592D+00  0.12470D+01  0.84962D+00  0.13720D+00  0.18851D+01 -0.42921D+01  0.36934D-03  0.00000D+00 -0.33558D-02
 0.36012D-01  0.82313D+00  0.39687D-01  0.82589D+00  0.12823D+01  0.86712D+00  0.13719D+00  0.18842D+01 -0.42921D+01  0.21704D-02  0.00000D+00 -0.19781D-01
 0.37908D-01  0.75923D+00  0.54526D-01  0.82588D+00  0.13172D+01  0.88452D+00  0.18624D+00  0.18837D+01 -0.42921D+01  0.64517D-02  0.26191D-01  0.45588D+02
 0.39803D-01  0.69501D+00  0.70240D-01  0.81997D+00  0.13404D+01  0.89627D+00  0.23475D+00  0.16667D+01 -0.42890D+01  0.11246D-01  0.19946D-01  0.32732D+02
 0.41698D-01  0.62392D+00  0.88965D-01  0.81177D+00  0.13552D+01  0.90400D+00  0.28712D+00  0.13812D+01 -0.42829D+01  0.15376D-01  0.16386D-01  0.25043D+02
 0.43594D-01  0.53945D+00  0.11331D+00  0.80313D+00  0.13636D+01  0.90860D+00  0.34725D+00  0.10983D+01 -0.42744D+01  0.18168D-01  0.14507D-01  0.19787D+02
 0.45489D-01  0.43586D+00  0.14644D+00  0.79496D+00  0.13666D+01  0.91063D+00  0.41771D+00  0.84665D+00 -0.42648D+01  0.19370D-01  0.13793D-01  0.15492D+02
 0.47384D-01  0.31360D+00  0.19084D+00  0.78771D+00  0.13654D+01  0.91056D+00  0.49556D+00  0.63567D+00 -0.42550D+01  0.19093D-01  0.13953D-01  0.11232D+02
 0.49280D-01  0.18871D+00  0.24485D+00  0.78163D+00  0.13608D+01  0.90891D+00  0.56644D+00  0.46742D+00 -0.42460D+01  0.17732D-01  0.14779D-01  0.67826D+01
 0.51175D-01  0.89884D-01  0.30101D+00  0.77690D+00  0.13544D+01  0.90628D+00  0.60911D+00  0.34147D+00 -0.42385D+01  0.15818D-01  0.16066D-01  0.28483D+01
 0.53071D-01  0.33184D-01  0.35221D+00  0.77354D+00  0.13470D+01  0.90322D+00  0.61461D+00  0.25450D+00 -0.42330D+01  0.13808D-01  0.17608D-01  0.29258D+00
 0.54966D-01  0.96792D-02  0.39744D+00  0.77136D+00  0.13396D+01  0.90011D+00  0.59288D+00  0.19953D+00 -0.42293D+01  0.11959D-01  0.19246D-01 -0.87157D+00
 0.56861D-01  0.23368D-02  0.43863D+00  0.77010D+00  0.13325D+01  0.89713D+00  0.55904D+00  0.16790D+00 -0.42272D+01  0.10350D-01  0.20891D-01 -0.12287D+01
 0.58757D-01  0.49358D-03  0.47633D+00  0.76945D+00  0.13259D+01  0.89433D+00  0.52318D+00  0.15184D+00 -0.42261D+01  0.89802D-02  0.22501D-01 -0.12670D+01
 0.60652D-01  0.95841D-04  0.50992D+00  0.76920D+00  0.13197D+01  0.89174D+00  0.48999D+00  0.14565D+00 -0.42256D+01  0.78191D-02  0.24058D-01 -0.12068D+01
 0.62547D-01  0.17747D-04  0.53890D+00  0.76919D+00  0.13139D+01  0.88934D+00  0.46108D+00  0.14548D+00 -0.42256D+01  0.68352D-02  0.25554D-01 -0.11200D+01
 0.64443D-01  0.32090D-05  0.56339D+00  0.76933D+00  0.13086D+01  0.88712D+00  0.43660D+00  0.14883D+00 -0.42259D+01  0.59996D-02  0.26986D-01 -0.10282D+01
 0.66338D-01  0.57454D-06  0.58389D+00  0.76954D+00  0.13036D+01  0.88506D+00  0.41611D+00  0.15414D+00 -0.42262D+01  0.52876D-02  0.28353D-01 -0.93843D+00
 0.68234D-01  0.10261D-06  0.60101D+00  0.76980D+00  0.12990D+01  0.88316D+00  0.39899D+00  0.16041D+00 -0.42267D+01  0.46787D-02  0.29655D-01 -0.85381D+00
 0.70129D-01  0.18345D-07  0.61535D+00  0.77006D+00  0.12947D+01  0.88139D+00  0.38465D+00  0.16704D+00 -0.42271D+01  0.41559D-02  0.30895D-01 -0.77561D+00
 0.72024D-01  0.32875D-08  0.62744D+00  0.77033D+00  0.12906D+01  0.87975D+00  0.37256D+00  0.17365D+00 -0.42276D+01  0.37051D-02  0.32074D-01 -0.70425D+00
 0.73920D-01  0.59063D-09  0.63770D+00  0.77058D+00  0.12869D+01  0.87822D+00  0.36230D+00  0.18004D+00 -0.42280D+01  0.33148D-02  0.33196D-01 -0.63965D+00
 0.75815D-01  0.10633D-09  0.64646D+00  0.77083D+00  0.12833D+01  0.87680D+00  0.35354D+00  0.18608D+00 -0.42284D+01  0.29755D-02  0.34263D-01 -0.58146D+00
 0.77710D-01  0.19171D-10  0.65400D+00  0.77105D+00  0.12800D+01  0.87547D+00  0.34600D+00  0.19172D+00 -0.42288D+01  0.26795D-02  0.35279D-01 -0.52919D+00
 0.79606D-01  0.34587D-11  0.66053D+00  0.77126D+00  0.12769D+01  0.87423D+00  0.33947D+00  0.19696D+00 -0.42292D+01  0.24201D-02  0.36245D-01 -0.48230D+00
 0.81501D-01  0.62400D-12  0.66621D+00  0.77145D+00  0.12740D+01  0.87306D+00  0.33379D+00  0.20179D+00 -0.42295D+01  0.21921D-02  0.37166D-01 -0.44025D+00
 0.83397D-01  0.11250D-12  0.67118D+00  0.77163D+00  0.12712D+01  0.87197D+00  0.32882D+00  0.20622D+00 -0.42298D+01  0.19910D-02  0.38044D-01 -0.40252D+00
 0.85292D-01  0.20260D-13  0.67556D+00  0.77179D+00  0.12686D+01  0.87094D+00  0.32444D+00  0.21030D+00 -0.42301D+01  0.18129D-02  0.38881D-01 -0.36865D+00
 0.87187D-01  0.36422D-14  0.67943D+00  0.77194D+00  0.12662D+01  0.86998D+00  0.32057D+00  0.21404D+00 -0.42303D+01  0.16548D-02  0.39679D-01 -0.33821D+00
 0.89083D-01  0.65343D-15  0.68286D+00  0.77208D+00  0.12639D+01  0.86907D+00  0.31714D+00  0.21747D+00 -0.42305D+01  0.15140D-02  0.40442D-01 -0.31081D+00
 0.90978D-01  0.11695D-15  0.68592D+00  0.77220D+00  0.12617D+01  0.86821D+00  0.31408D+00  0.22062D+00 -0.42308D+01  0.13882D-02  0.41171D-01 -0.28611D+00
 0.92873D-01  0.20876D-16  0.68866D+00  0.77231D+00  0.12596D+01  0.86740D+00  0.31134D+00  0.22351D+00 -0.42310D+01  0.12756D-02  0.41867D-01 -0.26381D+00
 0.94769D-01  0.37161D-17  0.69111D+00  0.77242D+00  0.12576D+01  0.86663D+00  0.30889D+00  0.22617D+00 -0.42311D+01  0.11744D-02  0.42534D-01 -0.24364D+00
 0.96664D-01  0.65950D-18  0.69331D+00  0.77252D+00  0.12557D+01  0.86590D+00  0.30669D+00  0.22862D+00 -0.42313D+01  0.10833D-02  0.43173D-01 -0.22536D+00
 0.98560D-01  0.11668D-18  0.69530D+00  0.77261D+00  0.12539D+01  0.86521D+00  0.30470D+00  0.23088D+00 -0.42314D+01  0.10011D-02  0.43785D-01 -0.20878D+00
 0.10045D+00  0.20578D-19  0.69709D+00  0.77269D+00  0.12522D+01  0.86455D+00  0.30291D+00  0.23296D+00 -0.42316D+01  0.92679D-03  0.44371D-01 -0.19370D+00
 0.10235D+00  0.36175D-20  0.69871D+00  0.77276D+00  0.12505D+01  0.86393D+00  0.30129D+00  0.23489D+00 -0.42317D+01  0.85940D-03  0.44934D-01 -0.17998D+00
 0.10425D+00  0.63385D-21  0.70019D+00  0.77283D+00  0.12490D+01  0.86333D+00  0.29981D+00  0.23667D+00 -0.42318D+01  0.79819D-03  0.45474D-01 -0.16746D+00
 0.10614D+00  0.11070D-21  0.70152D+00  0.77290D+00  0.12475D+01  0.86277D+00  0.29848D+00  0.23832D+00 -0.42319D+01  0.74247D-03  0.45994D-01 -0.15602D+00
 0.10804D+00  0.19270D-22  0.70274D+00  0.77296D+00  0.12460D+01  0.86223D+00  0.29726D+00  0.23986D+00 -0.42320D+01  0.69166D-03  0.46493D-01 -0.14556D+00
 0.10993D+00  0.33435D-23  0.70384D+00  0.77302D+00  0.12447D+01  0.86171D+00  0.29616D+00  0.24128D+00 -0.42321D+01  0.64524D-03  0.46972D-01 -0.13597D+00
 0.11183D+00  0.57826D-24  0.70485D+00  0.77307D+00  0.12434D+01  0.86122D+00  0.29515D+00  0.24261D+00 -0.42322D+01  0.60276D-03  0.47434D-01 -0.12717D+00
 0.11372D+00  0.99691D-25  0.70577D+00  0.77312D+00  0.12421D+01  0.86075D+00  0.29423D+00  0.24385D+00 -0.42323D+01  0.56382D-03  0.47879D-01 -0.11908D+00
 0.11562D+00  0.11166D-24  0.70661D+00  0.77316D+00  0.12409D+01  0.86029D+00  0.29339D+00  0.24500D+00 -0.42324D+01  0.52805D-03  0.00000D+00 -0.11164D+00
 0.11751D+00  0.12493D-24  0.70737D+00  0.77320D+00  0.12397D+01  0.85986D+00  0.29263D+00  0.24607D+00 -0.42324D+01  0.49516D-03  0.00000D+00 -0.10478D+00
 0.11941D+00  0.13963D-24  0.70807D+00  0.77324D+00  0.12386D+01  0.85945D+00  0.29193D+00  0.24708D+00 -0.42325D+01  0.46487D-03  0.00000D+00 -0.98450D-01
 0.12130D+00  0.15592D-24  0.70871D+00  0.77328D+00  0.12375D+01  0.85905D+00  0.29129D+00  0.24802D+00 -0.42326D+01  0.43693D-03  0.00000D+00 -0.92601D-01
 0.12320D+00  0.17393D-24  0.70930D+00  0.77332D+00  0.12365D+01  0.85867D+00  0.29070D+00  0.24890D+00 -0.42326D+01  0.41112D-03  0.00000D+00 -0.87190D-01
 0.12509D+00  0.19384D-24  0.70983D+00  0.77335D+00  0.12355D+01  0.85830D+00  0.29017D+00  0.24972D+00 -0.42327D+01  0.38725D-03  0.00000D+00 -0.82177D-01
 0.12699D+00  0.21585D-24  0.71032D+00  0.77338D+00  0.12346D+01  0.85795D+00  0.28968D+00  0.25050D+00 -0.42327D+01  0.36514D-03  0.00000D+00 -0.77529D-01
 0.12889D+00  0.24013D-24  0.71076D+00  0.77341D+00  0.12336D+01  0.85761D+00  0.28924D+00  0.25123D+00 -0.42328D+01  0.34464D-03  0.00000D+00 -0.73213D-01
 0.13078D+00  0.26693D-24  0.71117D+00  0.77343D+00  0.12328D+01  0.85728D+00  0.28883D+00  0.25191D+00 -0.42328D+01  0.32561D-03  0.00000D+00 -0.69201D-01
 0.13268D+00  0.29647D-24  0.71154D+00  0.77346D+00  0.12319D+01  0.85697D+00  0.28846D+00  0.25255D+00 -0.42329D+01  0.30792D-03  0.00000D+00 -0.65469D-01
 0.13457D+00  0.32901D-24  0.71188D+00  0.77348D+00  0.12311D+01  0.85666D+00  0.28812D+00  0.25316D+00 -0.42329D+01  0.29146D-03  0.00000D+00 -0.61992D-01
 0.13647D+00  0.36485D-24  0.71219D+00  0.77351D+00  0.12303D+01  0.85637D+00  0.28781D+00  0.25373D+00 -0.42329D+01  0.27613D-03  0.00000D+00 -0.58751D-01
 0.13836D+00  0.40427D-24  0.71247D+00  0.77353D+00  0.12295D+01  0.85609D+00  0.28753D+00  0.25427D+00 -0.42330D+01  0.26183D-03  0.00000D+00 -0.55725D-01
 0.14026D+00  0.44763D-24  0.71273D+00  0.77355D+00  0.12288D+01  0.85582D+00  0.28727D+00  0.25478D+00 -0.42330D+01  0.24848D-03  0.00000D+00 -0.52899D-01
 0.14215D+00  0.49527D-24  0.71296D+00  0.77356D+00  0.12280D+01  0.85555D+00  0.28704D+00  0.25526D+00 -0.42330D+01  0.23601D-03  0.00000D+00 -0.50256D-01
 0.14405D+00  0.54760D-24  0.71317D+00  0.77358D+00  0.12273D+01  0.85530D+00  0.28683D+00  0.25571D+00 -0.42331D+01  0.22435D-03  0.00000D+00 -0.47782D-01
 0.14594D+00  0.60504D-24  0.71335D+00  0.77360D+00  0.12267D+01  0.85505D+00  0.28665D+00  0.25614D+00 -0.42331D+01  0.21343D-03  0.00000D+00 -0.45465D-01
 0.14784D+00  0.66804D-24  0.71352D+00  0.77362D+00  0.12260D+01  0.85482D+00  0.28648D+00  0.25654D+00 -0.42331D+01  0.20320D-03  0.00000D+00 -0.43293D-01
 0.14973D+00  0.73712D-24  0.71367D+00  0.77363D+00  0.12254D+01  0.85459D+00  0.28633D+00  0.25693D+00 -0.42332D+01  0.19360D-03  0.00000D+00 -0.41255D-01
 0.15163D+00  0.81281D-24  0.71381D+00  0.77364D+00  0.12248D+01  0.85436D+00  0.28619D+00  0.25729D+00 -0.42332D+01  0.18460D-03  0.00000D+00 -0.39341D-01
 0.15353D+00  0.89570D-24  0.71393D+00  0.77366D+00  0.12242D+01  0.85415D+00  0.28607D+00  0.25764D+00 -0.42332D+01  0.17614D-03  0.00000D+00 -0.37542D-01
 0.15542D+00  0.98642D-24  0.71403D+00  0.77367D+00  0.12236D+01  0.85394D+00  0.28597D+00  0.25796D+00 -0.42332D+01  0.16818D-03  0.00000D+00 -0.35850D-01
 0.15732D+00  0.10857D-23  0.71413D+00  0.77368D+00  0.12230D+01  0.85374D+00  0.28587D+00  0.25828D+00 -0.42332D+01  0.16070D-03  0.00000D+00 -0.34257D-01
 0.15921D+00  0.11942D-23  0.71420D+00  0.77369D+00  0.12225D+01  0.85354D+00  0.28580D+00  0.25857D+00 -0.42333D+01  0.15365D-03  0.00000D+00 -0.32757D-01
 0.16111D+00  0.13128D-23  0.71427D+00  0.77371D+00  0.12220D+01  0.85335D+00  0.28573D+00  0.25885D+00 -0.42333D+01  0.14701D-03  0.00000D+00 -0.31343D-01
 0.16300D+00  0.14423D-23  0.71433D+00  0.77372D+00  0.12215D+01  0.85316D+00  0.28567D+00  0.25912D+00 -0.42333D+01  0.14075D-03  0.00000D+00 -0.30009D-01
 0.16490D+00  0.15837D-23  0.71438D+00  0.77373D+00  0.12210D+01  0.85298D+00  0.28562D+00  0.25937D+00 -0.42333D+01  0.13485D-03  0.00000D+00 -0.28751D-01
 0.16679D+00  0.17379D-23  0.71441D+00  0.77374D+00  0.12205D+01  0.85281D+00  0.28559D+00  0.25961D+00 -0.42333D+01  0.12927D-03  0.00000D+00 -0.27562D-01
 0.16869D+00  0.19062D-23  0.71444D+00  0.77374D+00  0.12200D+01  0.85264D+00  0.28556D+00  0.25984D+00 -0.42333D+01  0.12400D-03  0.00000D+00 -0.26438D-01
 0.17058D+00  0.20895D-23  0.71446D+00  0.77375D+00  0.12196D+01  0.85248D+00  0.28554D+00  0.26006D+00 -0.42334D+01  0.11902D-03  0.00000D+00 -0.25375D-01
 0.17248D+00  0.22893D-23  0.71448D+00  0.77376D+00  0.12191D+01  0.85232D+00  0.28552D+00  0.26027D+00 -0.42334D+01  0.11430D-03  0.00000D+00 -0.24370D-01
 0.17437D+00  0.25069D-23  0.71448D+00  0.77377D+00  0.12187D+01  0.85216D+00  0.28552D+00  0.26046D+00 -0.42334D+01  0.10984D-03  0.00000D+00 -0.23418D-01
 0.17627D+00  0.27438D-23  0.71448D+00  0.77378D+00  0.12183D+01  0.85201D+00  0.28552D+00  0.26065D+00 -0.42334D+01  0.10561D-03  0.00000D+00 -0.22516D-01
 0.17817D+00  0.30014D-23  0.71447D+00  0.77378D+00  0.12179D+01  0.85186D+00  0.28553D+00  0.26083D+00 -0.42334D+01  0.10161D-03  0.00000D+00 -0.21661D-01
 0.18006D+00  0.32817D-23  0.71446D+00  0.77379D+00  0.12175D+01  0.85172D+00  0.28554D+00  0.26100D+00 -0.42334D+01  0.97807D-04  0.00000D+00 -0.20850D-01
 0.18196D+00  0.35863D-23  0.71444D+00  0.77380D+00  0.12171D+01  0.85158D+00  0.28556D+00  0.26117D+00 -0.42334D+01  0.94202D-04  0.00000D+00 -0.20080D-01
 0.18385D+00  0.39172D-23  0.71442D+00  0.77380D+00  0.12168D+01  0.85145D+00  0.28558D+00  0.26132D+00 -0.42334D+01  0.90781D-04  0.00000D+00 -0.19350D-01
 0.18575D+00  0.42766D-23  0.71439D+00  0.77381D+00  0.12164D+01  0.85132D+00  0.28561D+00  0.26147D+00 -0.42335D+01  0.87531D-04  0.00000D+00 -0.18656D-01
 0.18764D+00  0.46668D-23  0.71436D+00  0.77381D+00  0.12161D+01  0.85119D+00  0.28564D+00  0.26162D+00 -0.42335D+01  0.84442D-04  0.00000D+00 -0.17996D-01
 0.18954D+00  0.50902D-23  0.71432D+00  0.77382D+00  0.12157D+01  0.85106D+00  0.28568D+00  0.26175D+00 -0.42335D+01  0.81506D-04  0.00000D+00 -0.17369D-01
 0.19143D+00  0.55494D-23  0.71428D+00  0.77382D+00  0.12154D+01  0.85094D+00  0.28572D+00  0.26188D+00 -0.42335D+01  0.78713D-04  0.00000D+00 -0.16773D-01
 0.19333D+00  0.60473D-23  0.71423D+00  0.77383D+00  0.12151D+01  0.85082D+00  0.28577D+00  0.26201D+00 -0.42335D+01  0.76054D-04  0.00000D+00 -0.16205D-01
 0.19522D+00  0.65869D-23  0.71419D+00  0.77383D+00  0.12148D+01  0.85071D+00  0.28581D+00  0.26213D+00 -0.42335D+01  0.73523D-04  0.00000D+00 -0.15664D-01
 0.19712D+00  0.71714D-23  0.71414D+00  0.77384D+00  0.12144D+01  0.85060D+00  0.28586D+00  0.26224D+00 -0.42335D+01  0.71112D-04  0.00000D+00 -0.15149D-01
 0.19901D+00  0.78043D-23  0.71408D+00  0.77384D+00  0.12141D+01  0.85049D+00  0.28592D+00  0.26235D+00 -0.42335D+01  0.68815D-04  0.00000D+00 -0.14658D-01
 0.20091D+00  0.84894D-23  0.71402D+00  0.77385D+00  0.12139D+01  0.85038D+00  0.28598D+00  0.26245D+00 -0.42335D+01  0.66624D-04  0.00000D+00 -0.14190D-01
 0.20281D+00  0.92307D-23  0.71396D+00  0.77385D+00  0.12136D+01  0.85028D+00  0.28604D+00  0.26255D+00 -0.42335D+01  0.64535D-04  0.00000D+00 -0.13744D-01
 0.20470D+00  0.10032D-22  0.71390D+00  0.77385D+00  0.12133D+01  0.85017D+00  0.28610D+00  0.26265D+00 -0.42335D+01  0.62541D-04  0.00000D+00 -0.13318D-01
 0.20660D+00  0.10899D-22  0.71384D+00  0.77386D+00  0.12130D+01  0.85008D+00  0.28616D+00  0.26274D+00 -0.42335D+01  0.60638D-04  0.00000D+00 -0.12911D-01
 0.20849D+00  0.11836D-22  0.71377D+00  0.77386D+00  0.12128D+01  0.84998D+00  0.28623D+00  0.26283D+00 -0.42335D+01  0.58821D-04  0.00000D+00 -0.12523D-01
 0.21039D+00  0.12848D-22  0.71370D+00  0.77386D+00  0.12125D+01  0.84989D+00  0.28630D+00  0.26291D+00 -0.42335D+01  0.57085D-04  0.00000D+00 -0.12152D-01
 0.21228D+00  0.13941D-22  0.71363D+00  0.77387D+00  0.12123D+01  0.84979D+00  0.28637D+00  0.26299D+00 -0.42336D+01  0.55426D-04  0.00000D+00 -0.11798D-01
 0.21418D+00  0.15121D-22  0.71356D+00  0.77387D+00  0.12120D+01  0.84970D+00  0.28644D+00  0.26307D+00 -0.42336D+01  0.53840D-04  0.00000D+00 -0.11459D-01
 0.21607D+00  0.16394D-22  0.71349D+00  0.77387D+00  0.12118D+01  0.84962D+00  0.28651D+00  0.26314D+00 -0.42336D+01  0.52323D-04  0.00000D+00 -0.11135D-01
 0.21797D+00  0.17767D-22  0.71341D+00  0.77388D+00  0.12116D+01  0.84953D+00  0.28659D+00  0.26321D+00 -0.42336D+01  0.50872D-04  0.00000D+00 -0.10825D-01
 0.21986D+00  0.19248D-22  0.71333D+00  0.77388D+00  0.12114D+01  0.84945D+00  0.28667D+00  0.26328D+00 -0.42336D+01  0.49484D-04  0.00000D+00 -0.10528D-01
 0.22176D+00  0.20845D-22  0.71326D+00  0.77388D+00  0.12112D+01  0.84937D+00  0.28674D+00  0.26334D+00 -0.42336D+01  0.48154D-04  0.00000D+00 -0.10244D-01
 0.22365D+00  0.22565D-22  0.71318D+00  0.77388D+00  0.12109D+01  0.84929D+00  0.28682D+00  0.26340D+00 -0.42336D+01  0.46881D-04  0.00000D+00 -0.99718D-02
 0.22555D+00  0.24418D-22  0.71310D+00  0.77389D+00  0.12107D+01  0.84921D+00  0.28690D+00  0.26346D+00 -0.42336D+01  0.45662D-04  0.00000D+00 -0.97112D-02
 0.22745D+00  0.26414D-22  0.71302D+00  0.77389D+00  0.12105D+01  0.84914D+00  0.28698D+00  0.26352D+00 -0.42336D+01  0.44494D-04  0.00000D+00 -0.94616D-02
 0.22934D+00  0.28562D-22  0.71293D+00  0.77389D+00  0.12103D+01  0.84906D+00  0.28707D+00  0.26357D+00 -0.42336D+01  0.43374D-04  0.00000D+00 -0.92223D-02
 0.23124D+00  0.30873D-22  0.71285D+00  0.77389D+00  0.12102D+01  0.84899D+00  0.28715D+00  0.26363D+00 -0.42336D+01  0.42300D-04  0.00000D+00 -0.89930D-02
 0.23313D+00  0.33360D-22  0.71277D+00  0.77389D+00  0.12100D+01  0.84892D+00  0.28723D+00  0.26368D+00 -0.42336D+01  0.41271D-04  0.00000D+00 -0.87730D-02
 0.23503D+00  0.36034D-22  0.71268D+00  0.77390D+00  0.12098D+01  0.84885D+00  0.28732D+00  0.26372D+00 -0.42336D+01  0.40283D-04  0.00000D+00 -0.85620D-02
 0.23692D+00  0.38908D-22  0.71260D+00  0.77390D+00  0.12096D+01  0.84879D+00  0.28740D+00  0.26377D+00 -0.42336D+01  0.39336D-04  0.00000D+00 -0.83595D-02
 0.23882D+00  0.41997D-22  0.71251D+00  0.77390D+00  0.12095D+01  0.84872D+00  0.28749D+00  0.26381D+00 -0.42336D+01  0.38427D-04  0.00000D+00 -0.81653D-02
 0.24071D+00  0.45316D-22  0.71243D+00  0.77390D+00  0.12093D+01  0.84866D+00  0.28757D+00  0.26386D+00 -0.42336D+01  0.37554D-04  0.00000D+00 -0.79788D-02
 0.24261D+00  0.48880D-22  0.71234D+00  0.77390D+00  0.12091D+01  0.84859D+00  0.28766D+00  0.26390D+00 -0.42336D+01  0.36716D-04  0.00000D+00 -0.77997D-02
 0.24450D+00  0.52707D-22  0.71226D+00  0.77390D+00  0.12090D+01  0.84853D+00  0.28774D+00  0.26393D+00 -0.42336D+01  0.35911D-04  0.00000D+00 -0.76278D-02
 0.24640D+00  0.56814D-22  0.71217D+00  0.77391D+00  0.12088D+01  0.84848D+00  0.28783D+00  0.26397D+00 -0.42336D+01  0.35138D-04  0.00000D+00 -0.74626D-02
 0.24829D+00  0.61221D-22  0.71208D+00  0.77391D+00  0.12087D+01  0.84842D+00  0.28792D+00  0.26401D+00 -0.42336D+01  0.34395D-04  0.00000D+00 -0.73039D-02
 0.25019D+00  0.65948D-22  0.71199D+00  0.77391D+00  0.12085D+01  0.84836D+00  0.28801D+00  0.26404D+00 -0.42336D+01  0.33681D-04  0.00000D+00 -0.71515D-02
 0.25208D+00  0.71017D-22  0.71191D+00  0.77391D+00  0.12084D+01  0.84831D+00  0.28809D+00  0.26407D+00 -0.42336D+01  0.32995D-04  0.00000D+00 -0.70049D-02
 0.25398D+00  0.76451D-22  0.71182D+00  0.77391D+00  0.12083D+01  0.84825D+00  0.28818D+00  0.26410D+00 -0.42336D+01  0.32336D-04  0.00000D+00 -0.68641D-02
 0.25588D+00  0.82274D-22  0.71173D+00  0.77391D+00  0.12081D+01  0.84820D+00  0.28827D+00  0.26413D+00 -0.42336D+01  0.31702D-04  0.00000D+00 -0.67287D-02
 0.25777D+00  0.88512D-22  0.71164D+00  0.77391D+00  0.12080D+01  0.84815D+00  0.28836D+00  0.26416D+00 -0.42336D+01  0.31093D-04  0.00000D+00 -0.65985D-02
 0.25967D+00  0.95193D-22  0.71156D+00  0.77391D+00  0.12079D+01  0.84810D+00  0.28844D+00  0.26419D+00 -0.42336D+01  0.30507D-04  0.00000D+00 -0.64733D-02
 0.26156D+00  0.10235D-21  0.71147D+00  0.77392D+00  0.12077D+01  0.84805D+00  0.28853D+00  0.26422D+00 -0.42336D+01  0.29943D-04  0.00000D+00 -0.63528D-02
 0.26346D+00  0.11000D-21  0.71138D+00  0.77392D+00  0.12076D+01  0.84800D+00  0.28862D+00  0.26424D+00 -0.42336D+01  0.29401D-04  0.00000D+00 -0.62370D-02
 0.26535D+00  0.11820D-21  0.71129D+00  0.77392D+00  0.12075D+01  0.84796D+00  0.28871D+00  0.26426D+00 -0.42336D+01  0.28879D-04  0.00000D+00 -0.61256D-02
 0.26725D+00  0.12696D-21  0.71121D+00  0.77392D+00  0.12074D+01  0.84791D+00  0.28879D+00  0.26429D+00 -0.42336D+01  0.28378D-04  0.00000D+00 -0.60184D-02
 0.26914D+00  0.13634D-21  0.71112D+00  0.77392D+00  0.12073D+01  0.84787D+00  0.28888D+00  0.26431D+00 -0.42336D+01  0.27895D-04  0.00000D+00 -0.59153D-02
 0.27104D+00  0.14636D-21  0.71103D+00  0.77392D+00  0.12072D+01  0.84783D+00  0.28897D+00  0.26433D+00 -0.42336D+01  0.27430D-04  0.00000D+00 -0.58160D-02
 0.27293D+00  0.15708D-21  0.71095D+00  0.77392D+00  0.12071D+01  0.84779D+00  0.28905D+00  0.26435D+00 -0.42336D+01  0.26983D-04  0.00000D+00 -0.57205D-02
 0.27483D+00  0.16852D-21  0.71086D+00  0.77392D+00  0.12070D+01  0.84774D+00  0.28914D+00  0.26437D+00 -0.42336D+01  0.26553D-04  0.00000D+00 -0.56286D-02
 0.27672D+00  0.18075D-21  0.71077D+00  0.77392D+00  0.12069D+01  0.84771D+00  0.28923D+00  0.26439D+00 -0.42336D+01  0.26139D-04  0.00000D+00 -0.55402D-02
 0.27862D+00  0.19382D-21  0.71069D+00  0.77392D+00  0.12068D+01  0.84767D+00  0.28931D+00  0.26440D+00 -0.42336D+01  0.25741D-04  0.00000D+00 -0.54551D-02
 0.28052D+00  0.20776D-21  0.71060D+00  0.77392D+00  0.12067D+01  0.84763D+00  0.28940D+00  0.26442D+00 -0.42336D+01  0.25358D-04  0.00000D+00 -0.53732D-02
 0.28241D+00  0.22265D-21  0.71052D+00  0.77392D+00  0.12066D+01  0.84759D+00  0.28948D+00  0.26444D+00 -0.42336D+01  0.24989D-04  0.00000D+00 -0.52944D-02
 0.28431D+00  0.23853D-21  0.71043D+00  0.77392D+00  0.12065D+01  0.84756D+00  0.28957D+00  0.26445D+00 -0.42336D+01  0.24634D-04  0.00000D+00 -0.52186D-02
 0.28620D+00  0.25548D-21  0.71035D+00  0.77393D+00  0.12064D+01  0.84752D+00  0.28965D+00  0.26446D+00 -0.42336D+01  0.24292D-04  0.00000D+00 -0.51456D-02
 0.28810D+00  0.27356D-21  0.71026D+00  0.77393D+00  0.12064D+01  0.84749D+00  0.28974D+00  0.26448D+00 -0.42336D+01  0.23964D-04  0.00000D+00 -0.50754D-02
 0.28999D+00  0.29283D-21  0.71018D+00  0.77393D+00  0.12063D+01  0.84746D+00  0.28982D+00  0.26449D+00 -0.42336D+01  0.23648D-04  0.00000D+00 -0.50079D-02
 0.29189D+00  0.31338D-21  0.71009D+00  0.77393D+00  0.12062D+01  0.84743D+00  0.28991D+00  0.26450D+00 -0.42336D+01  0.23344D-04  0.00000D+00 -0.49429D-02
 0.29378D+00  0.33528D-21  0.71001D+00  0.77393D+00  0.12061D+01  0.84739D+00  0.28999D+00  0.26451D+00 -0.42336D+01  0.23052D-04  0.00000D+00 -0.48804D-02
 0.29568D+00  0.35861D-21  0.70993D+00  0.77393D+00  0.12061D+01  0.84736D+00  0.29007D+00  0.26453D+00 -0.42337D+01  0.22770D-04  0.00000D+00 -0.48203D-02
 0.29757D+00  0.38346D-21  0.70984D+00  0.77393D+00  0.12060D+01  0.84734D+00  0.29016D+00  0.26454D+00 -0.42337D+01  0.22500D-04  0.00000D+00 -0.47626D-02
 0.29947D+00  0.40993D-21  0.70976D+00  0.77393D+00  0.12059D+01  0.84731D+00  0.29024D+00  0.26455D+00 -0.42337D+01  0.22240D-04  0.00000D+00 -0.47070D-02
 0.30136D+00  0.43811D-21  0.70968D+00  0.77393D+00  0.12059D+01  0.84728D+00  0.29032D+00  0.26456D+00 -0.42337D+01  0.21991D-04  0.00000D+00 -0.46536D-02
 0.30326D+00  0.46811D-21  0.70960D+00  0.77393D+00  0.12058D+01  0.84725D+00  0.29040D+00  0.26456D+00 -0.42337D+01  0.21751D-04  0.00000D+00 -0.46024D-02
 0.30516D+00  0.50003D-21  0.70952D+00  0.77393D+00  0.12057D+01  0.84723D+00  0.29048D+00  0.26457D+00 -0.42337D+01  0.21521D-04  0.00000D+00 -0.45531D-02
 0.30705D+00  0.53399D-21  0.70944D+00  0.77393D+00  0.12057D+01  0.84720D+00  0.29056D+00  0.26458D+00 -0.42337D+01  0.21299D-04  0.00000D+00 -0.45058D-02
 0.30895D+00  0.57012D-21  0.70936D+00  0.77393D+00  0.12056D+01  0.84718D+00  0.29064D+00  0.26459D+00 -0.42337D+01  0.21087D-04  0.00000D+00 -0.44604D-02
 0.31084D+00  0.60853D-21  0.70928D+00  0.77393D+00  0.12056D+01  0.84716D+00  0.29072D+00  0.26459D+00 -0.42337D+01  0.20884D-04  0.00000D+00 -0.44168D-02
 0.31274D+00  0.64937D-21  0.70920D+00  0.77393D+00  0.12055D+01  0.84713D+00  0.29080D+00  0.26460D+00 -0.42337D+01  0.20688D-04  0.00000D+00 -0.43750D-02
 0.31463D+00  0.69278D-21  0.70912D+00  0.77393D+00  0.12055D+01  0.84711D+00  0.29088D+00  0.26461D+00 -0.42337D+01  0.20501D-04  0.00000D+00 -0.43350D-02
 0.31653D+00  0.73891D-21  0.70905D+00  0.77393D+00  0.12054D+01  0.84709D+00  0.29095D+00  0.26461D+00 -0.42337D+01  0.20322D-04  0.00000D+00 -0.42966D-02
 0.31842D+00  0.78791D-21  0.70897D+00  0.77393D+00  0.12054D+01  0.84707D+00  0.29103D+00  0.26462D+00 -0.42337D+01  0.20150D-04  0.00000D+00 -0.42599D-02
 0.32032D+00  0.83997D-21  0.70889D+00  0.77393D+00  0.12053D+01  0.84705D+00  0.29111D+00  0.26462D+00 -0.42337D+01  0.19986D-04  0.00000D+00 -0.42247D-02
 0.32221D+00  0.89524D-21  0.70882D+00  0.77393D+00  0.12053D+01  0.84703D+00  0.29118D+00  0.26463D+00 -0.42337D+01  0.19829D-04  0.00000D+00 -0.41911D-02
 0.32411D+00  0.95393D-21  0.70874D+00  0.77393D+00  0.12052D+01  0.84701D+00  0.29126D+00  0.26463D+00 -0.42337D+01  0.19679D-04  0.00000D+00 -0.41589D-02
 0.32600D+00  0.10162D-20  0.70867D+00  0.77393D+00  0.12052D+01  0.84700D+00  0.29133D+00  0.26464D+00 -0.42337D+01  0.19536D-04  0.00000D+00 -0.41283D-02
 0.32790D+00  0.10823D-20  0.70859D+00  0.77393D+00  0.12052D+01  0.84698D+00  0.29141D+00  0.26464D+00 -0.42337D+01  0.19400D-04  0.00000D+00 -0.40990D-02
 0.32980D+00  0.11525D-20  0.70852D+00  0.77393D+00  0.12051D+01  0.84696D+00  0.29148D+00  0.26464D+00 -0.42337D+01  0.19270D-04  0.00000D+00 -0.40711D-02
 0.33169D+00  0.12269D-20  0.70845D+00  0.77393D+00  0.12051D+01  0.84695D+00  0.29155D+00  0.26465D+00 -0.42337D+01  0.19146D-04  0.00000D+00 -0.40446D-02
 0.33359D+00  0.13057D-20  0.70837D+00  0.77393D+00  0.12051D+01  0.84693D+00  0.29163D+00  0.26465D+00 -0.42337D+01  0.19029D-04  0.00000D+00 -0.40194D-02
 0.33548D+00  0.13894D-20  0.70830D+00  0.77393D+00  0.12050D+01  0.84692D+00  0.29170D+00  0.26465D+00 -0.42337D+01  0.18917D-04  0.00000D+00 -0.39954D-02
 0.33738D+00  0.14781D-20  0.70823D+00  0.77393D+00  0.12050D+01  0.84691D+00  0.29177D+00  0.26466D+00 -0.42337D+01  0.18812D-04  0.00000D+00 -0.39727D-02
 0.33927D+00  0.15720D-20  0.70816D+00  0.77393D+00  0.12050D+01  0.84689D+00  0.29184D+00  0.26466D+00 -0.42337D+01  0.18712D-04  0.00000D+00 -0.39512D-02
 0.34117D+00  0.16716D-20  0.70809D+00  0.77393D+00  0.12049D+01  0.84688D+00  0.29191D+00  0.26466D+00 -0.42337D+01  0.18618D-04  0.00000D+00 -0.39309D-02
 0.34306D+00  0.17771D-20  0.70802D+00  0.77393D+00  0.12049D+01  0.84687D+00  0.29198D+00  0.26466D+00 -0.42337D+01  0.18529D-04  0.00000D+00 -0.39118D-02
 0.34496D+00  0.18888D-20  0.70795D+00  0.77393D+00  0.12049D+01  0.84686D+00  0.29205D+00  0.26466D+00 -0.42337D+01  0.18445D-04  0.00000D+00 -0.38938D-02
 0.34685D+00  0.20072D-20  0.70788D+00  0.77393D+00  0.12049D+01  0.84685D+00  0.29212D+00  0.26467D+00 -0.42337D+01  0.18367D-04  0.00000D+00 -0.38769D-02
 0.34875D+00  0.21324D-20  0.70782D+00  0.77393D+00  0.12049D+01  0.84684D+00  0.29218D+00  0.26467D+00 -0.42337D+01  0.18294D-04  0.00000D+00 -0.38611D-02
 0.35064D+00  0.22650D-20  0.70775D+00  0.77393D+00  0.12048D+01  0.84683D+00  0.29225D+00  0.26467D+00 -0.42337D+01  0.18226D-04  0.00000D+00 -0.38464D-02
 0.35254D+00  0.24053D-20  0.70768D+00  0.77393D+00  0.12048D+01  0.84682D+00  0.29232D+00  0.26467D+00 -0.42337D+01  0.18163D-04  0.00000D+00 -0.38327D-02
 0.35444D+00  0.25538D-20  0.70762D+00  0.77393D+00  0.12048D+01  0.84682D+00  0.29238D+00  0.26467D+00 -0.42337D+01  0.18104D-04  0.00000D+00 -0.38200D-02
 0.35633D+00  0.27108D-20  0.70755D+00  0.77393D+00  0.12048D+01  0.84681D+00  0.29245D+00  0.26467D+00 -0.42337D+01  0.18051D-04  0.00000D+00 -0.38084D-02
 0.35823D+00  0.28769D-20  0.70749D+00  0.77393D+00  0.12048D+01  0.84680D+00  0.29251D+00  0.26467D+00 -0.42337D+01  0.18002D-04  0.00000D+00 -0.37977D-02
 0.36012D+00  0.30525D-20  0.70743D+00  0.77393D+00  0.12048D+01  0.84680D+00  0.29257D+00  0.26467D+00 -0.42337D+01  0.17958D-04  0.00000D+00 -0.37880D-02
 0.36202D+00  0.32382D-20  0.70736D+00  0.77393D+00  0.12048D+01  0.84679D+00  0.29264D+00  0.26467D+00 -0.42337D+01  0.17918D-04  0.00000D+00 -0.37793D-02
 0.36391D+00  0.34345D-20  0.70730D+00  0.77393D+00  0.12047D+01  0.84679D+00  0.29270D+00  0.26467D+00 -0.42337D+01  0.17883D-04  0.00000D+00 -0.37715D-02
 0.36581D+00  0.36419D-20  0.70724D+00  0.77393D+00  0.12047D+01  0.84678D+00  0.29276D+00  0.26467D+00 -0.42337D+01  0.17852D-04  0.00000D+00 -0.37646D-02
 0.36770D+00  0.38610D-20  0.70718D+00  0.77393D+00  0.12047D+01  0.84678D+00  0.29282D+00  0.26468D+00 -0.42337D+01  0.17825D-04  0.00000D+00 -0.37587D-02
 0.36960D+00  0.40925D-20  0.70712D+00  0.77393D+00  0.12047D+01  0.84677D+00  0.29288D+00  0.26468D+00 -0.42337D+01  0.17802D-04  0.00000D+00 -0.37536D-02
 0.37149D+00  0.43370D-20  0.70706D+00  0.77393D+00  0.12047D+01  0.84677D+00  0.29294D+00  0.26468D+00 -0.42337D+01  0.17784D-04  0.00000D+00 -0.37495D-02
 0.37339D+00  0.45952D-20  0.70700D+00  0.77393D+00  0.12047D+01  0.84677D+00  0.29300D+00  0.26468D+00 -0.42337D+01  0.17770D-04  0.00000D+00 -0.37462D-02
 0.37528D+00  0.48678D-20  0.70694D+00  0.77393D+00  0.12047D+01  0.84677D+00  0.29306D+00  0.26468D+00 -0.42337D+01  0.17760D-04  0.00000D+00 -0.37438D-02
 0.37718D+00  0.51556D-20  0.70688D+00  0.77393D+00  0.12047D+01  0.84677D+00  0.29312D+00  0.26468D+00 -0.42337D+01  0.17754D-04  0.00000D+00 -0.37422D-02
 0.37908D+00  0.54593D-20  0.70683D+00  0.77393D+00  0.12047D+01  0.84677D+00  0.29317D+00  0.26468D+00 -0.42337D+01  0.17752D-04  0.00000D+00 -0.37415D-02
