# x AR CA ca co phi u v
0.00000e+00 6.00000e-01 3.00000e-01 4.99135e-01 4.99135e-01 8.00000e-01 1.00000e+00 -4.28317e+00
1.90490e-03 6.02538e-01 2.97039e-01 5.18131e-01 5.13099e-01 8.00849e-01 1.02646e+00 -4.28415e+00
3.80980e-03 6.02500e-01 2.97083e-01 5.29754e-01 5.23171e-01 8.00830e-01 1.02586e+00 -4.28413e+00
5.71470e-03 6.02471e-01 2.97117e-01 5.36411e-01 5.30245e-01 8.00820e-01 1.02557e+00 -4.28412e+00
7.61960e-03 6.02456e-01 2.97135e-01 5.39952e-01 5.35066e-01 8.00815e-01 1.02541e+00 -4.28411e+00
9.52450e-03 6.02448e-01 2.97144e-01 5.41689e-01 5.38257e-01 8.00813e-01 1.02533e+00 -4.28411e+00
1.14294e-02 6.02444e-01 2.97148e-01 5.42469e-01 5.40331e-01 8.00812e-01 1.02530e+00 -4.28411e+00
1.33343e-02 6.02442e-01 2.97151e-01 5.42786e-01 5.41718e-01 8.00811e-01 1.02528e+00 -4.28411e+00
1.52392e-02 6.02441e-01 2.97152e-01 5.42901e-01 5.42801e-01 8.00811e-01 1.02527e+00 -4.28411e+00
1.71441e-02 6.02440e-01 2.97153e-01 5.42946e-01 5.43977e-01 8.00810e-01 1.02526e+00 -4.28411e+00
1.90490e-02 6.02439e-01 2.97155e-01 5.43007e-01 5.45721e-01 8.00810e-01 1.02524e+00 -4.28411e+00
2.09539e-02 6.02436e-01 2.97158e-01 5.43222e-01 5.48672e-01 8.00809e-01 1.02521e+00 -4.28411e+00
2.28588e-02 6.02430e-01 2.97165e-01 5.43917e-01 5.53707e-01 8.00807e-01 1.02515e+00 -4.28410e+00
2.47637e-02 6.02418e-01 2.97179e-01 5.45864e-01 5.62005e-01 8.00803e-01 1.02502e+00 -4.28410e+00
2.66686e-02 6.02393e-01 2.97209e-01 5.50651e-01 5.75059e-01 8.00794e-01 1.02475e+00 -4.28409e+00
2.85735e-02 6.02344e-01 2.97265e-01 5.61139e-01 5.94628e-01 8.00778e-01 1.02424e+00 -4.28407e+00
3.04784e-02 6.02251e-01 2.97373e-01 5.81784e-01 6.22613e-01 8.00747e-01 1.02327e+00 -4.28403e+00
3.23833e-02 6.02083e-01 2.97570e-01 6.18483e-01 6.60855e-01 8.00690e-01 1.02149e+00 -4.28397e+00
3.42882e-02 6.01794e-01 2.97906e-01 6.77599e-01 7.10865e-01 8.00602e-01 1.01875e+00 -4.28387e+00
3.61931e-02 6.01344e-01 2.98432e-01 7.64008e-01 7.73466e-01 8.00900e-01 1.02808e+00 -4.28421e+00
3.80980e-02 5.74747e-01 3.18610e-01 8.76702e-01 8.47160e-01 8.12578e-01 1.40951e+00 -4.29585e+00
4.00029e-02 5.78343e-01 3.15997e-01 9.38441e-01 8.95351e-01 8.10709e-01 1.34625e+00 -4.29423e+00
4.19078e-02 5.80090e-01 3.14713e-01 9.70771e-01 9.28208e-01 8.09893e-01 1.31890e+00 -4.29349e+00
4.38127e-02 5.80878e-01 3.14131e-01 9.86053e-01 9.50754e-01 8.09528e-01 1.30671e+00 -4.29315e+00
4.57176e-02 5.81238e-01 3.13864e-01 9.92194e-01 9.66117e-01 8.09362e-01 1.30117e+00 -4.29300e+00
4.76225e-02 5.81405e-01 3.13740e-01 9.93976e-01 9.76385e-01 8.09285e-01 1.29861e+00 -4.29293e+00
4.95274e-02 5.81483e-01 3.13682e-01 9.94024e-01 9.83048e-01 8.09249e-01 1.29741e+00 -4.29290e+00
5.14323e-02 5.81521e-01 3.13654e-01 9.93597e-01 9.87213e-01 8.09232e-01 1.29685e+00 -4.29288e+00
5.33372e-02 5.81538e-01 3.13641e-01 9.93183e-01 9.89705e-01 8.09224e-01 1.29658e+00 -4.29287e+00
5.52421e-02 5.81546e-01 3.13635e-01 9.92906e-01 9.91126e-01 8.09220e-01 1.29646e+00 -4.29287e+00
5.71470e-02 5.81550e-01 3.13632e-01 9.92752e-01 9.91894e-01 8.09218e-01 1.29640e+00 -4.29287e+00
5.90519e-02 5.81552e-01 3.13631e-01 9.92677e-01 9.92288e-01 8.09218e-01 1.29638e+00 -4.29287e+00
6.09568e-02 5.81552e-01 3.13630e-01 9.92644e-01 9.92478e-01 8.09217e-01 1.29637e+00 -4.29287e+00
6.28617e-02 5.81552e-01 3.13630e-01 9.92630e-01 9.92564e-01 8.09217e-01 1.29636e+00 -4.29287e+00
6.47666e-02 5.81553e-01 3.13630e-01 9.92626e-01 9.92601e-01 8.09217e-01 1.29636e+00 -4.29287e+00
6.66715e-02 5.81553e-01 3.13630e-01 9.92624e-01 9.92615e-01 8.09217e-01 1.29636e+00 -4.29287e+00
6.85764e-02 5.81553e-01 3.13630e-01 9.92623e-01 9.92621e-01 8.09217e-01 1.29636e+00 -4.29287e+00
7.04813e-02 5.81553e-01 3.13630e-01 9.92623e-01 9.92622e-01 8.09217e-01 1.29636e+00 -4.29287e+00
7.23862e-02 5.81553e-01 3.13630e-01 9.92623e-01 9.92623e-01 8.09217e-01 1.29636e+00 -4.29287e+00
7.42911e-02 5.81553e-01 3.13630e-01 9.92623e-01 9.92623e-01 8.09217e-01 1.29636e+00 -4.29287e+00
7.61960e-02 5.81553e-01 3.13630e-01 9.92623e-01 9.92623e-01 8.09217e-01 1.29636e+00 -4.29287e+00
7.81009e-02 5.81553e-01 3.13630e-01 9.92623e-01 9.92623e-01 8.09217e-01 1.29636e+00 -4.29287e+00
8.00058e-02 5.81553e-01 3.13630e-01 9.92623e-01 9.92622e-01 8.09217e-01 1.29636e+00 -4.29287e+00
8.19107e-02 5.81553e-01 3.13630e-01 9.92623e-01 9.92620e-01 8.09217e-01 1.29636e+00 -4.29287e+00
8.38156e-02 5.81553e-01 3.13630e-01 9.92624e-01 9.92615e-01 8.09217e-01 1.29636e+00 -4.29287e+00
8.57205e-02 5.81553e-01 3.13630e-01 9.92626e-01 9.92599e-01 8.09217e-01 1.29636e+00 -4.29287e+00
8.76254e-02 5.81552e-01 3.13630e-01 9.92631e-01 9.92559e-01 8.09217e-01 1.29636e+00 -4.29287e+00
8.95303e-02 5.81552e-01 3.13630e-01 9.92646e-01 9.92467e-01 8.09217e-01 1.29637e+00 -4.29287e+00
9.14352e-02 5.81551e-01 3.13631e-01 9.92681e-01 9.92264e-01 8.09218e-01 1.29638e+00 -4.29287e+00
9.33401e-02 5.81550e-01 3.13632e-01 9.92762e-01 9.91846e-01 8.09218e-01 1.29640e+00 -4.29287e+00
9.52450e-02 5.81546e-01 3.13635e-01 9.92924e-01 9.91035e-01 8.09220e-01 1.29646e+00 -4.29287e+00
9.71499e-02 5.81537e-01 3.13641e-01 9.93212e-01 9.89544e-01 8.09224e-01 1.29660e+00 -4.29287e+00
9.90548e-02 5.81519e-01 3.13655e-01 9.93632e-01 9.86947e-01 8.09233e-01 1.29688e+00 -4.29288e+00
1.00960e-01 5.81481e-01 3.13684e-01 9.94039e-01 9.82631e-01 8.09251e-01 1.29749e+00 -4.29290e+00
1.02865e-01 5.81400e-01 3.13744e-01 9.93902e-01 9.75766e-01 8.09290e-01 1.29878e+00 -4.29293e+00
1.04769e-01 5.81228e-01 3.13871e-01 9.91895e-01 9.65244e-01 8.09372e-01 1.30153e+00 -4.29301e+00
1.06674e-01 5.80860e-01 3.14144e-01 9.85304e-01 9.49579e-01 8.09551e-01 1.30748e+00 -4.29318e+00
1.08579e-01 5.80060e-01 3.14736e-01 9.69282e-01 9.26687e-01 8.09944e-01 1.32061e+00 -4.29354e+00
1.10484e-01 5.78297e-01 3.16031e-01 9.35933e-01 8.93446e-01 8.10811e-01 1.34968e+00 -4.29432e+00
1.12389e-01 5.74374e-01 3.18889e-01 8.73035e-01 8.44807e-01 8.12226e-01 1.39753e+00 -4.29555e+00
1.14294e-01 6.01149e-01 2.98575e-01 7.59205e-01 7.70478e-01 8.00436e-01 1.01357e+00 -4.28368e+00
1.16199e-01 6.01803e-01 2.97896e-01 6.73197e-01 7.07810e-01 8.00603e-01 1.01877e+00 -4.28387e+00
1.18104e-01 6.02091e-01 2.97561e-01 6.15197e-01 6.58115e-01 8.00696e-01 1.02169e+00 -4.28398e+00
1.20009e-01 6.02257e-01 2.97367e-01 5.79669e-01 6.20360e-01 8.00750e-01 1.02338e+00 -4.28404e+00
1.21914e-01 6.02347e-01 2.97262e-01 5.59943e-01 5.92906e-01 8.00780e-01 1.02430e+00 -4.28407e+00
1.23818e-01 6.02395e-01 2.97206e-01 5.50053e-01 5.73830e-01 8.00795e-01 1.02479e+00 -4.28409e+00
1.25723e-01 6.02419e-01 2.97178e-01 5.45600e-01 5.61190e-01 8.00803e-01 1.02503e+00 -4.28410e+00
1.27628e-01 6.02430e-01 2.97164e-01 5.43815e-01 5.53220e-01 8.00807e-01 1.02515e+00 -4.28410e+00
1.29533e-01 6.02436e-01 2.97158e-01 5.43187e-01 5.48448e-01 8.00809e-01 1.02521e+00 -4.28411e+00
1.31438e-01 6.02439e-01 2.97155e-01 5.43000e-01 5.45741e-01 8.00810e-01 1.02524e+00 -4.28411e+00
1.33343e-01 6.02440e-01 2.97153e-01 5.42956e-01 5.44290e-01 8.00810e-01 1.02525e+00 -4.28411e+00
1.35248e-01 6.02441e-01 2.97153e-01 5.42950e-01 5.43557e-01 8.00810e-01 1.02526e+00 -4.28411e+00
1.37153e-01 6.02441e-01 2.97152e-01 5.42952e-01 5.43210e-01 8.00810e-01 1.02526e+00 -4.28411e+00
1.39058e-01 6.02441e-01 2.97152e-01 5.42953e-01 5.43055e-01 8.00810e-01 1.02526e+00 -4.28411e+00
1.40963e-01 6.02441e-01 2.97152e-01 5.42954e-01 5.42991e-01 8.00810e-01 1.02526e+00 -4.28411e+00
1.42867e-01 6.02441e-01 2.97152e-01 5.42954e-01 5.42967e-01 8.00810e-01 1.02526e+00 -4.28411e+00
1.44772e-01 6.02441e-01 2.97152e-01 5.42954e-01 5.42958e-01 8.00810e-01 1.02526e+00 -4.28411e+00
1.46677e-01 6.02441e-01 2.97152e-01 5.42954e-01 5.42955e-01 8.00810e-01 1.02526e+00 -4.28411e+00
1.48582e-01 6.02441e-01 2.97152e-01 5.42954e-01 5.42955e-01 8.00810e-01 1.02526e+00 -4.28411e+00
1.50487e-01 6.02441e-01 2.97152e-01 5.42954e-01 5.42954e-01 8.00810e-01 1.02526e+00 -4.28411e+00
1.52392e-01 6.02441e-01 2.97152e-01 5.42954e-01 5.42954e-01 8.00810e-01 1.02526e+00 -4.28411e+00
1.54297e-01 6.02441e-01 2.97152e-01 5.42954e-01 5.42954e-01 8.00810e-01 1.02526e+00 -4.28411e+00
1.56202e-01 6.02441e-01 2.97152e-01 5.42954e-01 5.42954e-01 8.00810e-01 1.02526e+00 -4.28411e+00
1.58107e-01 6.02441e-01 2.97152e-01 5.42954e-01 5.42954e-01 8.00810e-01 1.02526e+00 -4.28411e+00
1.60012e-01 6.02441e-01 2.97152e-01 5.42954e-01 5.42954e-01 8.00810e-01 1.02526e+00 -4.28411e+00
1.61916e-01 6.02441e-01 2.97152e-01 5.42954e-01 5.42954e-01 8.00810e-01 1.02526e+00 -4.28411e+00
1.63821e-01 6.02441e-01 2.97152e-01 5.42954e-01 5.42954e-01 8.00810e-01 1.02526e+00 -4.28411e+00
1.65726e-01 6.02441e-01 2.97152e-01 5.42954e-01 5.42954e-01 8.00810e-01 1.02526e+00 -4.28411e+00
1.67631e-01 6.02441e-01 2.97152e-01 5.42954e-01 5.42954e-01 8.00810e-01 1.02526e+00 -4.28411e+00
1.69536e-01 6.02441e-01 2.97152e-01 5.42954e-01 5.42954e-01 8.00810e-01 1.02526e+00 -4.28411e+00
1.71441e-01 6.02441e-01 2.97152e-01 5.42954e-01 5.42954e-01 8.00810e-01 1.02526e+00 -4.28411e+00
1.73346e-01 6.02441e-01 2.97152e-01 5.42954e-01 5.42954e-01 8.00810e-01 1.02526e+00 -4.28411e+00
1.75251e-01 6.02441e-01 2.97152e-01 5.42954e-01 5.42954e-01 8.00810e-01 1.02526e+00 -4.28411e+00
1.77156e-01 6.02441e-01 2.97152e-01 5.42954e-01 5.42954e-01 8.00810e-01 1.02526e+00 -4.28411e+00
1.79061e-01 6.02441e-01 2.97152e-01 5.42954e-01 5.42954e-01 8.00810e-01 1.02526e+00 -4.28411e+00
1.80965e-01 6.02441e-01 2.97152e-01 5.42954e-01 5.42954e-01 8.00810e-01 1.02526e+00 -4.28411e+00
1.82870e-01 6.02441e-01 2.97152e-01 5.42954e-01 5.42954e-01 8.00810e-01 1.02526e+00 -4.28411e+00
1.84775e-01 6.02441e-01 2.97152e-01 5.42954e-01 5.42954e-01 8.00810e-01 1.02526e+00 -4.28411e+00
1.86680e-01 6.02441e-01 2.97152e-01 5.42954e-01 5.42954e-01 8.00810e-01 1.02526e+00 -4.28411e+00
1.88585e-01 6.02441e-01 2.97152e-01 5.42954e-01 5.42954e-01 8.00810e-01 1.02526e+00 -4.28411e+00
1.90490e-01 6.02441e-01 2.97152e-01 5.42954e-01 5.42954e-01 8.00810e-01 1.02526e+00 -4.28411e+00
1.92395e-01 6.02441e-01 2.97152e-01 5.42954e-01 5.42954e-01 8.00810e-01 1.02526e+00 -4.28411e+00
1.94300e-01 6.02441e-01 2.97152e-01 5.42954e-01 5.42954e-01 8.00810e-01 1.02526e+00 -4.28411e+00
1.96205e-01 6.02441e-01 2.97152e-01 5.42954e-01 5.42954e-01 8.00810e-01 1.02526e+00 -4.28411e+00
1.98110e-01 6.02441e-01 2.97152e-01 5.42954e-01 5.42954e-01 8.00810e-01 1.02526e+00 -4.28411e+00
2.00014e-01 6.02441e-01 2.97152e-01 5.42954e-01 5.42954e-01 8.00810e-01 1.02526e+00 -4.28411e+00
2.01919e-01 6.02441e-01 2.97152e-01 5.42954e-01 5.42954e-01 8.00810e-01 1.02526e+00 -4.28411e+00
2.03824e-01 6.02441e-01 2.97152e-01 5.42954e-01 5.42954e-01 8.00810e-01 1.02526e+00 -4.28411e+00
2.05729e-01 6.02441e-01 2.97152e-01 5.42954e-01 5.42954e-01 8.00810e-01 1.02526e+00 -4.28411e+00
2.07634e-01 6.02441e-01 2.97152e-01 5.42954e-01 5.42954e-01 8.00810e-01 1.02526e+00 -4.28411e+00
2.09539e-01 6.02441e-01 2.97152e-01 5.42954e-01 5.42954e-01 8.00810e-01 1.02526e+00 -4.28411e+00
2.11444e-01 6.02441e-01 2.97152e-01 5.42954e-01 5.42954e-01 8.00810e-01 1.02526e+00 -4.28411e+00
2.13349e-01 6.02441e-01 2.97152e-01 5.42954e-01 5.42954e-01 8.00810e-01 1.02526e+00 -4.28411e+00
2.15254e-01 6.02441e-01 2.97152e-01 5.42954e-01 5.42954e-01 8.00810e-01 1.02526e+00 -4.28411e+00
2.17159e-01 6.02441e-01 2.97152e-01 5.42954e-01 5.42954e-01 8.00810e-01 1.02526e+00 -4.28411e+00
2.19063e-01 6.02441e-01 2.97152e-01 5.42954e-01 5.42954e-01 8.00810e-01 1.02526e+00 -4.28411e+00
2.20968e-01 6.02441e-01 2.97152e-01 5.42954e-01 5.42954e-01 8.00810e-01 1.02526e+00 -4.28411e+00
2.22873e-01 6.02441e-01 2.97152e-01 5.42954e-01 5.42954e-01 8.00810e-01 1.02526e+00 -4.28411e+00
2.24778e-01 6.02441e-01 2.97152e-01 5.42954e-01 5.42954e-01 8.00810e-01 1.02526e+00 -4.28411e+00
2.26683e-01 6.02441e-01 2.97152e-01 5.42954e-01 5.42954e-01 8.00810e-01 1.02526e+00 -4.28411e+00
2.28588e-01 6.02441e-01 2.97152e-01 5.42954e-01 5.42954e-01 8.00810e-01 1.02526e+00 -4.28411e+00
2.30493e-01 6.02441e-01 2.97152e-01 5.42954e-01 5.42954e-01 8.00810e-01 1.02526e+00 -4.28411e+00
2.32398e-01 6.02441e-01 2.97152e-01 5.42954e-01 5.42954e-01 8.00810e-01 1.02526e+00 -4.28411e+00
2.34303e-01 6.02441e-01 2.97152e-01 5.42954e-01 5.42954e-01 8.00810e-01 1.02526e+00 -4.28411e+00
2.36208e-01 6.02441e-01 2.97152e-01 5.42954e-01 5.42954e-01 8.00810e-01 1.02526e+00 -4.28411e+00
2.38112e-01 6.02441e-01 2.97152e-01 5.42954e-01 5.42954e-01 8.00810e-01 1.02526e+00 -4.28411e+00
2.40017e-01 6.02441e-01 2.97152e-01 5.42954e-01 5.42954e-01 8.00810e-01 1.02526e+00 -4.28411e+00
2.41922e-01 6.02441e-01 2.97152e-01 5.42954e-01 5.42954e-01 8.00810e-01 1.02526e+00 -4.28411e+00
2.43827e-01 6.02441e-01 2.97152e-01 5.42954e-01 5.42954e-01 8.00810e-01 1.02526e+00 -4.28411e+00
2.45732e-01 6.02441e-01 2.97152e-01 5.42954e-01 5.42954e-01 8.00810e-01 1.02526e+00 -4.28411e+00
2.47637e-01 6.02441e-01 2.97152e-01 5.42954e-01 5.42954e-01 8.00810e-01 1.02526e+00 -4.28411e+00
2.49542e-01 6.02441e-01 2.97152e-01 5.42954e-01 5.42954e-01 8.00810e-01 1.02526e+00 -4.28411e+00
2.51447e-01 6.02441e-01 2.97152e-01 5.42954e-01 5.42954e-01 8.00810e-01 1.02526e+00 -4.28411e+00
2.53352e-01 6.02441e-01 2.97152e-01 5.42954e-01 5.42954e-01 8.00810e-01 1.02526e+00 -4.28411e+00
2.55257e-01 6.02441e-01 2.97152e-01 5.42954e-01 5.42954e-01 8.00810e-01 1.02526e+00 -4.28411e+00
2.57161e-01 6.02441e-01 2.97152e-01 5.42954e-01 5.42954e-01 8.00810e-01 1.02526e+00 -4.28411e+00
2.59066e-01 6.02441e-01 2.97152e-01 5.42954e-01 5.42954e-01 8.00810e-01 1.02526e+00 -4.28411e+00
2.60971e-01 6.02441e-01 2.97152e-01 5.42954e-01 5.42954e-01 8.00810e-01 1.02526e+00 -4.28411e+00
2.62876e-01 6.02441e-01 2.97152e-01 5.42954e-01 5.42954e-01 8.00810e-01 1.02526e+00 -4.28411e+00
2.64781e-01 6.02441e-01 2.97152e-01 5.42954e-01 5.42954e-01 8.00810e-01 1.02526e+00 -4.28411e+00
2.66686e-01 6.02441e-01 2.97152e-01 5.42954e-01 5.42954e-01 8.00810e-01 1.02526e+00 -4.28411e+00
2.68591e-01 6.02441e-01 2.97152e-01 5.42954e-01 5.42954e-01 8.00810e-01 1.02526e+00 -4.28411e+00
2.70496e-01 6.02441e-01 2.97152e-01 5.42954e-01 5.42954e-01 8.00810e-01 1.02526e+00 -4.28411e+00
2.72401e-01 6.02441e-01 2.97152e-01 5.42954e-01 5.42954e-01 8.00810e-01 1.02526e+00 -4.28411e+00
2.74306e-01 6.02441e-01 2.97152e-01 5.42954e-01 5.42954e-01 8.00810e-01 1.02526e+00 -4.28411e+00
2.76210e-01 6.02441e-01 2.97152e-01 5.42954e-01 5.42954e-01 8.00810e-01 1.02526e+00 -4.28411e+00
2.78115e-01 6.02441e-01 2.97152e-01 5.42954e-01 5.42954e-01 8.00810e-01 1.02526e+00 -4.28411e+00
2.80020e-01 6.02441e-01 2.97152e-01 5.42954e-01 5.42954e-01 8.00810e-01 1.02526e+00 -4.28411e+00
2.81925e-01 6.02441e-01 2.97152e-01 5.42954e-01 5.42954e-01 8.00810e-01 1.02526e+00 -4.28411e+00
2.83830e-01 6.02441e-01 2.97152e-01 5.42954e-01 5.42954e-01 8.00810e-01 1.02526e+00 -4.28411e+00
2.85735e-01 6.02441e-01 2.97152e-01 5.42954e-01 5.42954e-01 8.00810e-01 1.02526e+00 -4.28411e+00
2.87640e-01 6.02441e-01 2.97152e-01 5.42954e-01 5.42954e-01 8.00810e-01 1.02526e+00 -4.28411e+00
2.89545e-01 6.02441e-01 2.97152e-01 5.42954e-01 5.42954e-01 8.00810e-01 1.02526e+00 -4.28411e+00
2.91450e-01 6.02441e-01 2.97152e-01 5.42954e-01 5.42954e-01 8.00810e-01 1.02526e+00 -4.28411e+00
2.93355e-01 6.02441e-01 2.97152e-01 5.42954e-01 5.42954e-01 8.00810e-01 1.02526e+00 -4.28411e+00
2.95259e-01 6.02441e-01 2.97152e-01 5.42954e-01 5.42954e-01 8.00810e-01 1.02526e+00 -4.28411e+00
2.97164e-01 6.02441e-01 2.97152e-01 5.42954e-01 5.42954e-01 8.00810e-01 1.02526e+00 -4.28411e+00
2.99069e-01 6.02441e-01 2.97152e-01 5.42954e-01 5.42954e-01 8.00810e-01 1.02526e+00 -4.28411e+00
3.00974e-01 6.02441e-01 2.97152e-01 5.42954e-01 5.42954e-01 8.00810e-01 1.02526e+00 -4.28411e+00
3.02879e-01 6.02441e-01 2.97152e-01 5.42954e-01 5.42954e-01 8.00810e-01 1.02526e+00 -4.28411e+00
3.04784e-01 6.02441e-01 2.97152e-01 5.42954e-01 5.42954e-01 8.00810e-01 1.02526e+00 -4.28411e+00
3.06689e-01 6.02441e-01 2.97152e-01 5.42954e-01 5.42954e-01 8.00810e-01 1.02526e+00 -4.28411e+00
3.08594e-01 6.02441e-01 2.97152e-01 5.42954e-01 5.42954e-01 8.00810e-01 1.02526e+00 -4.28411e+00
3.10499e-01 6.02441e-01 2.97152e-01 5.42954e-01 5.42954e-01 8.00810e-01 1.02526e+00 -4.28411e+00
3.12404e-01 6.02441e-01 2.97152e-01 5.42954e-01 5.42954e-01 8.00810e-01 1.02526e+00 -4.28411e+00
3.14308e-01 6.02441e-01 2.97152e-01 5.42954e-01 5.42954e-01 8.00810e-01 1.02526e+00 -4.28411e+00
3.16213e-01 6.02441e-01 2.97152e-01 5.42954e-01 5.42954e-01 8.00810e-01 1.02526e+00 -4.28411e+00
3.18118e-01 6.02441e-01 2.97152e-01 5.42954e-01 5.42954e-01 8.00810e-01 1.02526e+00 -4.28411e+00
3.20023e-01 6.02441e-01 2.97152e-01 5.42954e-01 5.42954e-01 8.00810e-01 1.02526e+00 -4.28411e+00
3.21928e-01 6.02441e-01 2.97152e-01 5.42954e-01 5.42954e-01 8.00810e-01 1.02526e+00 -4.28411e+00
3.23833e-01 6.02441e-01 2.97152e-01 5.42954e-01 5.42954e-01 8.00810e-01 1.02526e+00 -4.28411e+00
3.25738e-01 6.02441e-01 2.97152e-01 5.42954e-01 5.42954e-01 8.00810e-01 1.02526e+00 -4.28411e+00
3.27643e-01 6.02441e-01 2.97152e-01 5.42954e-01 5.42954e-01 8.00810e-01 1.02526e+00 -4.28411e+00
3.29548e-01 6.02441e-01 2.97152e-01 5.42954e-01 5.42954e-01 8.00810e-01 1.02526e+00 -4.28411e+00
3.31453e-01 6.02441e-01 2.97152e-01 5.42954e-01 5.42954e-01 8.00810e-01 1.02526e+00 -4.28411e+00
3.33357e-01 6.02441e-01 2.97152e-01 5.42954e-01 5.42954e-01 8.00810e-01 1.02526e+00 -4.28411e+00
3.35262e-01 6.02441e-01 2.97152e-01 5.42954e-01 5.42954e-01 8.00810e-01 1.02526e+00 -4.28411e+00
3.37167e-01 6.02441e-01 2.97152e-01 5.42954e-01 5.42954e-01 8.00810e-01 1.02526e+00 -4.28411e+00
3.39072e-01 6.02441e-01 2.97152e-01 5.42954e-01 5.42954e-01 8.00810e-01 1.02526e+00 -4.28411e+00
3.40977e-01 6.02441e-01 2.97152e-01 5.42954e-01 5.42954e-01 8.00810e-01 1.02526e+00 -4.28411e+00
3.42882e-01 6.02441e-01 2.97152e-01 5.42954e-01 5.42954e-01 8.00810e-01 1.02526e+00 -4.28411e+00
3.44787e-01 6.02441e-01 2.97152e-01 5.42954e-01 5.42954e-01 8.00810e-01 1.02526e+00 -4.28411e+00
3.46692e-01 6.02441e-01 2.97152e-01 5.42954e-01 5.42954e-01 8.00810e-01 1.02526e+00 -4.28411e+00
3.48597e-01 6.02441e-01 2.97152e-01 5.42954e-01 5.42954e-01 8.00810e-01 1.02526e+00 -4.28411e+00
3.50502e-01 6.02441e-01 2.97152e-01 5.42954e-01 5.42954e-01 8.00810e-01 1.02526e+00 -4.28411e+00
3.52406e-01 6.02441e-01 2.97152e-01 5.42954e-01 5.42954e-01 8.00810e-01 1.02526e+00 -4.28411e+00
3.54311e-01 6.02441e-01 2.97152e-01 5.42954e-01 5.42954e-01 8.00810e-01 1.02526e+00 -4.28411e+00
3.56216e-01 6.02441e-01 2.97152e-01 5.42954e-01 5.42954e-01 8.00810e-01 1.02526e+00 -4.28411e+00
3.58121e-01 6.02441e-01 2.97152e-01 5.42954e-01 5.42954e-01 8.00810e-01 1.02526e+00 -4.28411e+00
3.60026e-01 6.02441e-01 2.97152e-01 5.42954e-01 5.42954e-01 8.00810e-01 1.02526e+00 -4.28411e+00
3.61931e-01 6.02441e-01 2.97152e-01 5.42954e-01 5.42954e-01 8.00810e-01 1.02526e+00 -4.28411e+00
3.63836e-01 6.02441e-01 2.97152e-01 5.42954e-01 5.42954e-01 8.00810e-01 1.02526e+00 -4.28411e+00
3.65741e-01 6.02441e-01 2.97152e-01 5.42954e-01 5.42954e-01 8.00810e-01 1.02526e+00 -4.28411e+00
3.67646e-01 6.02441e-01 2.97152e-01 5.42954e-01 5.42954e-01 8.00810e-01 1.02526e+00 -4.28411e+00
3.69551e-01 6.02441e-01 2.97152e-01 5.42954e-01 5.42954e-01 8.00810e-01 1.02526e+00 -4.28411e+00
3.71455e-01 6.02441e-01 2.97152e-01 5.42954e-01 5.42954e-01 8.00810e-01 1.02526e+00 -4.28411e+00
3.73360e-01 6.02441e-01 2.97152e-01 5.42954e-01 5.42954e-01 8.00810e-01 1.02526e+00 -4.28411e+00
3.75265e-01 6.02441e-01 2.97152e-01 5.42954e-01 5.42954e-01 8.00810e-01 1.02526e+00 -4.28411e+00
3.77170e-01 6.02441e-01 2.97152e-01 5.42954e-01 5.42954e-01 8.00810e-01 1.02526e+00 -4.28411e+00
3.79075e-01 6.02441e-01 2.97152e-01 5.42954e-01 5.42954e-01 8.00810e-01 1.02526e+00 -4.28411e+00
