# x AR CA ca co phi u v
0.00000e+00 6.00000e-01 3.00000e-01 4.99135e-01 4.99135e-01 8.00000e-01 1.00000e+00 -4.28317e+00
1.90490e-03 6.04931e-01 2.94247e-01 5.26043e-01 5.18560e-01 8.01655e-01 1.05174e+00 -4.28507e+00
3.80980e-03 6.04809e-01 2.94390e-01 5.44986e-01 5.33997e-01 8.01588e-01 1.04965e+00 -4.28499e+00
5.71470e-03 6.04686e-01 2.94532e-01 5.57931e-01 5.46281e-01 8.01549e-01 1.04841e+00 -4.28495e+00
7.61960e-03 6.04608e-01 2.94624e-01 5.66472e-01 5.56123e-01 8.01524e-01 1.04762e+00 -4.28492e+00
9.52450e-03 6.04558e-01 2.94683e-01 5.71903e-01 5.64187e-01 8.01508e-01 1.04711e+00 -4.28490e+00
1.14294e-02 6.04525e-01 2.94721e-01 5.75244e-01 5.71111e-01 8.01497e-01 1.04677e+00 -4.28489e+00
1.33343e-02 6.04501e-01 2.94749e-01 5.77292e-01 5.77525e-01 8.01489e-01 1.04653e+00 -4.28488e+00
1.52392e-02 6.04481e-01 2.94772e-01 5.78694e-01 5.84075e-01 8.01483e-01 1.04632e+00 -4.28487e+00
1.71441e-02 6.04459e-01 2.94798e-01 5.80041e-01 5.91432e-01 8.01475e-01 1.04610e+00 -4.28486e+00
1.90490e-02 6.04431e-01 2.94831e-01 5.81984e-01 6.00299e-01 8.01466e-01 1.04580e+00 -4.28485e+00
2.09539e-02 6.04389e-01 2.94879e-01 5.85357e-01 6.11412e-01 8.01452e-01 1.04536e+00 -4.28484e+00
2.28588e-02 6.04325e-01 2.94954e-01 5.91304e-01 6.25532e-01 8.01430e-01 1.04469e+00 -4.28481e+00
2.47637e-02 6.04226e-01 2.95069e-01 6.01366e-01 6.43425e-01 8.01397e-01 1.04364e+00 -4.28478e+00
2.66686e-02 6.04074e-01 2.95247e-01 6.17513e-01 6.65833e-01 8.01345e-01 1.04202e+00 -4.28472e+00
2.85735e-02 6.03844e-01 2.95516e-01 6.42063e-01 6.93444e-01 8.01267e-01 1.03957e+00 -4.28463e+00
3.04784e-02 6.03505e-01 2.95911e-01 6.77470e-01 7.26846e-01 8.01152e-01 1.03596e+00 -4.28450e+00
3.23833e-02 6.03026e-01 2.96469e-01 7.25959e-01 7.66467e-01 8.00992e-01 1.03093e+00 -4.28431e+00
3.42882e-02 6.02390e-01 2.97211e-01 7.89020e-01 8.12498e-01 8.00838e-01 1.02612e+00 -4.28414e+00
3.61931e-02 6.01618e-01 2.98113e-01 8.66718e-01 8.64699e-01 8.01879e-01 1.05879e+00 -4.28532e+00
3.80980e-02 5.63598e-01 3.26931e-01 9.55317e-01 9.21108e-01 8.17553e-01 1.58223e+00 -4.29967e+00
4.00029e-02 5.70030e-01 3.22220e-01 1.00993e+00 9.60641e-01 8.14257e-01 1.46708e+00 -4.29722e+00
4.19078e-02 5.73789e-01 3.19434e-01 1.04368e+00 9.89932e-01 8.12644e-01 1.41178e+00 -4.29590e+00
4.38127e-02 5.75705e-01 3.18008e-01 1.06362e+00 1.01205e+00 8.11820e-01 1.38376e+00 -4.29520e+00
4.57176e-02 5.76705e-01 3.17262e-01 1.07459e+00 1.02894e+00 8.11386e-01 1.36907e+00 -4.29483e+00
4.76225e-02 5.77242e-01 3.16862e-01 1.07998e+00 1.04191e+00 8.11152e-01 1.36115e+00 -4.29462e+00
4.95274e-02 5.77537e-01 3.16642e-01 1.08208e+00 1.05183e+00 8.11022e-01 1.35677e+00 -4.29451e+00
5.14323e-02 5.77703e-01 3.16519e-01 1.08240e+00 1.05937e+00 8.10948e-01 1.35429e+00 -4.29444e+00
5.33372e-02 5.77798e-01 3.16448e-01 1.08191e+00 1.06503e+00 8.10906e-01 1.35286e+00 -4.29440e+00
5.52421e-02 5.77854e-01 3.16406e-01 1.08115e+00 1.06920e+00 8.10881e-01 1.35202e+00 -4.29438e+00
5.71470e-02 5.77887e-01 3.16382e-01 1.08040e+00 1.07221e+00 8.10866e-01 1.35153e+00 -4.29437e+00
5.90519e-02 5.77906e-01 3.16368e-01 1.07979e+00 1.07435e+00 8.10857e-01 1.35123e+00 -4.29436e+00
6.09568e-02 5.77918e-01 3.16359e-01 1.07934e+00 1.07582e+00 8.10852e-01 1.35105e+00 -4.29435e+00
6.28617e-02 5.77925e-01 3.16354e-01 1.07902e+00 1.07682e+00 8.10849e-01 1.35095e+00 -4.29435e+00
6.47666e-02 5.77929e-01 3.16351e-01 1.07882e+00 1.07748e+00 8.10847e-01 1.35088e+00 -4.29435e+00
6.66715e-02 5.77931e-01 3.16349e-01 1.07870e+00 1.07790e+00 8.10846e-01 1.35085e+00 -4.29435e+00
6.85764e-02 5.77933e-01 3.16348e-01 1.07863e+00 1.07816e+00 8.10845e-01 1.35083e+00 -4.29435e+00
7.04813e-02 5.77933e-01 3.16348e-01 1.07859e+00 1.07831e+00 8.10845e-01 1.35082e+00 -4.29435e+00
7.23862e-02 5.77934e-01 3.16347e-01 1.07857e+00 1.07840e+00 8.10845e-01 1.35081e+00 -4.29435e+00
7.42911e-02 5.77934e-01 3.16347e-01 1.07856e+00 1.07843e+00 8.10845e-01 1.35081e+00 -4.29435e+00
7.61960e-02 5.77934e-01 3.16347e-01 1.07856e+00 1.07843e+00 8.10845e-01 1.35081e+00 -4.29435e+00
7.81009e-02 5.77934e-01 3.16347e-01 1.07857e+00 1.07839e+00 8.10845e-01 1.35081e+00 -4.29435e+00
8.00058e-02 5.77933e-01 3.16348e-01 1.07859e+00 1.07829e+00 8.10845e-01 1.35082e+00 -4.29435e+00
8.19107e-02 5.77933e-01 3.16348e-01 1.07864e+00 1.07812e+00 8.10845e-01 1.35083e+00 -4.29435e+00
8.38156e-02 5.77931e-01 3.16349e-01 1.07872e+00 1.07783e+00 8.10846e-01 1.35085e+00 -4.29435e+00
8.57205e-02 5.77929e-01 3.16351e-01 1.07885e+00 1.07738e+00 8.10847e-01 1.35089e+00 -4.29435e+00
8.76254e-02 5.77924e-01 3.16354e-01 1.07907e+00 1.07667e+00 8.10849e-01 1.35096e+00 -4.29435e+00
8.95303e-02 5.77917e-01 3.16360e-01 1.07941e+00 1.07561e+00 8.10853e-01 1.35108e+00 -4.29436e+00
9.14352e-02 5.77905e-01 3.16369e-01 1.07988e+00 1.07404e+00 8.10858e-01 1.35128e+00 -4.29436e+00
9.33401e-02 5.77884e-01 3.16384e-01 1.08052e+00 1.07178e+00 8.10868e-01 1.35160e+00 -4.29437e+00
9.52450e-02 5.77850e-01 3.16410e-01 1.08128e+00 1.06862e+00 8.10885e-01 1.35215e+00 -4.29438e+00
9.71499e-02 5.77792e-01 3.16453e-01 1.08201e+00 1.06427e+00 8.10912e-01 1.35308e+00 -4.29441e+00
9.90548e-02 5.77693e-01 3.16526e-01 1.08242e+00 1.05841e+00 8.10959e-01 1.35466e+00 -4.29445e+00
1.00960e-01 5.77521e-01 3.16655e-01 1.08189e+00 1.05063e+00 8.11041e-01 1.35742e+00 -4.29452e+00
1.02865e-01 5.77216e-01 3.16881e-01 1.07943e+00 1.04044e+00 8.11186e-01 1.36232e+00 -4.29465e+00
1.04769e-01 5.76666e-01 3.17292e-01 1.07348e+00 1.02718e+00 8.11450e-01 1.37122e+00 -4.29488e+00
1.06674e-01 5.75647e-01 3.18051e-01 1.06169e+00 1.00997e+00 8.11939e-01 1.38780e+00 -4.29530e+00
1.08579e-01 5.73714e-01 3.19491e-01 1.04070e+00 9.87509e-01 8.12872e-01 1.41955e+00 -4.29609e+00
1.10484e-01 5.69946e-01 3.22285e-01 1.00570e+00 9.57823e-01 8.14631e-01 1.48002e+00 -4.29751e+00
1.12389e-01 5.62408e-01 3.27828e-01 9.49650e-01 9.17738e-01 8.16570e-01 1.54758e+00 -4.29897e+00
1.14294e-01 6.00993e-01 2.98578e-01 8.59119e-01 8.60315e-01 8.00513e-01 1.01596e+00 -4.28376e+00
1.16199e-01 6.02407e-01 2.97189e-01 7.81052e-01 8.07665e-01 8.00818e-01 1.02549e+00 -4.28412e+00
1.18104e-01 6.03055e-01 2.96436e-01 7.18762e-01 7.61689e-01 8.01024e-01 1.03195e+00 -4.28435e+00
1.20009e-01 6.03532e-01 2.95879e-01 6.71555e-01 7.22420e-01 8.01177e-01 1.03675e+00 -4.28453e+00
1.21914e-01 6.03866e-01 2.95490e-01 6.37564e-01 6.89582e-01 8.01285e-01 1.04011e+00 -4.28465e+00
1.23818e-01 6.04091e-01 2.95228e-01 6.14322e-01 6.62689e-01 8.01357e-01 1.04238e+00 -4.28473e+00
1.25723e-01 6.04238e-01 2.95056e-01 5.99253e-01 6.41129e-01 8.01404e-01 1.04387e+00 -4.28478e+00
1.27628e-01 6.04332e-01 2.94946e-01 5.90010e-01 6.24219e-01 8.01435e-01 1.04482e+00 -4.28482e+00
1.29533e-01 6.04392e-01 2.94876e-01 5.84666e-01 6.11252e-01 8.01454e-01 1.04543e+00 -4.28484e+00
1.31438e-01 6.04429e-01 2.94833e-01 5.81772e-01 6.01538e-01 8.01466e-01 1.04580e+00 -4.28485e+00
1.33343e-01 6.04452e-01 2.94806e-01 5.80316e-01 5.94435e-01 8.01473e-01 1.04604e+00 -4.28486e+00
1.35248e-01 6.04466e-01 2.94790e-01 5.79648e-01 5.89368e-01 8.01478e-01 1.04618e+00 -4.28487e+00
1.37153e-01 6.04474e-01 2.94780e-01 5.79378e-01 5.85843e-01 8.01481e-01 1.04627e+00 -4.28487e+00
1.39058e-01 6.04479e-01 2.94774e-01 5.79292e-01 5.83454e-01 8.01482e-01 1.04632e+00 -4.28487e+00
1.40963e-01 6.04482e-01 2.94771e-01 5.79279e-01 5.81876e-01 8.01483e-01 1.04635e+00 -4.28487e+00
1.42867e-01 6.04484e-01 2.94769e-01 5.79289e-01 5.80863e-01 8.01484e-01 1.04636e+00 -4.28487e+00
1.44772e-01 6.04485e-01 2.94767e-01 5.79303e-01 5.80229e-01 8.01484e-01 1.04637e+00 -4.28487e+00
1.46677e-01 6.04486e-01 2.94767e-01 5.79314e-01 5.79843e-01 8.01484e-01 1.04638e+00 -4.28487e+00
1.48582e-01 6.04486e-01 2.94767e-01 5.79321e-01 5.79615e-01 8.01484e-01 1.04638e+00 -4.28487e+00
1.50487e-01 6.04486e-01 2.94766e-01 5.79326e-01 5.79484e-01 8.01484e-01 1.04638e+00 -4.28487e+00
1.52392e-01 6.04486e-01 2.94766e-01 5.79328e-01 5.79411e-01 8.01484e-01 1.04638e+00 -4.28487e+00
1.54297e-01 6.04486e-01 2.94766e-01 5.79329e-01 5.79371e-01 8.01484e-01 1.04639e+00 -4.28487e+00
1.56202e-01 6.04486e-01 2.94766e-01 5.79330e-01 5.79350e-01 8.01484e-01 1.04639e+00 -4.28487e+00
1.58107e-01 6.04486e-01 2.94766e-01 5.79330e-01 5.79340e-01 8.01484e-01 1.04639e+00 -4.28487e+00
1.60012e-01 6.04486e-01 2.94766e-01 5.79330e-01 5.79335e-01 8.01484e-01 1.04639e+00 -4.28487e+00
1.61916e-01 6.04486e-01 2.94766e-01 5.79330e-01 5.79332e-01 8.01484e-01 1.04639e+00 -4.28487e+00
1.63821e-01 6.04486e-01 2.94766e-01 5.79330e-01 5.79331e-01 8.01484e-01 1.04639e+00 -4.28487e+00
1.65726e-01 6.04486e-01 2.94766e-01 5.79330e-01 5.79331e-01 8.01484e-01 1.04639e+00 -4.28487e+00
1.67631e-01 6.04486e-01 2.94766e-01 5.79330e-01 5.79330e-01 8.01484e-01 1.04639e+00 -4.28487e+00
1.69536e-01 6.04486e-01 2.94766e-01 5.79330e-01 5.79330e-01 8.01484e-01 1.04639e+00 -4.28487e+00
1.71441e-01 6.04486e-01 2.94766e-01 5.79330e-01 5.79330e-01 8.01484e-01 1.04639e+00 -4.28487e+00
1.73346e-01 6.04486e-01 2.94766e-01 5.79330e-01 5.79330e-01 8.01484e-01 1.04639e+00 -4.28487e+00
1.75251e-01 6.04486e-01 2.94766e-01 5.79330e-01 5.79330e-01 8.01484e-01 1.04639e+00 -4.28487e+00
1.77156e-01 6.04486e-01 2.94766e-01 5.79330e-01 5.79330e-01 8.01484e-01 1.04639e+00 -4.28487e+00
1.79061e-01 6.04486e-01 2.94766e-01 5.79330e-01 5.79330e-01 8.01484e-01 1.04639e+00 -4.28487e+00
1.80965e-01 6.04486e-01 2.94766e-01 5.79330e-01 5.79330e-01 8.01484e-01 1.04639e+00 -4.28487e+00
1.82870e-01 6.04486e-01 2.94766e-01 5.79330e-01 5.79330e-01 8.01484e-01 1.04639e+00 -4.28487e+00
1.84775e-01 6.04486e-01 2.94766e-01 5.79330e-01 5.79330e-01 8.01484e-01 1.04639e+00 -4.28487e+00
1.86680e-01 6.04486e-01 2.94766e-01 5.79330e-01 5.79330e-01 8.01484e-01 1.04639e+00 -4.28487e+00
1.88585e-01 6.04486e-01 2.94766e-01 5.79330e-01 5.79330e-01 8.01484e-01 1.04639e+00 -4.28487e+00
1.90490e-01 6.04486e-01 2.94766e-01 5.79330e-01 5.79330e-01 8.01484e-01 1.04639e+00 -4.28487e+00
1.92395e-01 6.04486e-01 2.94766e-01 5.79330e-01 5.79330e-01 8.01484e-01 1.04639e+00 -4.28487e+00
1.94300e-01 6.04486e-01 2.94766e-01 5.79330e-01 5.79330e-01 8.01484e-01 1.04639e+00 -4.28487e+00
1.96205e-01 6.04486e-01 2.94766e-01 5.79330e-01 5.79330e-01 8.01484e-01 1.04639e+00 -4.28487e+00
1.98110e-01 6.04486e-01 2.94766e-01 5.79330e-01 5.79330e-01 8.01484e-01 1.04639e+00 -4.28487e+00
2.00014e-01 6.04486e-01 2.94766e-01 5.79330e-01 5.79330e-01 8.01484e-01 1.04639e+00 -4.28487e+00
2.01919e-01 6.04486e-01 2.94766e-01 5.79330e-01 5.79330e-01 8.01484e-01 1.04639e+00 -4.28487e+00
2.03824e-01 6.04486e-01 2.94766e-01 5.79330e-01 5.79330e-01 8.01484e-01 1.04639e+00 -4.28487e+00
2.05729e-01 6.04486e-01 2.94766e-01 5.79330e-01 5.79330e-01 8.01484e-01 1.04639e+00 -4.28487e+00
2.07634e-01 6.04486e-01 2.94766e-01 5.79330e-01 5.79330e-01 8.01484e-01 1.04639e+00 -4.28487e+00
2.09539e-01 6.04486e-01 2.94766e-01 5.79330e-01 5.79330e-01 8.01484e-01 1.04639e+00 -4.28487e+00
2.11444e-01 6.04486e-01 2.94766e-01 5.79330e-01 5.79330e-01 8.01484e-01 1.04639e+00 -4.28487e+00
2.13349e-01 6.04486e-01 2.94766e-01 5.79330e-01 5.79330e-01 8.01484e-01 1.04639e+00 -4.28487e+00
2.15254e-01 6.04486e-01 2.94766e-01 5.79330e-01 5.79330e-01 8.01484e-01 1.04639e+00 -4.28487e+00
2.17159e-01 6.04486e-01 2.94766e-01 5.79330e-01 5.79330e-01 8.01484e-01 1.04639e+00 -4.28487e+00
2.19063e-01 6.04486e-01 2.94766e-01 5.79330e-01 5.79330e-01 8.01484e-01 1.04639e+00 -4.28487e+00
2.20968e-01 6.04486e-01 2.94766e-01 5.79330e-01 5.79330e-01 8.01484e-01 1.04639e+00 -4.28487e+00
2.22873e-01 6.04486e-01 2.94766e-01 5.79330e-01 5.79330e-01 8.01484e-01 1.04639e+00 -4.28487e+00
2.24778e-01 6.04486e-01 2.94766e-01 5.79330e-01 5.79330e-01 8.01484e-01 1.04639e+00 -4.28487e+00
2.26683e-01 6.04486e-01 2.94766e-01 5.79330e-01 5.79330e-01 8.01484e-01 1.04639e+00 -4.28487e+00
2.28588e-01 6.04486e-01 2.94766e-01 5.79330e-01 5.79330e-01 8.01484e-01 1.04639e+00 -4.28487e+00
2.30493e-01 6.04486e-01 2.94766e-01 5.79330e-01 5.79330e-01 8.01484e-01 1.04639e+00 -4.28487e+00
2.32398e-01 6.04486e-01 2.94766e-01 5.79330e-01 5.79330e-01 8.01484e-01 1.04639e+00 -4.28487e+00
2.34303e-01 6.04486e-01 2.94766e-01 5.79330e-01 5.79330e-01 8.01484e-01 1.04639e+00 -4.28487e+00
2.36208e-01 6.04486e-01 2.94766e-01 5.79330e-01 5.79330e-01 8.01484e-01 1.04639e+00 -4.28487e+00
2.38112e-01 6.04486e-01 2.94766e-01 5.79330e-01 5.79330e-01 8.01484e-01 1.04639e+00 -4.28487e+00
2.40017e-01 6.04486e-01 2.94766e-01 5.79330e-01 5.79330e-01 8.01484e-01 1.04639e+00 -4.28487e+00
2.41922e-01 6.04486e-01 2.94766e-01 5.79330e-01 5.79330e-01 8.01484e-01 1.04639e+00 -4.28487e+00
2.43827e-01 6.04486e-01 2.94766e-01 5.79330e-01 5.79330e-01 8.01484e-01 1.04639e+00 -4.28487e+00
2.45732e-01 6.04486e-01 2.94766e-01 5.79330e-01 5.79330e-01 8.01484e-01 1.04639e+00 -4.28487e+00
2.47637e-01 6.04486e-01 2.94766e-01 5.79330e-01 5.79330e-01 8.01484e-01 1.04639e+00 -4.28487e+00
2.49542e-01 6.04486e-01 2.94766e-01 5.79330e-01 5.79330e-01 8.01484e-01 1.04639e+00 -4.28487e+00
2.51447e-01 6.04486e-01 2.94766e-01 5.79330e-01 5.79330e-01 8.01484e-01 1.04639e+00 -4.28487e+00
2.53352e-01 6.04486e-01 2.94766e-01 5.79330e-01 5.79330e-01 8.01484e-01 1.04639e+00 -4.28487e+00
2.55257e-01 6.04486e-01 2.94766e-01 5.79330e-01 5.79330e-01 8.01484e-01 1.04639e+00 -4.28487e+00
2.57161e-01 6.04486e-01 2.94766e-01 5.79330e-01 5.79330e-01 8.01484e-01 1.04639e+00 -4.28487e+00
2.59066e-01 6.04486e-01 2.94766e-01 5.79330e-01 5.79330e-01 8.01484e-01 1.04639e+00 -4.28487e+00
2.60971e-01 6.04486e-01 2.94766e-01 5.79330e-01 5.79330e-01 8.01484e-01 1.04639e+00 -4.28487e+00
2.62876e-01 6.04486e-01 2.94766e-01 5.79330e-01 5.79330e-01 8.01484e-01 1.04639e+00 -4.28487e+00
2.64781e-01 6.04486e-01 2.94766e-01 5.79330e-01 5.79330e-01 8.01484e-01 1.04639e+00 -4.28487e+00
2.66686e-01 6.04486e-01 2.94766e-01 5.79330e-01 5.79330e-01 8.01484e-01 1.04639e+00 -4.28487e+00
2.68591e-01 6.04486e-01 2.94766e-01 5.79330e-01 5.79330e-01 8.01484e-01 1.04639e+00 -4.28487e+00
2.70496e-01 6.04486e-01 2.94766e-01 5.79330e-01 5.79330e-01 8.01484e-01 1.04639e+00 -4.28487e+00
2.72401e-01 6.04486e-01 2.94766e-01 5.79330e-01 5.79330e-01 8.01484e-01 1.04639e+00 -4.28487e+00
2.74306e-01 6.04486e-01 2.94766e-01 5.79330e-01 5.79330e-01 8.01484e-01 1.04639e+00 -4.28487e+00
2.76210e-01 6.04486e-01 2.94766e-01 5.79330e-01 5.79330e-01 8.01484e-01 1.04639e+00 -4.28487e+00
2.78115e-01 6.04486e-01 2.94766e-01 5.79330e-01 5.79330e-01 8.01484e-01 1.04639e+00 -4.28487e+00
2.80020e-01 6.04486e-01 2.94766e-01 5.79330e-01 5.79330e-01 8.01484e-01 1.04639e+00 -4.28487e+00
2.81925e-01 6.04486e-01 2.94766e-01 5.79330e-01 5.79330e-01 8.01484e-01 1.04639e+00 -4.28487e+00
2.83830e-01 6.04486e-01 2.94766e-01 5.79330e-01 5.79330e-01 8.01484e-01 1.04639e+00 -4.28487e+00
2.85735e-01 6.04486e-01 2.94766e-01 5.79330e-01 5.79330e-01 8.01484e-01 1.04639e+00 -4.28487e+00
2.87640e-01 6.04486e-01 2.94766e-01 5.79330e-01 5.79330e-01 8.01484e-01 1.04639e+00 -4.28487e+00
2.89545e-01 6.04486e-01 2.94766e-01 5.79330e-01 5.79330e-01 8.01484e-01 1.04639e+00 -4.28487e+00
2.91450e-01 6.04486e-01 2.94766e-01 5.79330e-01 5.79330e-01 8.01484e-01 1.04639e+00 -4.28487e+00
2.93355e-01 6.04486e-01 2.94766e-01 5.79330e-01 5.79330e-01 8.01484e-01 1.04639e+00 -4.28487e+00
2.95259e-01 6.04486e-01 2.94766e-01 5.79330e-01 5.79330e-01 8.01484e-01 1.04639e+00 -4.28487e+00
2.97164e-01 6.04486e-01 2.94766e-01 5.79330e-01 5.79330e-01 8.01484e-01 1.04639e+00 -4.28487e+00
2.99069e-01 6.04486e-01 2.94766e-01 5.79330e-01 5.79330e-01 8.01484e-01 1.04639e+00 -4.28487e+00
3.00974e-01 6.04486e-01 2.94766e-01 5.79330e-01 5.79330e-01 8.01484e-01 1.04639e+00 -4.28487e+00
3.02879e-01 6.04486e-01 2.94766e-01 5.79330e-01 5.79330e-01 8.01484e-01 1.04639e+00 -4.28487e+00
3.04784e-01 6.04486e-01 2.94766e-01 5.79330e-01 5.79330e-01 8.01484e-01 1.04639e+00 -4.28487e+00
3.06689e-01 6.04486e-01 2.94766e-01 5.79330e-01 5.79330e-01 8.01484e-01 1.04639e+00 -4.28487e+00
3.08594e-01 6.04486e-01 2.94766e-01 5.79330e-01 5.79330e-01 8.01484e-01 1.04639e+00 -4.28487e+00
3.10499e-01 6.04486e-01 2.94766e-01 5.79330e-01 5.79330e-01 8.01484e-01 1.04639e+00 -4.28487e+00
3.12404e-01 6.04486e-01 2.94766e-01 5.79330e-01 5.79330e-01 8.01484e-01 1.04639e+00 -4.28487e+00
3.14308e-01 6.04486e-01 2.94766e-01 5.79330e-01 5.79330e-01 8.01484e-01 1.04639e+00 -4.28487e+00
3.16213e-01 6.04486e-01 2.94766e-01 5.79330e-01 5.79330e-01 8.01484e-01 1.04639e+00 -4.28487e+00
3.18118e-01 6.04486e-01 2.94766e-01 5.79330e-01 5.79330e-01 8.01484e-01 1.04639e+00 -4.28487e+00
3.20023e-01 6.04486e-01 2.94766e-01 5.79330e-01 5.79330e-01 8.01484e-01 1.04639e+00 -4.28487e+00
3.21928e-01 6.04486e-01 2.94766e-01 5.79330e-01 5.79330e-01 8.01484e-01 1.04639e+00 -4.28487e+00
3.23833e-01 6.04486e-01 2.94766e-01 5.79330e-01 5.79330e-01 8.01484e-01 1.04639e+00 -4.28487e+00
3.25738e-01 6.04486e-01 2.94766e-01 5.79330e-01 5.79330e-01 8.01484e-01 1.04639e+00 -4.28487e+00
3.27643e-01 6.04486e-01 2.94766e-01 5.79330e-01 5.79330e-01 8.01484e-01 1.04639e+00 -4.28487e+00
3.29548e-01 6.04486e-01 2.94766e-01 5.79330e-01 5.79330e-01 8.01484e-01 1.04639e+00 -4.28487e+00
3.31453e-01 6.04486e-01 2.94766e-01 5.79330e-01 5.79330e-01 8.01484e-01 1.04639e+00 -4.28487e+00
3.33357e-01 6.04486e-01 2.94766e-01 5.79330e-01 5.79330e-01 8.01484e-01 1.04639e+00 -4.28487e+00
3.35262e-01 6.04486e-01 2.94766e-01 5.79330e-01 5.79330e-01 8.01484e-01 1.04639e+00 -4.28487e+00
3.37167e-01 6.04486e-01 2.94766e-01 5.79330e-01 5.79330e-01 8.01484e-01 1.04639e+00 -4.28487e+00
3.39072e-01 6.04486e-01 2.94766e-01 5.79330e-01 5.79330e-01 8.01484e-01 1.04639e+00 -4.28487e+00
3.40977e-01 6.04486e-01 2.94766e-01 5.79330e-01 5.79330e-01 8.01484e-01 1.04639e+00 -4.28487e+00
3.42882e-01 6.04486e-01 2.94766e-01 5.79330e-01 5.79330e-01 8.01484e-01 1.04639e+00 -4.28487e+00
3.44787e-01 6.04486e-01 2.94766e-01 5.79330e-01 5.79330e-01 8.01484e-01 1.04639e+00 -4.28487e+00
3.46692e-01 6.04486e-01 2.94766e-01 5.79330e-01 5.79330e-01 8.01484e-01 1.04639e+00 -4.28487e+00
3.48597e-01 6.04486e-01 2.94766e-01 5.79330e-01 5.79330e-01 8.01484e-01 1.04639e+00 -4.28487e+00
3.50502e-01 6.04486e-01 2.94766e-01 5.79330e-01 5.79330e-01 8.01484e-01 1.04639e+00 -4.28487e+00
3.52406e-01 6.04486e-01 2.94766e-01 5.79330e-01 5.79330e-01 8.01484e-01 1.04639e+00 -4.28487e+00
3.54311e-01 6.04486e-01 2.94766e-01 5.79330e-01 5.79330e-01 8.01484e-01 1.04639e+00 -4.28487e+00
3.56216e-01 6.04486e-01 2.94766e-01 5.79330e-01 5.79330e-01 8.01484e-01 1.04639e+00 -4.28487e+00
3.58121e-01 6.04486e-01 2.94766e-01 5.79330e-01 5.79330e-01 8.01484e-01 1.04639e+00 -4.28487e+00
3.60026e-01 6.04486e-01 2.94766e-01 5.79330e-01 5.79330e-01 8.01484e-01 1.04639e+00 -4.28487e+00
3.61931e-01 6.04486e-01 2.94766e-01 5.79330e-01 5.79330e-01 8.01484e-01 1.04639e+00 -4.28487e+00
3.63836e-01 6.04486e-01 2.94766e-01 5.79330e-01 5.79330e-01 8.01484e-01 1.04639e+00 -4.28487e+00
3.65741e-01 6.04486e-01 2.94766e-01 5.79330e-01 5.79330e-01 8.01484e-01 1.04639e+00 -4.28487e+00
3.67646e-01 6.04486e-01 2.94766e-01 5.79330e-01 5.79330e-01 8.01484e-01 1.04639e+00 -4.28487e+00
3.69551e-01 6.04486e-01 2.94766e-01 5.79330e-01 5.79330e-01 8.01484e-01 1.04639e+00 -4.28487e+00
3.71455e-01 6.04486e-01 2.94766e-01 5.79330e-01 5.79330e-01 8.01484e-01 1.04639e+00 -4.28487e+00
3.73360e-01 6.04486e-01 2.94766e-01 5.79330e-01 5.79330e-01 8.01484e-01 1.04639e+00 -4.28487e+00
3.75265e-01 6.04486e-01 2.94766e-01 5.79330e-01 5.79330e-01 8.01484e-01 1.04639e+00 -4.28487e+00
3.77170e-01 6.04486e-01 2.94766e-01 5.79330e-01 5.79330e-01 8.01484e-01 1.04639e+00 -4.28487e+00
3.79075e-01 6.04486e-01 2.94766e-01 5.79330e-01 5.79330e-01 8.01484e-01 1.04639e+00 -4.28487e+00
