# x AR CA ca co phi u v
0.00000e+00 6.00000e-01 3.00000e-01 4.99135e-01 4.99135e-01 8.00000e-01 1.00000e+00 -4.28317e+00
1.90490e-03 6.09428e-01 2.89000e-01 5.34771e-01 5.27047e-01 8.03182e-01 1.10006e+00 -4.28676e+00
3.80980e-03 6.09106e-01 2.89377e-01 5.62188e-01 5.51027e-01 8.02975e-01 1.09346e+00 -4.28653e+00
5.71470e-03 6.08671e-01 2.89884e-01 5.83160e-01 5.72024e-01 8.02838e-01 1.08911e+00 -4.28638e+00
7.61960e-03 6.08346e-01 2.90262e-01 5.99089e-01 5.90759e-01 8.02736e-01 1.08589e+00 -4.28627e+00
9.52450e-03 6.08102e-01 2.90548e-01 6.11232e-01 6.07885e-01 8.02659e-01 1.08344e+00 -4.28618e+00
1.14294e-02 6.07909e-01 2.90773e-01 6.20726e-01 6.24002e-01 8.02597e-01 1.08150e+00 -4.28612e+00
1.33343e-02 6.07745e-01 2.90964e-01 6.28632e-01 6.39663e-01 8.02545e-01 1.07983e+00 -4.28606e+00
1.52392e-02 6.07592e-01 2.91143e-01 6.35963e-01 6.55383e-01 8.02495e-01 1.07824e+00 -4.28600e+00
1.71441e-02 6.07432e-01 2.91330e-01 6.43719e-01 6.71639e-01 8.02442e-01 1.07657e+00 -4.28594e+00
1.90490e-02 6.07248e-01 2.91544e-01 6.52912e-01 6.88879e-01 8.02380e-01 1.07463e+00 -4.28588e+00
2.09539e-02 6.07022e-01 2.91807e-01 6.64579e-01 7.07516e-01 8.02305e-01 1.07223e+00 -4.28579e+00
2.28588e-02 6.06736e-01 2.92141e-01 6.79779e-01 7.27932e-01 8.02208e-01 1.06916e+00 -4.28569e+00
2.47637e-02 6.06368e-01 2.92571e-01 6.99571e-01 7.50471e-01 8.02082e-01 1.06520e+00 -4.28555e+00
2.66686e-02 6.05895e-01 2.93122e-01 7.24962e-01 7.75433e-01 8.01920e-01 1.06011e+00 -4.28536e+00
2.85735e-02 6.05298e-01 2.93819e-01 7.56841e-01 8.03064e-01 8.01716e-01 1.05366e+00 -4.28513e+00
3.04784e-02 6.04564e-01 2.94676e-01 7.95877e-01 8.33538e-01 8.01465e-01 1.04577e+00 -4.28485e+00
3.23833e-02 6.03696e-01 2.95688e-01 8.42403e-01 8.66929e-01 8.01191e-01 1.03717e+00 -4.28454e+00
3.42882e-02 6.02728e-01 2.96818e-01 8.96272e-01 9.03168e-01 8.01196e-01 1.03732e+00 -4.28455e+00
3.61931e-02 6.01735e-01 2.97975e-01 9.56509e-01 9.41852e-01 8.04151e-01 1.13098e+00 -4.28780e+00
3.80980e-02 5.51325e-01 3.36106e-01 1.02000e+00 9.81453e-01 8.22895e-01 1.77479e+00 -4.30293e+00
4.00029e-02 5.60033e-01 3.29709e-01 1.06264e+00 1.01069e+00 8.18073e-01 1.60063e+00 -4.30003e+00
4.19078e-02 5.66572e-01 3.24849e-01 1.09196e+00 1.03355e+00 8.15516e-01 1.51074e+00 -4.29819e+00
4.38127e-02 5.70165e-01 3.22179e-01 1.11171e+00 1.05175e+00 8.14082e-01 1.46106e+00 -4.29708e+00
4.57176e-02 5.72175e-01 3.20691e-01 1.12461e+00 1.06648e+00 8.13251e-01 1.43251e+00 -4.29641e+00
4.76225e-02 5.73336e-01 3.19837e-01 1.13267e+00 1.07857e+00 8.12755e-01 1.41554e+00 -4.29599e+00
4.95274e-02 5.74025e-01 3.19333e-01 1.13734e+00 1.08858e+00 8.12450e-01 1.40516e+00 -4.29574e+00
5.14323e-02 5.74446e-01 3.19028e-01 1.13969e+00 1.09691e+00 8.12259e-01 1.39866e+00 -4.29558e+00
5.33372e-02 5.74709e-01 3.18839e-01 1.14052e+00 1.10386e+00 8.12136e-01 1.39449e+00 -4.29547e+00
5.52421e-02 5.74877e-01 3.18718e-01 1.14040e+00 1.10964e+00 8.12056e-01 1.39177e+00 -4.29540e+00
5.71470e-02 5.74986e-01 3.18641e-01 1.13976e+00 1.11443e+00 8.12003e-01 1.38997e+00 -4.29536e+00
5.90519e-02 5.75059e-01 3.18589e-01 1.13886e+00 1.11837e+00 8.11967e-01 1.38875e+00 -4.29533e+00
6.09568e-02 5.75108e-01 3.18555e-01 1.13791e+00 1.12158e+00 8.11943e-01 1.38792e+00 -4.29531e+00
6.28617e-02 5.75141e-01 3.18532e-01 1.13700e+00 1.12416e+00 8.11926e-01 1.38735e+00 -4.29529e+00
6.47666e-02 5.75164e-01 3.18516e-01 1.13620e+00 1.12620e+00 8.11914e-01 1.38695e+00 -4.29528e+00
6.66715e-02 5.75179e-01 3.18505e-01 1.13555e+00 1.12778e+00 8.11906e-01 1.38667e+00 -4.29528e+00
6.85764e-02 5.75190e-01 3.18498e-01 1.13504e+00 1.12896e+00 8.11901e-01 1.38648e+00 -4.29527e+00
7.04813e-02 5.75196e-01 3.18493e-01 1.13468e+00 1.12978e+00 8.11897e-01 1.38636e+00 -4.29527e+00
7.23862e-02 5.75201e-01 3.18490e-01 1.13445e+00 1.13030e+00 8.11895e-01 1.38629e+00 -4.29527e+00
7.42911e-02 5.75202e-01 3.18489e-01 1.13435e+00 1.13053e+00 8.11894e-01 1.38626e+00 -4.29527e+00
7.61960e-02 5.75202e-01 3.18489e-01 1.13437e+00 1.13048e+00 8.11894e-01 1.38626e+00 -4.29527e+00
7.81009e-02 5.75200e-01 3.18491e-01 1.13452e+00 1.13015e+00 8.11895e-01 1.38631e+00 -4.29527e+00
8.00058e-02 5.75195e-01 3.18494e-01 1.13479e+00 1.12954e+00 8.11898e-01 1.38640e+00 -4.29527e+00
8.19107e-02 5.75188e-01 3.18499e-01 1.13521e+00 1.12860e+00 8.11902e-01 1.38655e+00 -4.29527e+00
8.38156e-02 5.75176e-01 3.18507e-01 1.13577e+00 1.12730e+00 8.11909e-01 1.38677e+00 -4.29528e+00
8.57205e-02 5.75160e-01 3.18518e-01 1.13647e+00 1.12559e+00 8.11918e-01 1.38708e+00 -4.29529e+00
8.76254e-02 5.75136e-01 3.18535e-01 1.13731e+00 1.12340e+00 8.11932e-01 1.38754e+00 -4.29530e+00
8.95303e-02 5.75101e-01 3.18560e-01 1.13824e+00 1.12066e+00 8.11951e-01 1.38820e+00 -4.29531e+00
9.14352e-02 5.75050e-01 3.18596e-01 1.13919e+00 1.11728e+00 8.11979e-01 1.38916e+00 -4.29534e+00
9.33401e-02 5.74974e-01 3.18649e-01 1.14002e+00 1.11316e+00 8.12021e-01 1.39057e+00 -4.29537e+00
9.52450e-02 5.74860e-01 3.18731e-01 1.14053e+00 1.10818e+00 8.12083e-01 1.39267e+00 -4.29543e+00
9.71499e-02 5.74685e-01 3.18855e-01 1.14042e+00 1.10220e+00 8.12177e-01 1.39586e+00 -4.29551e+00
9.90548e-02 5.74413e-01 3.19052e-01 1.13923e+00 1.09506e+00 8.12322e-01 1.40079e+00 -4.29563e+00
1.00960e-01 5.73979e-01 3.19366e-01 1.13638e+00 1.08653e+00 8.12550e-01 1.40854e+00 -4.29582e+00
1.02865e-01 5.73274e-01 3.19882e-01 1.13103e+00 1.07631e+00 8.12916e-01 1.42105e+00 -4.29613e+00
1.04769e-01 5.72098e-01 3.20748e-01 1.12210e+00 1.06402e+00 8.13520e-01 1.44175e+00 -4.29663e+00
1.06674e-01 5.70081e-01 3.22241e-01 1.10812e+00 1.04907e+00 8.14544e-01 1.47703e+00 -4.29744e+00
1.08579e-01 5.66525e-01 3.24885e-01 1.08713e+00 1.03064e+00 8.16309e-01 1.53846e+00 -4.29878e+00
1.10484e-01 5.60060e-01 3.29696e-01 1.05643e+00 1.00752e+00 8.19105e-01 1.63738e+00 -4.30071e+00
1.12389e-01 5.47924e-01 3.38679e-01 1.01211e+00 9.77820e-01 8.20332e-01 1.68148e+00 -4.30148e+00
1.14294e-01 5.99881e-01 2.99375e-01 9.45930e-01 9.37131e-01 8.00524e-01 1.01632e+00 -4.28378e+00
1.16199e-01 6.02707e-01 2.96827e-01 8.84396e-01 8.97971e-01 8.00973e-01 1.03035e+00 -4.28429e+00
1.18104e-01 6.03743e-01 2.95633e-01 8.30575e-01 8.61950e-01 8.01289e-01 1.04026e+00 -4.28465e+00
1.20009e-01 6.04627e-01 2.94602e-01 7.84864e-01 8.29249e-01 8.01568e-01 1.04900e+00 -4.28497e+00
1.21914e-01 6.05363e-01 2.93743e-01 7.47137e-01 7.99910e-01 8.01799e-01 1.05628e+00 -4.28523e+00
1.23818e-01 6.05951e-01 2.93057e-01 7.16858e-01 7.73865e-01 8.01984e-01 1.06211e+00 -4.28544e+00
1.25723e-01 6.06408e-01 2.92524e-01 6.93224e-01 7.50971e-01 8.02127e-01 1.06663e+00 -4.28560e+00
1.27628e-01 6.06754e-01 2.92120e-01 6.75292e-01 7.31040e-01 8.02236e-01 1.07007e+00 -4.28572e+00
1.29533e-01 6.07013e-01 2.91818e-01 6.62075e-01 7.13852e-01 8.02318e-01 1.07264e+00 -4.28581e+00
1.31438e-01 6.07204e-01 2.91595e-01 6.52629e-01 6.99173e-01 8.02378e-01 1.07454e+00 -4.28587e+00
1.33343e-01 6.07344e-01 2.91432e-01 6.46095e-01 6.86761e-01 8.02422e-01 1.07593e+00 -4.28592e+00
1.35248e-01 6.07445e-01 2.91314e-01 6.41737e-01 6.76375e-01 8.02454e-01 1.07694e+00 -4.28596e+00
1.37153e-01 6.07518e-01 2.91229e-01 6.38947e-01 6.67776e-01 8.02477e-01 1.07767e+00 -4.28598e+00
1.39058e-01 6.07570e-01 2.91168e-01 6.37249e-01 6.60737e-01 8.02493e-01 1.07820e+00 -4.28600e+00
1.40963e-01 6.07608e-01 2.91124e-01 6.36278e-01 6.55039e-01 8.02505e-01 1.07858e+00 -4.28602e+00
1.42867e-01 6.07635e-01 2.91093e-01 6.35772e-01 6.50481e-01 8.02514e-01 1.07884e+00 -4.28602e+00
1.44772e-01 6.07654e-01 2.91071e-01 6.35547e-01 6.46879e-01 8.02520e-01 1.07903e+00 -4.28603e+00
1.46677e-01 6.07667e-01 2.91055e-01 6.35481e-01 6.44066e-01 8.02524e-01 1.07917e+00 -4.28604e+00
1.48582e-01 6.07676e-01 2.91044e-01 6.35496e-01 6.41898e-01 8.02527e-01 1.07926e+00 -4.28604e+00
1.50487e-01 6.07683e-01 2.91037e-01 6.35545e-01 6.40247e-01 8.02529e-01 1.07933e+00 -4.28604e+00
1.52392e-01 6.07687e-01 2.91031e-01 6.35603e-01 6.39005e-01 8.02530e-01 1.07937e+00 -4.28604e+00
1.54297e-01 6.07691e-01 2.91028e-01 6.35657e-01 6.38084e-01 8.02531e-01 1.07941e+00 -4.28604e+00
1.56202e-01 6.07693e-01 2.91025e-01 6.35702e-01 6.37410e-01 8.02532e-01 1.07943e+00 -4.28604e+00
1.58107e-01 6.07694e-01 2.91024e-01 6.35737e-01 6.36922e-01 8.02533e-01 1.07944e+00 -4.28605e+00
1.60012e-01 6.07695e-01 2.91023e-01 6.35763e-01 6.36574e-01 8.02533e-01 1.07945e+00 -4.28605e+00
1.61916e-01 6.07696e-01 2.91022e-01 6.35781e-01 6.36329e-01 8.02533e-01 1.07946e+00 -4.28605e+00
1.63821e-01 6.07696e-01 2.91021e-01 6.35793e-01 6.36159e-01 8.02533e-01 1.07946e+00 -4.28605e+00
1.65726e-01 6.07696e-01 2.91021e-01 6.35801e-01 6.36042e-01 8.02533e-01 1.07946e+00 -4.28605e+00
1.67631e-01 6.07696e-01 2.91021e-01 6.35807e-01 6.35963e-01 8.02533e-01 1.07946e+00 -4.28605e+00
1.69536e-01 6.07697e-01 2.91021e-01 6.35810e-01 6.35910e-01 8.02533e-01 1.07947e+00 -4.28605e+00
1.71441e-01 6.07697e-01 2.91021e-01 6.35813e-01 6.35876e-01 8.02533e-01 1.07947e+00 -4.28605e+00
1.73346e-01 6.07697e-01 2.91021e-01 6.35814e-01 6.35853e-01 8.02533e-01 1.07947e+00 -4.28605e+00
1.75251e-01 6.07697e-01 2.91021e-01 6.35815e-01 6.35839e-01 8.02533e-01 1.07947e+00 -4.28605e+00
1.77156e-01 6.07697e-01 2.91021e-01 6.35815e-01 6.35830e-01 8.02533e-01 1.07947e+00 -4.28605e+00
1.79061e-01 6.07697e-01 2.91021e-01 6.35815e-01 6.35824e-01 8.02533e-01 1.07947e+00 -4.28605e+00
1.80965e-01 6.07697e-01 2.91021e-01 6.35816e-01 6.35821e-01 8.02533e-01 1.07947e+00 -4.28605e+00
1.82870e-01 6.07697e-01 2.91021e-01 6.35816e-01 6.35819e-01 8.02533e-01 1.07947e+00 -4.28605e+00
1.84775e-01 6.07697e-01 2.91021e-01 6.35816e-01 6.35818e-01 8.02533e-01 1.07947e+00 -4.28605e+00
1.86680e-01 6.07697e-01 2.91021e-01 6.35816e-01 6.35817e-01 8.02533e-01 1.07947e+00 -4.28605e+00
1.88585e-01 6.07697e-01 2.91021e-01 6.35816e-01 6.35816e-01 8.02533e-01 1.07947e+00 -4.28605e+00
1.90490e-01 6.07697e-01 2.91021e-01 6.35816e-01 6.35816e-01 8.02533e-01 1.07947e+00 -4.28605e+00
1.92395e-01 6.07697e-01 2.91021e-01 6.35816e-01 6.35816e-01 8.02533e-01 1.07947e+00 -4.28605e+00
1.94300e-01 6.07697e-01 2.91021e-01 6.35816e-01 6.35816e-01 8.02533e-01 1.07947e+00 -4.28605e+00
1.96205e-01 6.07697e-01 2.91021e-01 6.35816e-01 6.35816e-01 8.02533e-01 1.07947e+00 -4.28605e+00
1.98110e-01 6.07697e-01 2.91021e-01 6.35816e-01 6.35816e-01 8.02533e-01 1.07947e+00 -4.28605e+00
2.00014e-01 6.07697e-01 2.91021e-01 6.35816e-01 6.35816e-01 8.02533e-01 1.07947e+00 -4.28605e+00
2.01919e-01 6.07697e-01 2.91021e-01 6.35816e-01 6.35816e-01 8.02533e-01 1.07947e+00 -4.28605e+00
2.03824e-01 6.07697e-01 2.91021e-01 6.35816e-01 6.35816e-01 8.02533e-01 1.07947e+00 -4.28605e+00
2.05729e-01 6.07697e-01 2.91021e-01 6.35816e-01 6.35816e-01 8.02533e-01 1.07947e+00 -4.28605e+00
2.07634e-01 6.07697e-01 2.91021e-01 6.35816e-01 6.35816e-01 8.02533e-01 1.07947e+00 -4.28605e+00
2.09539e-01 6.07697e-01 2.91021e-01 6.35816e-01 6.35816e-01 8.02533e-01 1.07947e+00 -4.28605e+00
2.11444e-01 6.07697e-01 2.91021e-01 6.35816e-01 6.35816e-01 8.02533e-01 1.07947e+00 -4.28605e+00
2.13349e-01 6.07697e-01 2.91021e-01 6.35816e-01 6.35816e-01 8.02533e-01 1.07947e+00 -4.28605e+00
2.15254e-01 6.07697e-01 2.91021e-01 6.35816e-01 6.35816e-01 8.02533e-01 1.07947e+00 -4.28605e+00
2.17159e-01 6.07697e-01 2.91021e-01 6.35816e-01 6.35816e-01 8.02533e-01 1.07947e+00 -4.28605e+00
2.19063e-01 6.07697e-01 2.91021e-01 6.35816e-01 6.35816e-01 8.02533e-01 1.07947e+00 -4.28605e+00
2.20968e-01 6.07697e-01 2.91021e-01 6.35816e-01 6.35816e-01 8.02533e-01 1.07947e+00 -4.28605e+00
2.22873e-01 6.07697e-01 2.91021e-01 6.35816e-01 6.35816e-01 8.02533e-01 1.07947e+00 -4.28605e+00
2.24778e-01 6.07697e-01 2.91021e-01 6.35816e-01 6.35816e-01 8.02533e-01 1.07947e+00 -4.28605e+00
2.26683e-01 6.07697e-01 2.91021e-01 6.35816e-01 6.35816e-01 8.02533e-01 1.07947e+00 -4.28605e+00
2.28588e-01 6.07697e-01 2.91021e-01 6.35816e-01 6.35816e-01 8.02533e-01 1.07947e+00 -4.28605e+00
2.30493e-01 6.07697e-01 2.91021e-01 6.35816e-01 6.35816e-01 8.02533e-01 1.07947e+00 -4.28605e+00
2.32398e-01 6.07697e-01 2.91021e-01 6.35816e-01 6.35816e-01 8.02533e-01 1.07947e+00 -4.28605e+00
2.34303e-01 6.07697e-01 2.91021e-01 6.35816e-01 6.35816e-01 8.02533e-01 1.07947e+00 -4.28605e+00
2.36208e-01 6.07697e-01 2.91021e-01 6.35816e-01 6.35816e-01 8.02533e-01 1.07947e+00 -4.28605e+00
2.38112e-01 6.07697e-01 2.91021e-01 6.35816e-01 6.35816e-01 8.02533e-01 1.07947e+00 -4.28605e+00
2.40017e-01 6.07697e-01 2.91021e-01 6.35816e-01 6.35816e-01 8.02533e-01 1.07947e+00 -4.28605e+00
2.41922e-01 6.07697e-01 2.91021e-01 6.35816e-01 6.35816e-01 8.02533e-01 1.07947e+00 -4.28605e+00
2.43827e-01 6.07697e-01 2.91021e-01 6.35816e-01 6.35816e-01 8.02533e-01 1.07947e+00 -4.28605e+00
2.45732e-01 6.07697e-01 2.91021e-01 6.35816e-01 6.35816e-01 8.02533e-01 1.07947e+00 -4.28605e+00
2.47637e-01 6.07697e-01 2.91021e-01 6.35816e-01 6.35816e-01 8.02533e-01 1.07947e+00 -4.28605e+00
2.49542e-01 6.07697e-01 2.91021e-01 6.35816e-01 6.35816e-01 8.02533e-01 1.07947e+00 -4.28605e+00
2.51447e-01 6.07697e-01 2.91021e-01 6.35816e-01 6.35816e-01 8.02533e-01 1.07947e+00 -4.28605e+00
2.53352e-01 6.07697e-01 2.91021e-01 6.35816e-01 6.35816e-01 8.02533e-01 1.07947e+00 -4.28605e+00
2.55257e-01 6.07697e-01 2.91021e-01 6.35816e-01 6.35816e-01 8.02533e-01 1.07947e+00 -4.28605e+00
2.57161e-01 6.07697e-01 2.91021e-01 6.35816e-01 6.35816e-01 8.02533e-01 1.07947e+00 -4.28605e+00
2.59066e-01 6.07697e-01 2.91021e-01 6.35816e-01 6.35816e-01 8.02533e-01 1.07947e+00 -4.28605e+00
2.60971e-01 6.07697e-01 2.91021e-01 6.35816e-01 6.35816e-01 8.02533e-01 1.07947e+00 -4.28605e+00
2.62876e-01 6.07697e-01 2.91021e-01 6.35816e-01 6.35816e-01 8.02533e-01 1.07947e+00 -4.28605e+00
2.64781e-01 6.07697e-01 2.91021e-01 6.35816e-01 6.35816e-01 8.02533e-01 1.07947e+00 -4.28605e+00
2.66686e-01 6.07697e-01 2.91021e-01 6.35816e-01 6.35816e-01 8.02533e-01 1.07947e+00 -4.28605e+00
2.68591e-01 6.07697e-01 2.91021e-01 6.35816e-01 6.35816e-01 8.02533e-01 1.07947e+00 -4.28605e+00
2.70496e-01 6.07697e-01 2.91021e-01 6.35816e-01 6.35816e-01 8.02533e-01 1.07947e+00 -4.28605e+00
2.72401e-01 6.07697e-01 2.91021e-01 6.35816e-01 6.35816e-01 8.02533e-01 1.07947e+00 -4.28605e+00
2.74306e-01 6.07697e-01 2.91021e-01 6.35816e-01 6.35816e-01 8.02533e-01 1.07947e+00 -4.28605e+00
2.76210e-01 6.07697e-01 2.91021e-01 6.35816e-01 6.35816e-01 8.02533e-01 1.07947e+00 -4.28605e+00
2.78115e-01 6.07697e-01 2.91021e-01 6.35816e-01 6.35816e-01 8.02533e-01 1.07947e+00 -4.28605e+00
2.80020e-01 6.07697e-01 2.91021e-01 6.35816e-01 6.35816e-01 8.02533e-01 1.07947e+00 -4.28605e+00
2.81925e-01 6.07697e-01 2.91021e-01 6.35816e-01 6.35816e-01 8.02533e-01 1.07947e+00 -4.28605e+00
2.83830e-01 6.07697e-01 2.91021e-01 6.35816e-01 6.35816e-01 8.02533e-01 1.07947e+00 -4.28605e+00
2.85735e-01 6.07697e-01 2.91021e-01 6.35816e-01 6.35816e-01 8.02533e-01 1.07947e+00 -4.28605e+00
2.87640e-01 6.07697e-01 2.91021e-01 6.35816e-01 6.35816e-01 8.02533e-01 1.07947e+00 -4.28605e+00
2.89545e-01 6.07697e-01 2.91021e-01 6.35816e-01 6.35816e-01 8.02533e-01 1.07947e+00 -4.28605e+00
2.91450e-01 6.07697e-01 2.91021e-01 6.35816e-01 6.35816e-01 8.02533e-01 1.07947e+00 -4.28605e+00
2.93355e-01 6.07697e-01 2.91021e-01 6.35816e-01 6.35816e-01 8.02533e-01 1.07947e+00 -4.28605e+00
2.95259e-01 6.07697e-01 2.91021e-01 6.35816e-01 6.35816e-01 8.02533e-01 1.07947e+00 -4.28605e+00
2.97164e-01 6.07697e-01 2.91021e-01 6.35816e-01 6.35816e-01 8.02533e-01 1.07947e+00 -4.28605e+00
2.99069e-01 6.07697e-01 2.91021e-01 6.35816e-01 6.35816e-01 8.02533e-01 1.07947e+00 -4.28605e+00
3.00974e-01 6.07697e-01 2.91021e-01 6.35816e-01 6.35816e-01 8.02533e-01 1.07947e+00 -4.28605e+00
3.02879e-01 6.07697e-01 2.91021e-01 6.35816e-01 6.35816e-01 8.02533e-01 1.07947e+00 -4.28605e+00
3.04784e-01 6.07697e-01 2.91021e-01 6.35816e-01 6.35816e-01 8.02533e-01 1.07947e+00 -4.28605e+00
3.06689e-01 6.07697e-01 2.91021e-01 6.35816e-01 6.35816e-01 8.02533e-01 1.07947e+00 -4.28605e+00
3.08594e-01 6.07697e-01 2.91021e-01 6.35816e-01 6.35816e-01 8.02533e-01 1.07947e+00 -4.28605e+00
3.10499e-01 6.07697e-01 2.91021e-01 6.35816e-01 6.35816e-01 8.02533e-01 1.07947e+00 -4.28605e+00
3.12404e-01 6.07697e-01 2.91021e-01 6.35816e-01 6.35816e-01 8.02533e-01 1.07947e+00 -4.28605e+00
3.14308e-01 6.07697e-01 2.91021e-01 6.35816e-01 6.35816e-01 8.02533e-01 1.07947e+00 -4.28605e+00
3.16213e-01 6.07697e-01 2.91021e-01 6.35816e-01 6.35816e-01 8.02533e-01 1.07947e+00 -4.28605e+00
3.18118e-01 6.07697e-01 2.91021e-01 6.35816e-01 6.35816e-01 8.02533e-01 1.07947e+00 -4.28605e+00
3.20023e-01 6.07697e-01 2.91021e-01 6.35816e-01 6.35816e-01 8.02533e-01 1.07947e+00 -4.28605e+00
3.21928e-01 6.07697e-01 2.91021e-01 6.35816e-01 6.35816e-01 8.02533e-01 1.07947e+00 -4.28605e+00
3.23833e-01 6.07697e-01 2.91021e-01 6.35816e-01 6.35816e-01 8.02533e-01 1.07947e+00 -4.28605e+00
3.25738e-01 6.07697e-01 2.91021e-01 6.35816e-01 6.35816e-01 8.02533e-01 1.07947e+00 -4.28605e+00
3.27643e-01 6.07697e-01 2.91021e-01 6.35816e-01 6.35816e-01 8.02533e-01 1.07947e+00 -4.28605e+00
3.29548e-01 6.07697e-01 2.91021e-01 6.35816e-01 6.35816e-01 8.02533e-01 1.07947e+00 -4.28605e+00
3.31453e-01 6.07697e-01 2.91021e-01 6.35816e-01 6.35816e-01 8.02533e-01 1.07947e+00 -4.28605e+00
3.33357e-01 6.07697e-01 2.91021e-01 6.35816e-01 6.35816e-01 8.02533e-01 1.07947e+00 -4.28605e+00
3.35262e-01 6.07697e-01 2.91021e-01 6.35816e-01 6.35816e-01 8.02533e-01 1.07947e+00 -4.28605e+00
3.37167e-01 6.07697e-01 2.91021e-01 6.35816e-01 6.35816e-01 8.02533e-01 1.07947e+00 -4.28605e+00
3.39072e-01 6.07697e-01 2.91021e-01 6.35816e-01 6.35816e-01 8.02533e-01 1.07947e+00 -4.28605e+00
3.40977e-01 6.07697e-01 2.91021e-01 6.35816e-01 6.35816e-01 8.02533e-01 1.07947e+00 -4.28605e+00
3.42882e-01 6.07697e-01 2.91021e-01 6.35816e-01 6.35816e-01 8.02533e-01 1.07947e+00 -4.28605e+00
3.44787e-01 6.07697e-01 2.91021e-01 6.35816e-01 6.35816e-01 8.02533e-01 1.07947e+00 -4.28605e+00
3.46692e-01 6.07697e-01 2.91021e-01 6.35816e-01 6.35816e-01 8.02533e-01 1.07947e+00 -4.28605e+00
3.48597e-01 6.07697e-01 2.91021e-01 6.35816e-01 6.35816e-01 8.02533e-01 1.07947e+00 -4.28605e+00
3.50502e-01 6.07697e-01 2.91021e-01 6.35816e-01 6.35816e-01 8.02533e-01 1.07947e+00 -4.28605e+00
3.52406e-01 6.07697e-01 2.91021e-01 6.35816e-01 6.35816e-01 8.02533e-01 1.07947e+00 -4.28605e+00
3.54311e-01 6.07697e-01 2.91021e-01 6.35816e-01 6.35816e-01 8.02533e-01 1.07947e+00 -4.28605e+00
3.56216e-01 6.07697e-01 2.91021e-01 6.35816e-01 6.35816e-01 8.02533e-01 1.07947e+00 -4.28605e+00
3.58121e-01 6.07697e-01 2.91021e-01 6.35816e-01 6.35816e-01 8.02533e-01 1.07947e+00 -4.28605e+00
3.60026e-01 6.07697e-01 2.91021e-01 6.35816e-01 6.35816e-01 8.02533e-01 1.07947e+00 -4.28605e+00
3.61931e-01 6.07697e-01 2.91021e-01 6.35816e-01 6.35816e-01 8.02533e-01 1.07947e+00 -4.28605e+00
3.63836e-01 6.07697e-01 2.91021e-01 6.35816e-01 6.35816e-01 8.02533e-01 1.07947e+00 -4.28605e+00
3.65741e-01 6.07697e-01 2.91021e-01 6.35816e-01 6.35816e-01 8.02533e-01 1.07947e+00 -4.28605e+00
3.67646e-01 6.07697e-01 2.91021e-01 6.35816e-01 6.35816e-01 8.02533e-01 1.07947e+00 -4.28605e+00
3.69551e-01 6.07697e-01 2.91021e-01 6.35816e-01 6.35816e-01 8.02533e-01 1.07947e+00 -4.28605e+00
3.71455e-01 6.07697e-01 2.91021e-01 6.35816e-01 6.35816e-01 8.02533e-01 1.07947e+00 -4.28605e+00
3.73360e-01 6.07697e-01 2.91021e-01 6.35816e-01 6.35816e-01 8.02533e-01 1.07947e+00 -4.28605e+00
3.75265e-01 6.07697e-01 2.91021e-01 6.35816e-01 6.35816e-01 8.02533e-01 1.07947e+00 -4.28605e+00
3.77170e-01 6.07697e-01 2.91021e-01 6.35816e-01 6.35816e-01 8.02533e-01 1.07947e+00 -4.28605e+00
3.79075e-01 6.07697e-01 2.91021e-01 6.35816e-01 6.35816e-01 8.02533e-01 1.07947e+00 -4.28605e+00
