# x AR CA ca co phi u v
0.00000e+00 6.00000e-01 3.00000e-01 4.99135e-01 4.99135e-01 8.00000e-01 1.00000e+00 -4.28317e+00
1.90490e-03 6.07224e-01 2.91573e-01 5.31136e-01 5.23002e-01 8.02431e-01 1.07624e+00 -4.28593e+00
3.80980e-03 6.07002e-01 2.91831e-01 5.54966e-01 5.42930e-01 8.02300e-01 1.07210e+00 -4.28579e+00
5.71470e-03 6.06741e-01 2.92135e-01 5.72435e-01 5.59824e-01 8.02217e-01 1.06947e+00 -4.28570e+00
7.61960e-03 6.06557e-01 2.92350e-01 5.84998e-01 5.74421e-01 8.02159e-01 1.06763e+00 -4.28563e+00
9.52450e-03 6.06426e-01 2.92503e-01 5.93914e-01 5.87405e-01 8.02117e-01 1.06631e+00 -4.28558e+00
1.14294e-02 6.06328e-01 2.92617e-01 6.00279e-01 5.99420e-01 8.02086e-01 1.06533e+00 -4.28555e+00
1.33343e-02 6.06249e-01 2.92709e-01 6.05070e-01 6.11081e-01 8.02061e-01 1.06452e+00 -4.28552e+00
1.52392e-02 6.06177e-01 2.92794e-01 6.09198e-01 6.22984e-01 8.02037e-01 1.06377e+00 -4.28549e+00
1.71441e-02 6.06100e-01 2.92884e-01 6.13571e-01 6.35704e-01 8.02011e-01 1.06297e+00 -4.28547e+00
1.90490e-02 6.06006e-01 2.92993e-01 6.19154e-01 6.49800e-01 8.01980e-01 1.06198e+00 -4.28543e+00
2.09539e-02 6.05884e-01 2.93135e-01 6.27017e-01 6.65809e-01 8.01939e-01 1.06069e+00 -4.28539e+00
2.28588e-02 6.05717e-01 2.93330e-01 6.38367e-01 6.84240e-01 8.01883e-01 1.05891e+00 -4.28532e+00
2.47637e-02 6.05487e-01 2.93598e-01 6.54539e-01 7.05564e-01 8.01805e-01 1.05645e+00 -4.28523e+00
2.66686e-02 6.05171e-01 2.93968e-01 6.76954e-01 7.30208e-01 8.01697e-01 1.05307e+00 -4.28511e+00
2.85735e-02 6.04743e-01 2.94467e-01 7.07013e-01 7.58534e-01 8.01551e-01 1.04847e+00 -4.28495e+00
3.04784e-02 6.04180e-01 2.95124e-01 7.45952e-01 7.90820e-01 8.01359e-01 1.04244e+00 -4.28473e+00
3.23833e-02 6.03469e-01 2.95953e-01 7.94635e-01 8.27223e-01 8.01125e-01 1.03510e+00 -4.28447e+00
3.42882e-02 6.02623e-01 2.96939e-01 8.53320e-01 8.67730e-01 8.01007e-01 1.03142e+00 -4.28433e+00
3.61931e-02 6.01701e-01 2.98015e-01 9.21229e-01 9.11962e-01 8.02976e-01 1.09351e+00 -4.28653e+00
3.80980e-02 5.56448e-01 3.32276e-01 9.94823e-01 9.58166e-01 8.20664e-01 1.69346e+00 -4.30168e+00
4.00029e-02 5.64424e-01 3.26419e-01 1.04268e+00 9.91612e-01 8.16465e-01 1.54390e+00 -4.29890e+00
4.19078e-02 5.69730e-01 3.22477e-01 1.07434e+00 1.01726e+00 8.14307e-01 1.46883e+00 -4.29726e+00
4.38127e-02 5.72562e-01 3.20369e-01 1.09470e+00 1.03731e+00 8.13139e-01 1.42868e+00 -4.29631e+00
4.57176e-02 5.74110e-01 3.19218e-01 1.10726e+00 1.05324e+00 8.12486e-01 1.40639e+00 -4.29577e+00
4.76225e-02 5.74983e-01 3.18571e-01 1.11450e+00 1.06603e+00 8.12110e-01 1.39361e+00 -4.29545e+00
4.95274e-02 5.75488e-01 3.18198e-01 1.11823e+00 1.07636e+00 8.11888e-01 1.38607e+00 -4.29526e+00
5.14323e-02 5.75788e-01 3.17977e-01 1.11973e+00 1.08472e+00 8.11754e-01 1.38152e+00 -4.29515e+00
5.33372e-02 5.75971e-01 3.17843e-01 1.11990e+00 1.09145e+00 8.11671e-01 1.37871e+00 -4.29507e+00
5.52421e-02 5.76084e-01 3.17761e-01 1.11936e+00 1.09683e+00 8.11619e-01 1.37695e+00 -4.29503e+00
5.71470e-02 5.76156e-01 3.17708e-01 1.11852e+00 1.10111e+00 8.11586e-01 1.37582e+00 -4.29500e+00
5.90519e-02 5.76202e-01 3.17675e-01 1.11762e+00 1.10446e+00 8.11564e-01 1.37509e+00 -4.29498e+00
6.09568e-02 5.76232e-01 3.17653e-01 1.11680e+00 1.10705e+00 8.11550e-01 1.37461e+00 -4.29497e+00
6.28617e-02 5.76251e-01 3.17639e-01 1.11610e+00 1.10902e+00 8.11541e-01 1.37429e+00 -4.29496e+00
6.47666e-02 5.76264e-01 3.17630e-01 1.11556e+00 1.11049e+00 8.11534e-01 1.37408e+00 -4.29495e+00
6.66715e-02 5.76272e-01 3.17624e-01 1.11515e+00 1.11157e+00 8.11530e-01 1.37394e+00 -4.29495e+00
6.85764e-02 5.76278e-01 3.17620e-01 1.11486e+00 1.11233e+00 8.11528e-01 1.37385e+00 -4.29495e+00
7.04813e-02 5.76281e-01 3.17618e-01 1.11467e+00 1.11285e+00 8.11526e-01 1.37380e+00 -4.29495e+00
7.23862e-02 5.76283e-01 3.17616e-01 1.11455e+00 1.11316e+00 8.11525e-01 1.37377e+00 -4.29495e+00
7.42911e-02 5.76284e-01 3.17616e-01 1.11450e+00 1.11330e+00 8.11525e-01 1.37375e+00 -4.29495e+00
7.61960e-02 5.76284e-01 3.17616e-01 1.11451e+00 1.11327e+00 8.11525e-01 1.37375e+00 -4.29495e+00
7.81009e-02 5.76283e-01 3.17617e-01 1.11458e+00 1.11309e+00 8.11525e-01 1.37377e+00 -4.29495e+00
8.00058e-02 5.76281e-01 3.17618e-01 1.11471e+00 1.11273e+00 8.11526e-01 1.37381e+00 -4.29495e+00
8.19107e-02 5.76277e-01 3.17621e-01 1.11493e+00 1.11216e+00 8.11528e-01 1.37388e+00 -4.29495e+00
8.38156e-02 5.76271e-01 3.17625e-01 1.11525e+00 1.11132e+00 8.11531e-01 1.37398e+00 -4.29495e+00
8.57205e-02 5.76262e-01 3.17631e-01 1.11569e+00 1.11016e+00 8.11536e-01 1.37414e+00 -4.29496e+00
8.76254e-02 5.76249e-01 3.17641e-01 1.11628e+00 1.10857e+00 8.11543e-01 1.37437e+00 -4.29496e+00
8.95303e-02 5.76228e-01 3.17656e-01 1.11700e+00 1.10647e+00 8.11554e-01 1.37473e+00 -4.29497e+00
9.14352e-02 5.76196e-01 3.17679e-01 1.11786e+00 1.10373e+00 8.11570e-01 1.37527e+00 -4.29499e+00
9.33401e-02 5.76148e-01 3.17714e-01 1.11875e+00 1.10021e+00 8.11594e-01 1.37610e+00 -4.29501e+00
9.52450e-02 5.76073e-01 3.17768e-01 1.11954e+00 1.09575e+00 8.11632e-01 1.37738e+00 -4.29504e+00
9.71499e-02 5.75955e-01 3.17855e-01 1.11995e+00 1.09016e+00 8.11691e-01 1.37939e+00 -4.29509e+00
9.90548e-02 5.75766e-01 3.17993e-01 1.11954e+00 1.08320e+00 8.11786e-01 1.38260e+00 -4.29517e+00
1.00960e-01 5.75456e-01 3.18222e-01 1.11767e+00 1.07462e+00 8.11941e-01 1.38785e+00 -4.29531e+00
1.02865e-01 5.74936e-01 3.18605e-01 1.11339e+00 1.06404e+00 8.12199e-01 1.39660e+00 -4.29553e+00
1.04769e-01 5.74046e-01 3.19265e-01 1.10538e+00 1.05098e+00 8.12638e-01 1.41157e+00 -4.29590e+00
1.06674e-01 5.72480e-01 3.20430e-01 1.09185e+00 1.03477e+00 8.13409e-01 1.43793e+00 -4.29654e+00
1.08579e-01 5.69647e-01 3.22541e-01 1.07031e+00 1.01440e+00 8.14792e-01 1.48558e+00 -4.29764e+00
1.10484e-01 5.64365e-01 3.26468e-01 1.03732e+00 9.88399e-01 8.17167e-01 1.56857e+00 -4.29940e+00
1.12389e-01 5.54221e-01 3.33959e-01 9.87887e-01 9.54393e-01 8.18926e-01 1.63100e+00 -4.30059e+00
1.14294e-01 6.00510e-01 2.98910e-01 9.11898e-01 9.07044e-01 8.00526e-01 1.01638e+00 -4.28378e+00
1.16199e-01 6.02631e-01 2.96923e-01 8.43073e-01 8.62241e-01 8.00916e-01 1.02858e+00 -4.28423e+00
1.18104e-01 6.03513e-01 2.95902e-01 7.84750e-01 8.21763e-01 8.01192e-01 1.03720e+00 -4.28454e+00
1.20009e-01 6.04230e-01 2.95066e-01 7.37114e-01 7.85773e-01 8.01419e-01 1.04434e+00 -4.28480e+00
1.21914e-01 6.04789e-01 2.94413e-01 6.99580e-01 7.54237e-01 8.01597e-01 1.04993e+00 -4.28500e+00
1.23818e-01 6.05209e-01 2.93923e-01 6.71043e-01 7.26978e-01 8.01730e-01 1.05412e+00 -4.28515e+00
1.25723e-01 6.05515e-01 2.93566e-01 6.50114e-01 7.03730e-01 8.01828e-01 1.05718e+00 -4.28526e+00
1.27628e-01 6.05733e-01 2.93311e-01 6.35322e-01 6.84165e-01 8.01897e-01 1.05937e+00 -4.28534e+00
1.29533e-01 6.05886e-01 2.93133e-01 6.25266e-01 6.67924e-01 8.01946e-01 1.06090e+00 -4.28539e+00
1.31438e-01 6.05993e-01 2.93008e-01 6.18705e-01 6.54631e-01 8.01980e-01 1.06197e+00 -4.28543e+00
1.33343e-01 6.06066e-01 2.92923e-01 6.14615e-01 6.43909e-01 8.02003e-01 1.06271e+00 -4.28546e+00
1.35248e-01 6.06116e-01 2.92865e-01 6.12194e-01 6.35390e-01 8.02019e-01 1.06321e+00 -4.28547e+00
1.37153e-01 6.06150e-01 2.92825e-01 6.10846e-01 6.28726e-01 8.02030e-01 1.06355e+00 -4.28549e+00
1.39058e-01 6.06173e-01 2.92798e-01 6.10154e-01 6.23595e-01 8.02037e-01 1.06379e+00 -4.28550e+00
1.40963e-01 6.06188e-01 2.92780e-01 6.09839e-01 6.19710e-01 8.02042e-01 1.06394e+00 -4.28550e+00
1.42867e-01 6.06198e-01 2.92769e-01 6.09726e-01 6.16816e-01 8.02045e-01 1.06404e+00 -4.28550e+00
1.44772e-01 6.06205e-01 2.92761e-01 6.09710e-01 6.14696e-01 8.02048e-01 1.06411e+00 -4.28551e+00
1.46677e-01 6.06209e-01 2.92756e-01 6.09734e-01 6.13170e-01 8.02049e-01 1.06416e+00 -4.28551e+00
1.48582e-01 6.06212e-01 2.92752e-01 6.09768e-01 6.12091e-01 8.02050e-01 1.06418e+00 -4.28551e+00
1.50487e-01 6.06214e-01 2.92750e-01 6.09800e-01 6.11340e-01 8.02050e-01 1.06420e+00 -4.28551e+00
1.52392e-01 6.06215e-01 2.92749e-01 6.09825e-01 6.10828e-01 8.02051e-01 1.06421e+00 -4.28551e+00
1.54297e-01 6.06216e-01 2.92748e-01 6.09843e-01 6.10484e-01 8.02051e-01 1.06422e+00 -4.28551e+00
1.56202e-01 6.06216e-01 2.92748e-01 6.09855e-01 6.10257e-01 8.02051e-01 1.06423e+00 -4.28551e+00
1.58107e-01 6.06217e-01 2.92747e-01 6.09863e-01 6.10111e-01 8.02051e-01 1.06423e+00 -4.28551e+00
1.60012e-01 6.06217e-01 2.92747e-01 6.09868e-01 6.10018e-01 8.02051e-01 1.06423e+00 -4.28551e+00
1.61916e-01 6.06217e-01 2.92747e-01 6.09871e-01 6.09960e-01 8.02051e-01 1.06423e+00 -4.28551e+00
1.63821e-01 6.06217e-01 2.92747e-01 6.09872e-01 6.09924e-01 8.02051e-01 1.06423e+00 -4.28551e+00
1.65726e-01 6.06217e-01 2.92747e-01 6.09873e-01 6.09903e-01 8.02051e-01 1.06423e+00 -4.28551e+00
1.67631e-01 6.06217e-01 2.92747e-01 6.09874e-01 6.09891e-01 8.02051e-01 1.06423e+00 -4.28551e+00
1.69536e-01 6.06217e-01 2.92747e-01 6.09874e-01 6.09883e-01 8.02051e-01 1.06423e+00 -4.28551e+00
1.71441e-01 6.06217e-01 2.92747e-01 6.09874e-01 6.09879e-01 8.02051e-01 1.06423e+00 -4.28551e+00
1.73346e-01 6.06217e-01 2.92747e-01 6.09874e-01 6.09877e-01 8.02051e-01 1.06423e+00 -4.28551e+00
1.75251e-01 6.06217e-01 2.92747e-01 6.09874e-01 6.09876e-01 8.02051e-01 1.06423e+00 -4.28551e+00
1.77156e-01 6.06217e-01 2.92747e-01 6.09874e-01 6.09875e-01 8.02051e-01 1.06423e+00 -4.28551e+00
1.79061e-01 6.06217e-01 2.92747e-01 6.09874e-01 6.09875e-01 8.02051e-01 1.06423e+00 -4.28551e+00
1.80965e-01 6.06217e-01 2.92747e-01 6.09875e-01 6.09875e-01 8.02051e-01 1.06423e+00 -4.28551e+00
1.82870e-01 6.06217e-01 2.92747e-01 6.09875e-01 6.09875e-01 8.02051e-01 1.06423e+00 -4.28551e+00
1.84775e-01 6.06217e-01 2.92747e-01 6.09875e-01 6.09875e-01 8.02051e-01 1.06423e+00 -4.28551e+00
1.86680e-01 6.06217e-01 2.92747e-01 6.09875e-01 6.09875e-01 8.02051e-01 1.06423e+00 -4.28551e+00
1.88585e-01 6.06217e-01 2.92747e-01 6.09875e-01 6.09875e-01 8.02051e-01 1.06423e+00 -4.28551e+00
1.90490e-01 6.06217e-01 2.92747e-01 6.09875e-01 6.09875e-01 8.02051e-01 1.06423e+00 -4.28551e+00
1.92395e-01 6.06217e-01 2.92747e-01 6.09875e-01 6.09875e-01 8.02051e-01 1.06423e+00 -4.28551e+00
1.94300e-01 6.06217e-01 2.92747e-01 6.09875e-01 6.09875e-01 8.02051e-01 1.06423e+00 -4.28551e+00
1.96205e-01 6.06217e-01 2.92747e-01 6.09875e-01 6.09875e-01 8.02051e-01 1.06423e+00 -4.28551e+00
1.98110e-01 6.06217e-01 2.92747e-01 6.09875e-01 6.09875e-01 8.02051e-01 1.06423e+00 -4.28551e+00
2.00014e-01 6.06217e-01 2.92747e-01 6.09875e-01 6.09875e-01 8.02051e-01 1.06423e+00 -4.28551e+00
2.01919e-01 6.06217e-01 2.92747e-01 6.09875e-01 6.09875e-01 8.02051e-01 1.06423e+00 -4.28551e+00
2.03824e-01 6.06217e-01 2.92747e-01 6.09875e-01 6.09875e-01 8.02051e-01 1.06423e+00 -4.28551e+00
2.05729e-01 6.06217e-01 2.92747e-01 6.09875e-01 6.09875e-01 8.02051e-01 1.06423e+00 -4.28551e+00
2.07634e-01 6.06217e-01 2.92747e-01 6.09875e-01 6.09875e-01 8.02051e-01 1.06423e+00 -4.28551e+00
2.09539e-01 6.06217e-01 2.92747e-01 6.09875e-01 6.09875e-01 8.02051e-01 1.06423e+00 -4.28551e+00
2.11444e-01 6.06217e-01 2.92747e-01 6.09875e-01 6.09875e-01 8.02051e-01 1.06423e+00 -4.28551e+00
2.13349e-01 6.06217e-01 2.92747e-01 6.09875e-01 6.09875e-01 8.02051e-01 1.06423e+00 -4.28551e+00
2.15254e-01 6.06217e-01 2.92747e-01 6.09875e-01 6.09875e-01 8.02051e-01 1.06423e+00 -4.28551e+00
2.17159e-01 6.06217e-01 2.92747e-01 6.09875e-01 6.09875e-01 8.02051e-01 1.06423e+00 -4.28551e+00
2.19063e-01 6.06217e-01 2.92747e-01 6.09875e-01 6.09875e-01 8.02051e-01 1.06423e+00 -4.28551e+00
2.20968e-01 6.06217e-01 2.92747e-01 6.09875e-01 6.09875e-01 8.02051e-01 1.06423e+00 -4.28551e+00
2.22873e-01 6.06217e-01 2.92747e-01 6.09875e-01 6.09875e-01 8.02051e-01 1.06423e+00 -4.28551e+00
2.24778e-01 6.06217e-01 2.92747e-01 6.09875e-01 6.09875e-01 8.02051e-01 1.06423e+00 -4.28551e+00
2.26683e-01 6.06217e-01 2.92747e-01 6.09875e-01 6.09875e-01 8.02051e-01 1.06423e+00 -4.28551e+00
2.28588e-01 6.06217e-01 2.92747e-01 6.09875e-01 6.09875e-01 8.02051e-01 1.06423e+00 -4.28551e+00
2.30493e-01 6.06217e-01 2.92747e-01 6.09875e-01 6.09875e-01 8.02051e-01 1.06423e+00 -4.28551e+00
2.32398e-01 6.06217e-01 2.92747e-01 6.09875e-01 6.09875e-01 8.02051e-01 1.06423e+00 -4.28551e+00
2.34303e-01 6.06217e-01 2.92747e-01 6.09875e-01 6.09875e-01 8.02051e-01 1.06423e+00 -4.28551e+00
2.36208e-01 6.06217e-01 2.92747e-01 6.09875e-01 6.09875e-01 8.02051e-01 1.06423e+00 -4.28551e+00
2.38112e-01 6.06217e-01 2.92747e-01 6.09875e-01 6.09875e-01 8.02051e-01 1.06423e+00 -4.28551e+00
2.40017e-01 6.06217e-01 2.92747e-01 6.09875e-01 6.09875e-01 8.02051e-01 1.06423e+00 -4.28551e+00
2.41922e-01 6.06217e-01 2.92747e-01 6.09875e-01 6.09875e-01 8.02051e-01 1.06423e+00 -4.28551e+00
2.43827e-01 6.06217e-01 2.92747e-01 6.09875e-01 6.09875e-01 8.02051e-01 1.06423e+00 -4.28551e+00
2.45732e-01 6.06217e-01 2.92747e-01 6.09875e-01 6.09875e-01 8.02051e-01 1.06423e+00 -4.28551e+00
2.47637e-01 6.06217e-01 2.92747e-01 6.09875e-01 6.09875e-01 8.02051e-01 1.06423e+00 -4.28551e+00
2.49542e-01 6.06217e-01 2.92747e-01 6.09875e-01 6.09875e-01 8.02051e-01 1.06423e+00 -4.28551e+00
2.51447e-01 6.06217e-01 2.92747e-01 6.09875e-01 6.09875e-01 8.02051e-01 1.06423e+00 -4.28551e+00
2.53352e-01 6.06217e-01 2.92747e-01 6.09875e-01 6.09875e-01 8.02051e-01 1.06423e+00 -4.28551e+00
2.55257e-01 6.06217e-01 2.92747e-01 6.09875e-01 6.09875e-01 8.02051e-01 1.06423e+00 -4.28551e+00
2.57161e-01 6.06217e-01 2.92747e-01 6.09875e-01 6.09875e-01 8.02051e-01 1.06423e+00 -4.28551e+00
2.59066e-01 6.06217e-01 2.92747e-01 6.09875e-01 6.09875e-01 8.02051e-01 1.06423e+00 -4.28551e+00
2.60971e-01 6.06217e-01 2.92747e-01 6.09875e-01 6.09875e-01 8.02051e-01 1.06423e+00 -4.28551e+00
2.62876e-01 6.06217e-01 2.92747e-01 6.09875e-01 6.09875e-01 8.02051e-01 1.06423e+00 -4.28551e+00
2.64781e-01 6.06217e-01 2.92747e-01 6.09875e-01 6.09875e-01 8.02051e-01 1.06423e+00 -4.28551e+00
2.66686e-01 6.06217e-01 2.92747e-01 6.09875e-01 6.09875e-01 8.02051e-01 1.06423e+00 -4.28551e+00
2.68591e-01 6.06217e-01 2.92747e-01 6.09875e-01 6.09875e-01 8.02051e-01 1.06423e+00 -4.28551e+00
2.70496e-01 6.06217e-01 2.92747e-01 6.09875e-01 6.09875e-01 8.02051e-01 1.06423e+00 -4.28551e+00
2.72401e-01 6.06217e-01 2.92747e-01 6.09875e-01 6.09875e-01 8.02051e-01 1.06423e+00 -4.28551e+00
2.74306e-01 6.06217e-01 2.92747e-01 6.09875e-01 6.09875e-01 8.02051e-01 1.06423e+00 -4.28551e+00
2.76210e-01 6.06217e-01 2.92747e-01 6.09875e-01 6.09875e-01 8.02051e-01 1.06423e+00 -4.28551e+00
2.78115e-01 6.06217e-01 2.92747e-01 6.09875e-01 6.09875e-01 8.02051e-01 1.06423e+00 -4.28551e+00
2.80020e-01 6.06217e-01 2.92747e-01 6.09875e-01 6.09875e-01 8.02051e-01 1.06423e+00 -4.28551e+00
2.81925e-01 6.06217e-01 2.92747e-01 6.09875e-01 6.09875e-01 8.02051e-01 1.06423e+00 -4.28551e+00
2.83830e-01 6.06217e-01 2.92747e-01 6.09875e-01 6.09875e-01 8.02051e-01 1.06423e+00 -4.28551e+00
2.85735e-01 6.06217e-01 2.92747e-01 6.09875e-01 6.09875e-01 8.02051e-01 1.06423e+00 -4.28551e+00
2.87640e-01 6.06217e-01 2.92747e-01 6.09875e-01 6.09875e-01 8.02051e-01 1.06423e+00 -4.28551e+00
2.89545e-01 6.06217e-01 2.92747e-01 6.09875e-01 6.09875e-01 8.02051e-01 1.06423e+00 -4.28551e+00
2.91450e-01 6.06217e-01 2.92747e-01 6.09875e-01 6.09875e-01 8.02051e-01 1.06423e+00 -4.28551e+00
2.93355e-01 6.06217e-01 2.92747e-01 6.09875e-01 6.09875e-01 8.02051e-01 1.06423e+00 -4.28551e+00
2.95259e-01 6.06217e-01 2.92747e-01 6.09875e-01 6.09875e-01 8.02051e-01 1.06423e+00 -4.28551e+00
2.97164e-01 6.06217e-01 2.92747e-01 6.09875e-01 6.09875e-01 8.02051e-01 1.06423e+00 -4.28551e+00
2.99069e-01 6.06217e-01 2.92747e-01 6.09875e-01 6.09875e-01 8.02051e-01 1.06423e+00 -4.28551e+00
3.00974e-01 6.06217e-01 2.92747e-01 6.09875e-01 6.09875e-01 8.02051e-01 1.06423e+00 -4.28551e+00
3.02879e-01 6.06217e-01 2.92747e-01 6.09875e-01 6.09875e-01 8.02051e-01 1.06423e+00 -4.28551e+00
3.04784e-01 6.06217e-01 2.92747e-01 6.09875e-01 6.09875e-01 8.02051e-01 1.06423e+00 -4.28551e+00
3.06689e-01 6.06217e-01 2.92747e-01 6.09875e-01 6.09875e-01 8.02051e-01 1.06423e+00 -4.28551e+00
3.08594e-01 6.06217e-01 2.92747e-01 6.09875e-01 6.09875e-01 8.02051e-01 1.06423e+00 -4.28551e+00
3.10499e-01 6.06217e-01 2.92747e-01 6.09875e-01 6.09875e-01 8.02051e-01 1.06423e+00 -4.28551e+00
3.12404e-01 6.06217e-01 2.92747e-01 6.09875e-01 6.09875e-01 8.02051e-01 1.06423e+00 -4.28551e+00
3.14308e-01 6.06217e-01 2.92747e-01 6.09875e-01 6.09875e-01 8.02051e-01 1.06423e+00 -4.28551e+00
3.16213e-01 6.06217e-01 2.92747e-01 6.09875e-01 6.09875e-01 8.02051e-01 1.06423e+00 -4.28551e+00
3.18118e-01 6.06217e-01 2.92747e-01 6.09875e-01 6.09875e-01 8.02051e-01 1.06423e+00 -4.28551e+00
3.20023e-01 6.06217e-01 2.92747e-01 6.09875e-01 6.09875e-01 8.02051e-01 1.06423e+00 -4.28551e+00
3.21928e-01 6.06217e-01 2.92747e-01 6.09875e-01 6.09875e-01 8.02051e-01 1.06423e+00 -4.28551e+00
3.23833e-01 6.06217e-01 2.92747e-01 6.09875e-01 6.09875e-01 8.02051e-01 1.06423e+00 -4.28551e+00
3.25738e-01 6.06217e-01 2.92747e-01 6.09875e-01 6.09875e-01 8.02051e-01 1.06423e+00 -4.28551e+00
3.27643e-01 6.06217e-01 2.92747e-01 6.09875e-01 6.09875e-01 8.02051e-01 1.06423e+00 -4.28551e+00
3.29548e-01 6.06217e-01 2.92747e-01 6.09875e-01 6.09875e-01 8.02051e-01 1.06423e+00 -4.28551e+00
3.31453e-01 6.06217e-01 2.92747e-01 6.09875e-01 6.09875e-01 8.02051e-01 1.06423e+00 -4.28551e+00
3.33357e-01 6.06217e-01 2.92747e-01 6.09875e-01 6.09875e-01 8.02051e-01 1.06423e+00 -4.28551e+00
3.35262e-01 6.06217e-01 2.92747e-01 6.09875e-01 6.09875e-01 8.02051e-01 1.06423e+00 -4.28551e+00
3.37167e-01 6.06217e-01 2.92747e-01 6.09875e-01 6.09875e-01 8.02051e-01 1.06423e+00 -4.28551e+00
3.39072e-01 6.06217e-01 2.92747e-01 6.09875e-01 6.09875e-01 8.02051e-01 1.06423e+00 -4.28551e+00
3.40977e-01 6.06217e-01 2.92747e-01 6.09875e-01 6.09875e-01 8.02051e-01 1.06423e+00 -4.28551e+00
3.42882e-01 6.06217e-01 2.92747e-01 6.09875e-01 6.09875e-01 8.02051e-01 1.06423e+00 -4.28551e+00
3.44787e-01 6.06217e-01 2.92747e-01 6.09875e-01 6.09875e-01 8.02051e-01 1.06423e+00 -4.28551e+00
3.46692e-01 6.06217e-01 2.92747e-01 6.09875e-01 6.09875e-01 8.02051e-01 1.06423e+00 -4.28551e+00
3.48597e-01 6.06217e-01 2.92747e-01 6.09875e-01 6.09875e-01 8.02051e-01 1.06423e+00 -4.28551e+00
3.50502e-01 6.06217e-01 2.92747e-01 6.09875e-01 6.09875e-01 8.02051e-01 1.06423e+00 -4.28551e+00
3.52406e-01 6.06217e-01 2.92747e-01 6.09875e-01 6.09875e-01 8.02051e-01 1.06423e+00 -4.28551e+00
3.54311e-01 6.06217e-01 2.92747e-01 6.09875e-01 6.09875e-01 8.02051e-01 1.06423e+00 -4.28551e+00
3.56216e-01 6.06217e-01 2.92747e-01 6.09875e-01 6.09875e-01 8.02051e-01 1.06423e+00 -4.28551e+00
3.58121e-01 6.06217e-01 2.92747e-01 6.09875e-01 6.09875e-01 8.02051e-01 1.06423e+00 -4.28551e+00
3.60026e-01 6.06217e-01 2.92747e-01 6.09875e-01 6.09875e-01 8.02051e-01 1.06423e+00 -4.28551e+00
3.61931e-01 6.06217e-01 2.92747e-01 6.09875e-01 6.09875e-01 8.02051e-01 1.06423e+00 -4.28551e+00
3.63836e-01 6.06217e-01 2.92747e-01 6.09875e-01 6.09875e-01 8.02051e-01 1.06423e+00 -4.28551e+00
3.65741e-01 6.06217e-01 2.92747e-01 6.09875e-01 6.09875e-01 8.02051e-01 1.06423e+00 -4.28551e+00
3.67646e-01 6.06217e-01 2.92747e-01 6.09875e-01 6.09875e-01 8.02051e-01 1.06423e+00 -4.28551e+00
3.69551e-01 6.06217e-01 2.92747e-01 6.09875e-01 6.09875e-01 8.02051e-01 1.06423e+00 -4.28551e+00
3.71455e-01 6.06217e-01 2.92747e-01 6.09875e-01 6.09875e-01 8.02051e-01 1.06423e+00 -4.28551e+00
3.73360e-01 6.06217e-01 2.92747e-01 6.09875e-01 6.09875e-01 8.02051e-01 1.06423e+00 -4.28551e+00
3.75265e-01 6.06217e-01 2.92747e-01 6.09875e-01 6.09875e-01 8.02051e-01 1.06423e+00 -4.28551e+00
3.77170e-01 6.06217e-01 2.92747e-01 6.09875e-01 6.09875e-01 8.02051e-01 1.06423e+00 -4.28551e+00
3.79075e-01 6.06217e-01 2.92747e-01 6.09875e-01 6.09875e-01 8.02051e-01 1.06423e+00 -4.28551e+00
