# x AR CA ca co phi u v
0.00000e+00 6.00000e-01 3.00000e-01 4.99135e-01 4.99135e-01 8.00000e-01 1.00000e+00 -4.28317e+00
1.00000e-06 5.98080e-01 3.01396e-01 5.55893e-01 5.55893e-01 8.01049e-01 1.03272e+00 -4.28438e+00
2.00000e-06 5.96365e-01 3.02647e-01 6.05495e-01 6.05495e-01 8.01968e-01 1.06159e+00 -4.28542e+00
3.00000e-06 5.94835e-01 3.03766e-01 6.48848e-01 6.48848e-01 8.02773e-01 1.08705e+00 -4.28631e+00
4.00000e-06 5.93470e-01 3.04767e-01 6.86828e-01 6.86828e-01 8.03479e-01 1.10952e+00 -4.28708e+00
5.00000e-06 5.92250e-01 3.05665e-01 7.20225e-01 7.20225e-01 8.04102e-01 1.12941e+00 -4.28775e+00
6.00000e-06 5.91156e-01 3.06473e-01 7.49726e-01 7.49726e-01 8.04652e-01 1.14708e+00 -4.28833e+00
7.00000e-06 5.90171e-01 3.07201e-01 7.75913e-01 7.75913e-01 8.05142e-01 1.16285e+00 -4.28884e+00
8.00000e-06 5.89282e-01 3.07859e-01 7.99277e-01 7.99277e-01 8.05579e-01 1.17699e+00 -4.28930e+00
9.00000e-06 5.88477e-01 3.08457e-01 8.20225e-01 8.20225e-01 8.05972e-01 1.18972e+00 -4.28970e+00
1.00000e-05 5.87744e-01 3.09002e-01 8.39097e-01 8.39097e-01 8.06326e-01 1.20122e+00 -4.29006e+00
1.10000e-05 5.87075e-01 3.09500e-01 8.56179e-01 8.56173e-01 8.06646e-01 1.21167e+00 -4.29038e+00
1.20000e-05 5.86462e-01 3.09957e-01 8.71706e-01 8.71690e-01 8.06938e-01 1.22120e+00 -4.29067e+00
1.30000e-05 5.85899e-01 3.10377e-01 8.85880e-01 8.85841e-01 8.07204e-01 1.22992e+00 -4.29093e+00
1.40000e-05 5.85379e-01 3.10765e-01 8.98870e-01 8.98793e-01 8.07449e-01 1.23794e+00 -4.29117e+00
1.50000e-05 5.84899e-01 3.11124e-01 9.10816e-01 9.10686e-01 8.07674e-01 1.24532e+00 -4.29139e+00
1.60000e-05 5.84454e-01 3.11457e-01 9.21843e-01 9.21639e-01 8.07881e-01 1.25215e+00 -4.29160e+00
1.70000e-05 5.84040e-01 3.11766e-01 9.32053e-01 9.31755e-01 8.08073e-01 1.25849e+00 -4.29178e+00
1.80000e-05 5.83655e-01 3.12055e-01 9.41537e-01 9.41121e-01 8.08252e-01 1.26439e+00 -4.29195e+00
1.90000e-05 5.83294e-01 3.12325e-01 9.50370e-01 9.49815e-01 8.08419e-01 1.26988e+00 -4.29211e+00
2.00000e-05 5.82957e-01 3.12578e-01 9.58621e-01 9.57901e-01 8.08574e-01 1.27503e+00 -4.29226e+00
2.10000e-05 5.82640e-01 3.12815e-01 9.66346e-01 9.65439e-01 8.08720e-01 1.27985e+00 -4.29240e+00
2.20000e-05 5.82342e-01 3.13038e-01 9.73598e-01 9.72478e-01 8.08856e-01 1.28438e+00 -4.29253e+00
2.30000e-05 5.82061e-01 3.13249e-01 9.80419e-01 9.79065e-01 8.08985e-01 1.28864e+00 -4.29265e+00
2.40000e-05 5.81796e-01 3.13447e-01 9.86850e-01 9.85239e-01 8.09106e-01 1.29266e+00 -4.29276e+00
2.50000e-05 5.81546e-01 3.13635e-01 9.92924e-01 9.91035e-01 8.09220e-01 1.29646e+00 -4.29287e+00
2.60000e-05 5.81309e-01 3.13813e-01 9.98672e-01 9.96484e-01 8.09328e-01 1.30006e+00 -4.29297e+00
2.70000e-05 5.81083e-01 3.13982e-01 1.00412e+00 1.00161e+00 8.09431e-01 1.30348e+00 -4.29306e+00
2.80000e-05 5.80869e-01 3.14142e-01 1.00929e+00 1.00645e+00 8.09528e-01 1.30672e+00 -4.29315e+00
2.90000e-05 5.80666e-01 3.14295e-01 1.01421e+00 1.01102e+00 8.09621e-01 1.30981e+00 -4.29324e+00
3.00000e-05 5.80472e-01 3.14440e-01 1.01890e+00 1.01534e+00 8.09709e-01 1.31275e+00 -4.29332e+00
3.10000e-05 5.80286e-01 3.14579e-01 1.02337e+00 1.01942e+00 8.09793e-01 1.31555e+00 -4.29340e+00
3.20000e-05 5.80109e-01 3.14712e-01 1.02763e+00 1.02329e+00 8.09873e-01 1.31823e+00 -4.29347e+00
3.30000e-05 5.79940e-01 3.14839e-01 1.03171e+00 1.02696e+00 8.09950e-01 1.32080e+00 -4.29354e+00
3.40000e-05 5.79778e-01 3.14960e-01 1.03562e+00 1.03044e+00 8.10023e-01 1.32325e+00 -4.29361e+00
3.50000e-05 5.79622e-01 3.15077e-01 1.03936e+00 1.03375e+00 8.10094e-01 1.32560e+00 -4.29367e+00
3.60000e-05 5.79473e-01 3.15189e-01 1.04294e+00 1.03690e+00 8.10161e-01 1.32786e+00 -4.29373e+00
3.70000e-05 5.79329e-01 3.15297e-01 1.04639e+00 1.03990e+00 8.10226e-01 1.33003e+00 -4.29379e+00
3.80000e-05 5.79190e-01 3.15401e-01 1.04970e+00 1.04276e+00 8.10288e-01 1.33212e+00 -4.29385e+00
3.90000e-05 5.79057e-01 3.15501e-01 1.05288e+00 1.04548e+00 8.10348e-01 1.33412e+00 -4.29390e+00
4.00000e-05 5.78929e-01 3.15597e-01 1.05594e+00 1.04808e+00 8.10406e-01 1.33606e+00 -4.29396e+00
4.10000e-05 5.78804e-01 3.15691e-01 1.05889e+00 1.05056e+00 8.10461e-01 1.33792e+00 -4.29401e+00
4.20000e-05 5.78685e-01 3.15781e-01 1.06174e+00 1.05293e+00 8.10515e-01 1.33972e+00 -4.29405e+00
4.30000e-05 5.78569e-01 3.15868e-01 1.06448e+00 1.05520e+00 8.10567e-01 1.34146e+00 -4.29410e+00
4.40000e-05 5.78456e-01 3.15952e-01 1.06713e+00 1.05736e+00 8.10617e-01 1.34314e+00 -4.29414e+00
4.50000e-05 5.78347e-01 3.16034e-01 1.06969e+00 1.05944e+00 8.10665e-01 1.34476e+00 -4.29419e+00
4.60000e-05 5.78242e-01 3.16114e-01 1.07216e+00 1.06143e+00 8.10712e-01 1.34634e+00 -4.29423e+00
4.70000e-05 5.78140e-01 3.16191e-01 1.07455e+00 1.06334e+00 8.10757e-01 1.34786e+00 -4.29427e+00
4.80000e-05 5.78040e-01 3.16266e-01 1.07687e+00 1.06517e+00 8.10801e-01 1.34933e+00 -4.29431e+00
4.90000e-05 5.77944e-01 3.16339e-01 1.07911e+00 1.06693e+00 8.10843e-01 1.35076e+00 -4.29435e+00
5.00000e-05 5.77850e-01 3.16410e-01 1.08128e+00 1.06862e+00 8.10885e-01 1.35215e+00 -4.29438e+00
5.10000e-05 5.77758e-01 3.16479e-01 1.08338e+00 1.07024e+00 8.10925e-01 1.35350e+00 -4.29442e+00
5.20000e-05 5.77669e-01 3.16546e-01 1.08542e+00 1.07180e+00 8.10963e-01 1.35481e+00 -4.29445e+00
5.30000e-05 5.77582e-01 3.16612e-01 1.08740e+00 1.07330e+00 8.11001e-01 1.35608e+00 -4.29449e+00
5.40000e-05 5.77498e-01 3.16676e-01 1.08932e+00 1.07474e+00 8.11038e-01 1.35732e+00 -4.29452e+00
5.50000e-05 5.77415e-01 3.16739e-01 1.09118e+00 1.07613e+00 8.11074e-01 1.35852e+00 -4.29455e+00
5.60000e-05 5.77334e-01 3.16800e-01 1.09299e+00 1.07747e+00 8.11108e-01 1.35970e+00 -4.29458e+00
5.70000e-05 5.77256e-01 3.16860e-01 1.09475e+00 1.07876e+00 8.11142e-01 1.36084e+00 -4.29461e+00
5.80000e-05 5.77178e-01 3.16919e-01 1.09646e+00 1.08000e+00 8.11175e-01 1.36195e+00 -4.29464e+00
5.90000e-05 5.77103e-01 3.16976e-01 1.09812e+00 1.08120e+00 8.11207e-01 1.36304e+00 -4.29467e+00
6.00000e-05 5.77029e-01 3.17032e-01 1.09973e+00 1.08236e+00 8.11239e-01 1.36409e+00 -4.29470e+00
6.10000e-05 5.76957e-01 3.17087e-01 1.10131e+00 1.08348e+00 8.11269e-01 1.36513e+00 -4.29472e+00
6.20000e-05 5.76886e-01 3.17142e-01 1.10284e+00 1.08456e+00 8.11299e-01 1.36613e+00 -4.29475e+00
6.30000e-05 5.76817e-01 3.17195e-01 1.10433e+00 1.08560e+00 8.11328e-01 1.36712e+00 -4.29477e+00
6.40000e-05 5.76749e-01 3.17247e-01 1.10578e+00 1.08660e+00 8.11357e-01 1.36808e+00 -4.29480e+00
6.50000e-05 5.76682e-01 3.17298e-01 1.10719e+00 1.08758e+00 8.11385e-01 1.36902e+00 -4.29482e+00
6.60000e-05 5.76616e-01 3.17348e-01 1.10857e+00 1.08852e+00 8.11412e-01 1.36994e+00 -4.29485e+00
6.70000e-05 5.76552e-01 3.17398e-01 1.10991e+00 1.08943e+00 8.11438e-01 1.37083e+00 -4.29487e+00
6.80000e-05 5.76489e-01 3.17447e-01 1.11122e+00 1.09031e+00 8.11464e-01 1.37171e+00 -4.29489e+00
6.90000e-05 5.76426e-01 3.17495e-01 1.11250e+00 1.09116e+00 8.11490e-01 1.37257e+00 -4.29492e+00
7.00000e-05 5.76365e-01 3.17542e-01 1.11375e+00 1.09199e+00 8.11515e-01 1.37341e+00 -4.29494e+00
7.10000e-05 5.76305e-01 3.17589e-01 1.11496e+00 1.09279e+00 8.11539e-01 1.37424e+00 -4.29496e+00
7.20000e-05 5.76246e-01 3.17634e-01 1.11615e+00 1.09357e+00 8.11563e-01 1.37505e+00 -4.29498e+00
7.30000e-05 5.76187e-01 3.17680e-01 1.11731e+00 1.09432e+00 8.11586e-01 1.37584e+00 -4.29500e+00
7.40000e-05 5.76130e-01 3.17724e-01 1.11844e+00 1.09505e+00 8.11609e-01 1.37661e+00 -4.29502e+00
7.50000e-05 5.76073e-01 3.17768e-01 1.11954e+00 1.09575e+00 8.11632e-01 1.37738e+00 -4.29504e+00
7.60000e-05 5.76018e-01 3.17812e-01 1.12062e+00 1.09644e+00 8.11654e-01 1.37812e+00 -4.29506e+00
7.70000e-05 5.75963e-01 3.17855e-01 1.12167e+00 1.09710e+00 8.11675e-01 1.37885e+00 -4.29508e+00
7.80000e-05 5.75908e-01 3.17897e-01 1.12270e+00 1.09775e+00 8.11697e-01 1.37957e+00 -4.29510e+00
7.90000e-05 5.75855e-01 3.17939e-01 1.12371e+00 1.09837e+00 8.11717e-01 1.38028e+00 -4.29511e+00
8.00000e-05 5.75802e-01 3.17980e-01 1.12469e+00 1.09898e+00 8.11738e-01 1.38097e+00 -4.29513e+00
8.10000e-05 5.75750e-01 3.18021e-01 1.12566e+00 1.09957e+00 8.11758e-01 1.38165e+00 -4.29515e+00
8.20000e-05 5.75698e-01 3.18062e-01 1.12660e+00 1.10015e+00 8.11778e-01 1.38232e+00 -4.29517e+00
8.30000e-05 5.75647e-01 3.18102e-01 1.12752e+00 1.10070e+00 8.11797e-01 1.38298e+00 -4.29518e+00
8.40000e-05 5.75597e-01 3.18142e-01 1.12842e+00 1.10125e+00 8.11816e-01 1.38362e+00 -4.29520e+00
8.50000e-05 5.75547e-01 3.18181e-01 1.12930e+00 1.10177e+00 8.11835e-01 1.38426e+00 -4.29521e+00
8.60000e-05 5.75498e-01 3.18220e-01 1.13016e+00 1.10229e+00 8.11853e-01 1.38488e+00 -4.29523e+00
8.70000e-05 5.75450e-01 3.18258e-01 1.13101e+00 1.10278e+00 8.11871e-01 1.38550e+00 -4.29525e+00
8.80000e-05 5.75402e-01 3.18296e-01 1.13183e+00 1.10327e+00 8.11889e-01 1.38610e+00 -4.29526e+00
8.90000e-05 5.75354e-01 3.18334e-01 1.13264e+00 1.10374e+00 8.11907e-01 1.38669e+00 -4.29528e+00
9.00000e-05 5.75307e-01 3.18372e-01 1.13344e+00 1.10420e+00 8.11924e-01 1.38728e+00 -4.29529e+00
9.10000e-05 5.75260e-01 3.18409e-01 1.13421e+00 1.10465e+00 8.11941e-01 1.38786e+00 -4.29531e+00
9.20000e-05 5.75214e-01 3.18446e-01 1.13497e+00 1.10508e+00 8.11958e-01 1.38842e+00 -4.29532e+00
9.30000e-05 5.75168e-01 3.18482e-01 1.13572e+00 1.10550e+00 8.11974e-01 1.38898e+00 -4.29533e+00
9.40000e-05 5.75123e-01 3.18518e-01 1.13645e+00 1.10592e+00 8.11990e-01 1.38953e+00 -4.29535e+00
9.50000e-05 5.75078e-01 3.18554e-01 1.13716e+00 1.10632e+00 8.12006e-01 1.39007e+00 -4.29536e+00
9.60000e-05 5.75034e-01 3.18590e-01 1.13786e+00 1.10671e+00 8.12022e-01 1.39061e+00 -4.29538e+00
9.70000e-05 5.74990e-01 3.18626e-01 1.13855e+00 1.10709e+00 8.12038e-01 1.39114e+00 -4.29539e+00
9.80000e-05 5.74946e-01 3.18661e-01 1.13922e+00 1.10746e+00 8.12053e-01 1.39165e+00 -4.29540e+00
9.90000e-05 5.74903e-01 3.18696e-01 1.13989e+00 1.10783e+00 8.12068e-01 1.39217e+00 -4.29541e+00
1.00000e-04 5.74860e-01 3.18731e-01 1.14053e+00 1.10818e+00 8.12083e-01 1.39267e+00 -4.29543e+00
