             x            AR           CA           Po           Ca           CO           TE           U            W            OC           OA           Rp
 0.00000D+00  0.60000D+00  0.30000D+00  0.80000D+00  0.49913D+00  0.49913D+00  0.10000D+00  0.10000D+01 -0.42709D+01 -0.44830D+00  0.00000D+00  0.35479D+02
 0.18954D-02  0.69895D+00  0.18456D+00  0.80779D+00  0.55387D+00  0.52379D+00  0.11649D+00  0.12485D+01 -0.42792D+01 -0.38311D+00  0.00000D+00  0.17926D+02
 0.37908D-02  0.75423D+00  0.12007D+00  0.81061D+00  0.60227D+00  0.54557D+00  0.12570D+00  0.13421D+01 -0.42819D+01 -0.32778D+00  0.00000D+00  0.98313D+01
 0.56861D-02  0.78712D+00  0.81694D-01  0.81121D+00  0.64722D+00  0.56582D+00  0.13119D+00  0.13623D+01 -0.42824D+01 -0.27889D+00  0.00000D+00  0.56735D+01
 0.75815D-02  0.80745D+00  0.57978D-01  0.81088D+00  0.69011D+00  0.58522D+00  0.13457D+00  0.13513D+01 -0.42821D+01 -0.23494D+00  0.00000D+00  0.33978D+01
 0.94769D-02  0.82036D+00  0.42917D-01  0.81023D+00  0.73166D+00  0.60408D+00  0.13673D+00  0.13294D+01 -0.42815D+01 -0.19526D+00  0.00000D+00  0.20976D+01
 0.11372D-01  0.82873D+00  0.33150D-01  0.80953D+00  0.77224D+00  0.62261D+00  0.13812D+00  0.13060D+01 -0.42809D+01 -0.15956D+00  0.00000D+00  0.13289D+01
 0.13268D-01  0.83425D+00  0.26710D-01  0.80889D+00  0.81209D+00  0.64089D+00  0.13904D+00  0.12849D+01 -0.42803D+01 -0.12773D+00  0.00000D+00  0.86002D+00
 0.15163D-01  0.83793D+00  0.22419D-01  0.80836D+00  0.85131D+00  0.65899D+00  0.13965D+00  0.12674D+01 -0.42798D+01 -0.99743D-01  0.00000D+00  0.56523D+00
 0.17058D-01  0.84039D+00  0.19551D-01  0.80794D+00  0.88998D+00  0.67695D+00  0.14006D+00  0.12535D+01 -0.42794D+01 -0.75553D-01  0.00000D+00  0.37419D+00
 0.18954D-01  0.84202D+00  0.17649D-01  0.80761D+00  0.92814D+00  0.69477D+00  0.14034D+00  0.12427D+01 -0.42791D+01 -0.55103D-01  0.00000D+00  0.24678D+00
 0.20849D-01  0.84307D+00  0.16416D-01  0.80736D+00  0.96584D+00  0.71247D+00  0.14051D+00  0.12346D+01 -0.42788D+01 -0.38293D-01  0.00000D+00  0.15973D+00
 0.22745D-01  0.84373D+00  0.15653D-01  0.80718D+00  0.10031D+01  0.73007D+00  0.14062D+00  0.12285D+01 -0.42786D+01 -0.24966D-01  0.00000D+00  0.99393D-01
 0.24640D-01  0.84410D+00  0.15217D-01  0.80704D+00  0.10399D+01  0.74756D+00  0.14068D+00  0.12241D+01 -0.42785D+01 -0.14902D-01  0.00000D+00  0.57712D-01
 0.26535D-01  0.84429D+00  0.15001D-01  0.80694D+00  0.10763D+01  0.76495D+00  0.14071D+00  0.12209D+01 -0.42784D+01 -0.78052D-02  0.00000D+00  0.29814D-01
 0.28431D-01  0.84435D+00  0.14921D-01  0.80688D+00  0.11122D+01  0.78225D+00  0.14073D+00  0.12187D+01 -0.42783D+01 -0.33023D-02  0.00000D+00  0.12552D-01
 0.30326D-01  0.84436D+00  0.14914D-01  0.80683D+00  0.11478D+01  0.79945D+00  0.14073D+00  0.12171D+01 -0.42783D+01 -0.92264D-03  0.00000D+00  0.35060D-02
 0.32221D-01  0.84434D+00  0.14932D-01  0.80679D+00  0.11829D+01  0.81655D+00  0.14072D+00  0.12160D+01 -0.42783D+01 -0.77958D-04  0.00000D+00  0.29665D-03
 0.34117D-01  0.84433D+00  0.14952D-01  0.80677D+00  0.12176D+01  0.83356D+00  0.14072D+00  0.12152D+01 -0.42782D+01  0.77782D-05  0.00000D+00 -0.29642D-04
 0.36012D-01  0.84430D+00  0.14987D-01  0.80675D+00  0.12520D+01  0.85048D+00  0.14072D+00  0.12147D+01 -0.42782D+01  0.46984D-03  0.00000D+00 -0.17948D-02
 0.37908D-01  0.68141D+00  0.31024D-01  0.80674D+00  0.12859D+01  0.86730D+00  0.28756D+00  0.12143D+01 -0.42782D+01  0.23598D-02  0.36482D-01  0.63349D+02
 0.39803D-01  0.48048D+00  0.51544D-01  0.79866D+00  0.13026D+01  0.87579D+00  0.46798D+00  0.95871D+00 -0.42693D+01  0.41353D-02  0.30946D-01  0.39430D+02
 0.41698D-01  0.26559D+00  0.74931D-01  0.78841D+00  0.13086D+01  0.87907D+00  0.65948D+00  0.65557D+00 -0.42560D+01  0.49675D-02  0.29020D-01  0.21407D+02
 0.43594D-01  0.10161D+00  0.95436D-01  0.77912D+00  0.13086D+01  0.87941D+00  0.80296D+00  0.39991D+00 -0.42421D+01  0.50034D-02  0.28944D-01  0.84290D+01
 0.45489D-01  0.23826D-01  0.11043D+00  0.77214D+00  0.13060D+01  0.87854D+00  0.86575D+00  0.21900D+00 -0.42307D+01  0.46957D-02  0.29617D-01  0.19650D+01
 0.47384D-01  0.28858D-02  0.12709D+00  0.76746D+00  0.13029D+01  0.87737D+00  0.87002D+00  0.10305D+00 -0.42226D+01  0.43226D-02  0.30486D-01  0.10134D+00
 0.49280D-01  0.11443D-03  0.17752D+00  0.76450D+00  0.12997D+01  0.87618D+00  0.82237D+00  0.31519D-01 -0.42173D+01  0.39655D-02  0.31379D-01 -0.20751D+00
 0.51175D-01  0.17883D-25  0.48977D+00  0.76266D+00  0.12966D+01  0.87501D+00  0.51023D+00 -0.12184D-01 -0.42140D+01  0.36365D-02  0.32264D-01 -0.55758D+00
 0.53071D-01  0.23140D-69  0.11064D+00  0.76156D+00  0.12937D+01  0.87394D+00  0.88936D+00 -0.37786D-01 -0.42120D+01  0.33463D-02  0.33101D-01 -0.11644D+00
 0.54966D-01  0.00000D+00  0.82287D-01  0.76089D+00  0.12908D+01  0.87288D+00  0.91771D+00 -0.53468D-01 -0.42108D+01  0.30775D-02  0.33932D-01 -0.79868D-01
 0.56861D-01  0.28307D-68  0.11368D+00  0.76048D+00  0.12880D+01  0.87184D+00  0.88632D+00 -0.63076D-01 -0.42100D+01  0.28277D-02  0.34759D-01 -0.10156D+00
 0.58757D-01  0.42402D-67  0.14624D+00  0.76023D+00  0.12853D+01  0.87082D+00  0.85376D+00 -0.68821D-01 -0.42096D+01  0.25967D-02  0.35579D-01 -0.12010D+00
 0.60652D-01  0.59768D-66  0.17941D+00  0.76009D+00  0.12827D+01  0.86982D+00  0.82059D+00 -0.72091D-01 -0.42093D+01  0.23836D-02  0.36388D-01 -0.13532D+00
 0.62547D-01  0.82320D-65  0.21327D+00  0.76001D+00  0.12801D+01  0.86885D+00  0.78673D+00 -0.73764D-01 -0.42092D+01  0.21877D-02  0.37185D-01 -0.14769D+00
 0.64443D-01  0.11317D-63  0.24773D+00  0.75999D+00  0.12776D+01  0.86791D+00  0.75227D+00 -0.74396D-01 -0.42091D+01  0.20080D-02  0.37967D-01 -0.15748D+00
 0.66338D-01  0.15730D-62  0.28254D+00  0.75999D+00  0.12751D+01  0.86700D+00  0.71746D+00 -0.74345D-01 -0.42091D+01  0.18435D-02  0.38733D-01 -0.16489D+00
 0.68234D-01  0.22280D-61  0.31738D+00  0.76001D+00  0.12728D+01  0.86612D+00  0.68262D+00 -0.73843D-01 -0.42092D+01  0.16931D-02  0.39481D-01 -0.17010D+00
 0.70129D-01  0.32321D-60  0.35192D+00  0.76005D+00  0.12705D+01  0.86526D+00  0.64808D+00 -0.73040D-01 -0.42092D+01  0.15558D-02  0.40210D-01 -0.17329D+00
 0.72024D-01  0.48178D-59  0.38582D+00  0.76009D+00  0.12683D+01  0.86444D+00  0.61418D+00 -0.72039D-01 -0.42093D+01  0.14306D-02  0.40920D-01 -0.17466D+00
 0.73920D-01  0.73941D-58  0.41876D+00  0.76014D+00  0.12662D+01  0.86365D+00  0.58124D+00 -0.70907D-01 -0.42094D+01  0.13165D-02  0.41609D-01 -0.17442D+00
 0.75815D-01  0.11699D-56  0.45045D+00  0.76019D+00  0.12642D+01  0.86290D+00  0.54955D+00 -0.69694D-01 -0.42095D+01  0.12126D-02  0.42277D-01 -0.17278D+00
 0.77710D-01  0.19096D-55  0.48065D+00  0.76024D+00  0.12623D+01  0.86217D+00  0.51935D+00 -0.68434D-01 -0.42096D+01  0.11180D-02  0.42925D-01 -0.16994D+00
 0.79606D-01  0.32167D-54  0.50917D+00  0.76030D+00  0.12604D+01  0.86147D+00  0.49083D+00 -0.67152D-01 -0.42097D+01  0.10319D-02  0.43551D-01 -0.16612D+00
 0.81501D-01  0.55918D-53  0.53587D+00  0.76036D+00  0.12586D+01  0.86080D+00  0.46413D+00 -0.65866D-01 -0.42098D+01  0.95346D-03  0.44157D-01 -0.16150D+00
 0.83397D-01  0.10029D-51  0.56063D+00  0.76041D+00  0.12569D+01  0.86016D+00  0.43937D+00 -0.64592D-01 -0.42099D+01  0.88201D-03  0.44742D-01 -0.15626D+00
 0.85292D-01  0.18552D-50  0.58340D+00  0.76046D+00  0.12552D+01  0.85955D+00  0.41660D+00 -0.63340D-01 -0.42100D+01  0.81688D-03  0.45306D-01 -0.15057D+00
 0.87187D-01  0.35375D-49  0.60416D+00  0.76052D+00  0.12536D+01  0.85897D+00  0.39584D+00 -0.62119D-01 -0.42101D+01  0.75747D-03  0.45851D-01 -0.14456D+00
 0.89083D-01  0.69485D-48  0.62294D+00  0.76057D+00  0.12521D+01  0.85841D+00  0.37706D+00 -0.60933D-01 -0.42102D+01  0.70325D-03  0.46376D-01 -0.13835D+00
 0.90978D-01  0.14050D-46  0.63978D+00  0.76062D+00  0.12506D+01  0.85787D+00  0.36022D+00 -0.59789D-01 -0.42103D+01  0.65372D-03  0.46883D-01 -0.13206D+00
 0.92873D-01  0.29219D-45  0.65477D+00  0.76067D+00  0.12492D+01  0.85736D+00  0.34523D+00 -0.58688D-01 -0.42104D+01  0.60842D-03  0.47371D-01 -0.12576D+00
 0.94769D-01  0.62449D-44  0.66802D+00  0.76071D+00  0.12479D+01  0.85687D+00  0.33198D+00 -0.57634D-01 -0.42105D+01  0.56696D-03  0.47842D-01 -0.11954D+00
 0.96664D-01  0.13704D-42  0.67965D+00  0.76075D+00  0.12466D+01  0.85640D+00  0.32035D+00 -0.56627D-01 -0.42105D+01  0.52895D-03  0.48296D-01 -0.11345D+00
 0.98560D-01  0.30846D-41  0.68981D+00  0.76080D+00  0.12453D+01  0.85595D+00  0.31019D+00 -0.55667D-01 -0.42106D+01  0.49409D-03  0.48734D-01 -0.10753D+00
 0.10045D+00  0.71153D-40  0.69865D+00  0.76084D+00  0.12442D+01  0.85551D+00  0.30135D+00 -0.54755D-01 -0.42107D+01  0.46206D-03  0.49156D-01 -0.10184D+00
 0.10235D+00  0.16804D-38  0.70632D+00  0.76087D+00  0.12430D+01  0.85510D+00  0.29368D+00 -0.53888D-01 -0.42108D+01  0.43261D-03  0.49564D-01 -0.96376D-01
 0.10425D+00  0.40592D-37  0.71296D+00  0.76091D+00  0.12419D+01  0.85471D+00  0.28704D+00 -0.53067D-01 -0.42108D+01  0.40549D-03  0.49957D-01 -0.91171D-01
 0.10614D+00  0.10020D-35  0.71872D+00  0.76094D+00  0.12408D+01  0.85433D+00  0.28128D+00 -0.52290D-01 -0.42109D+01  0.38049D-03  0.50336D-01 -0.86228D-01
 0.10804D+00  0.25250D-34  0.72371D+00  0.76097D+00  0.12398D+01  0.85396D+00  0.27629D+00 -0.51555D-01 -0.42109D+01  0.35741D-03  0.50702D-01 -0.81550D-01
 0.10993D+00  0.64902D-33  0.72806D+00  0.76100D+00  0.12388D+01  0.85361D+00  0.27194D+00 -0.50860D-01 -0.42110D+01  0.33608D-03  0.51056D-01 -0.77135D-01
 0.11183D+00  0.17000D-31  0.73186D+00  0.76103D+00  0.12379D+01  0.85327D+00  0.26814D+00 -0.50204D-01 -0.42111D+01  0.31635D-03  0.51398D-01 -0.72977D-01
 0.11372D+00  0.45340D-30  0.73520D+00  0.76106D+00  0.12370D+01  0.85295D+00  0.26480D+00 -0.49583D-01 -0.42111D+01  0.29807D-03  0.51728D-01 -0.69066D-01
 0.11562D+00  0.12302D-28  0.73814D+00  0.76108D+00  0.12361D+01  0.85264D+00  0.26186D+00 -0.48998D-01 -0.42111D+01  0.28113D-03  0.00000D+00 -0.65393D-01
 0.11751D+00  0.12601D-28  0.74074D+00  0.76111D+00  0.12352D+01  0.85234D+00  0.25926D+00 -0.48444D-01 -0.42112D+01  0.26539D-03  0.00000D+00 -0.61944D-01
 0.11941D+00  0.12762D-28  0.74306D+00  0.76113D+00  0.12344D+01  0.85205D+00  0.25694D+00 -0.47921D-01 -0.42112D+01  0.25077D-03  0.00000D+00 -0.58709D-01
 0.12130D+00  0.12823D-28  0.74513D+00  0.76115D+00  0.12336D+01  0.85177D+00  0.25487D+00 -0.47428D-01 -0.42113D+01  0.23716D-03  0.00000D+00 -0.55674D-01
 0.12320D+00  0.12820D-28  0.74700D+00  0.76117D+00  0.12328D+01  0.85150D+00  0.25300D+00 -0.46961D-01 -0.42113D+01  0.22449D-03  0.00000D+00 -0.52827D-01
 0.12509D+00  0.12781D-28  0.74868D+00  0.76119D+00  0.12321D+01  0.85125D+00  0.25132D+00 -0.46519D-01 -0.42113D+01  0.21268D-03  0.00000D+00 -0.50156D-01
 0.12699D+00  0.12726D-28  0.75019D+00  0.76121D+00  0.12314D+01  0.85100D+00  0.24981D+00 -0.46102D-01 -0.42114D+01  0.20166D-03  0.00000D+00 -0.47649D-01
 0.12889D+00  0.12665D-28  0.75157D+00  0.76122D+00  0.12307D+01  0.85076D+00  0.24843D+00 -0.45707D-01 -0.42114D+01  0.19136D-03  0.00000D+00 -0.45296D-01
 0.13078D+00  0.12604D-28  0.75283D+00  0.76124D+00  0.12300D+01  0.85052D+00  0.24717D+00 -0.45333D-01 -0.42114D+01  0.18174D-03  0.00000D+00 -0.43087D-01
 0.13268D+00  0.12547D-28  0.75397D+00  0.76126D+00  0.12293D+01  0.85030D+00  0.24603D+00 -0.44978D-01 -0.42115D+01  0.17273D-03  0.00000D+00 -0.41011D-01
 0.13457D+00  0.12494D-28  0.75502D+00  0.76127D+00  0.12287D+01  0.85008D+00  0.24498D+00 -0.44643D-01 -0.42115D+01  0.16429D-03  0.00000D+00 -0.39060D-01
 0.13647D+00  0.12445D-28  0.75598D+00  0.76128D+00  0.12281D+01  0.84987D+00  0.24402D+00 -0.44325D-01 -0.42115D+01  0.15638D-03  0.00000D+00 -0.37225D-01
 0.13836D+00  0.12400D-28  0.75687D+00  0.76130D+00  0.12275D+01  0.84967D+00  0.24313D+00 -0.44023D-01 -0.42115D+01  0.14896D-03  0.00000D+00 -0.35498D-01
 0.14026D+00  0.12359D-28  0.75768D+00  0.76131D+00  0.12269D+01  0.84947D+00  0.24232D+00 -0.43737D-01 -0.42116D+01  0.14200D-03  0.00000D+00 -0.33872D-01
 0.14215D+00  0.12321D-28  0.75843D+00  0.76132D+00  0.12264D+01  0.84928D+00  0.24157D+00 -0.43465D-01 -0.42116D+01  0.13545D-03  0.00000D+00 -0.32341D-01
 0.14405D+00  0.12285D-28  0.75912D+00  0.76133D+00  0.12258D+01  0.84910D+00  0.24088D+00 -0.43207D-01 -0.42116D+01  0.12929D-03  0.00000D+00 -0.30898D-01
 0.14594D+00  0.12252D-28  0.75977D+00  0.76134D+00  0.12253D+01  0.84892D+00  0.24023D+00 -0.42962D-01 -0.42116D+01  0.12350D-03  0.00000D+00 -0.29537D-01
 0.14784D+00  0.12222D-28  0.76036D+00  0.76135D+00  0.12248D+01  0.84874D+00  0.23964D+00 -0.42728D-01 -0.42116D+01  0.11804D-03  0.00000D+00 -0.28253D-01
 0.14973D+00  0.12194D-28  0.76092D+00  0.76136D+00  0.12243D+01  0.84858D+00  0.23908D+00 -0.42507D-01 -0.42117D+01  0.11290D-03  0.00000D+00 -0.27041D-01
 0.15163D+00  0.12168D-28  0.76143D+00  0.76137D+00  0.12238D+01  0.84841D+00  0.23857D+00 -0.42296D-01 -0.42117D+01  0.10805D-03  0.00000D+00 -0.25895D-01
 0.15353D+00  0.12143D-28  0.76191D+00  0.76138D+00  0.12234D+01  0.84826D+00  0.23809D+00 -0.42095D-01 -0.42117D+01  0.10347D-03  0.00000D+00 -0.24813D-01
 0.15542D+00  0.12120D-28  0.76236D+00  0.76139D+00  0.12229D+01  0.84810D+00  0.23764D+00 -0.41904D-01 -0.42117D+01  0.99149D-04  0.00000D+00 -0.23789D-01
 0.15732D+00  0.12099D-28  0.76277D+00  0.76140D+00  0.12225D+01  0.84795D+00  0.23723D+00 -0.41722D-01 -0.42117D+01  0.95063D-04  0.00000D+00 -0.22821D-01
 0.15921D+00  0.12079D-28  0.76316D+00  0.76140D+00  0.12221D+01  0.84781D+00  0.23684D+00 -0.41549D-01 -0.42117D+01  0.91200D-04  0.00000D+00 -0.21904D-01
 0.16111D+00  0.12061D-28  0.76353D+00  0.76141D+00  0.12216D+01  0.84767D+00  0.23647D+00 -0.41383D-01 -0.42117D+01  0.87545D-04  0.00000D+00 -0.21036D-01
 0.16300D+00  0.12043D-28  0.76387D+00  0.76142D+00  0.12212D+01  0.84753D+00  0.23613D+00 -0.41226D-01 -0.42118D+01  0.84084D-04  0.00000D+00 -0.20213D-01
 0.16490D+00  0.12027D-28  0.76419D+00  0.76142D+00  0.12208D+01  0.84740D+00  0.23581D+00 -0.41075D-01 -0.42118D+01  0.80806D-04  0.00000D+00 -0.19432D-01
 0.16679D+00  0.12012D-28  0.76449D+00  0.76143D+00  0.12205D+01  0.84727D+00  0.23551D+00 -0.40932D-01 -0.42118D+01  0.77699D-04  0.00000D+00 -0.18692D-01
 0.16869D+00  0.11997D-28  0.76477D+00  0.76143D+00  0.12201D+01  0.84714D+00  0.23523D+00 -0.40795D-01 -0.42118D+01  0.74753D-04  0.00000D+00 -0.17989D-01
 0.17058D+00  0.11984D-28  0.76504D+00  0.76144D+00  0.12197D+01  0.84702D+00  0.23496D+00 -0.40664D-01 -0.42118D+01  0.71957D-04  0.00000D+00 -0.17322D-01
 0.17248D+00  0.11971D-28  0.76529D+00  0.76145D+00  0.12194D+01  0.84690D+00  0.23471D+00 -0.40539D-01 -0.42118D+01  0.69302D-04  0.00000D+00 -0.16688D-01
 0.17437D+00  0.11959D-28  0.76552D+00  0.76145D+00  0.12190D+01  0.84679D+00  0.23448D+00 -0.40420D-01 -0.42118D+01  0.66781D-04  0.00000D+00 -0.16085D-01
 0.17627D+00  0.11948D-28  0.76574D+00  0.76146D+00  0.12187D+01  0.84667D+00  0.23426D+00 -0.40306D-01 -0.42118D+01  0.64385D-04  0.00000D+00 -0.15512D-01
 0.17817D+00  0.11937D-28  0.76595D+00  0.76146D+00  0.12184D+01  0.84657D+00  0.23405D+00 -0.40197D-01 -0.42118D+01  0.62106D-04  0.00000D+00 -0.14967D-01
 0.18006D+00  0.11927D-28  0.76614D+00  0.76146D+00  0.12181D+01  0.84646D+00  0.23386D+00 -0.40093D-01 -0.42118D+01  0.59939D-04  0.00000D+00 -0.14448D-01
 0.18196D+00  0.11918D-28  0.76633D+00  0.76147D+00  0.12178D+01  0.84635D+00  0.23367D+00 -0.39993D-01 -0.42119D+01  0.57877D-04  0.00000D+00 -0.13954D-01
 0.18385D+00  0.11909D-28  0.76650D+00  0.76147D+00  0.12175D+01  0.84625D+00  0.23350D+00 -0.39897D-01 -0.42119D+01  0.55913D-04  0.00000D+00 -0.13484D-01
 0.18575D+00  0.11900D-28  0.76667D+00  0.76148D+00  0.12172D+01  0.84615D+00  0.23333D+00 -0.39806D-01 -0.42119D+01  0.54042D-04  0.00000D+00 -0.13035D-01
 0.18764D+00  0.11893D-28  0.76682D+00  0.76148D+00  0.12169D+01  0.84606D+00  0.23318D+00 -0.39719D-01 -0.42119D+01  0.52259D-04  0.00000D+00 -0.12607D-01
 0.18954D+00  0.11885D-28  0.76697D+00  0.76148D+00  0.12166D+01  0.84596D+00  0.23303D+00 -0.39635D-01 -0.42119D+01  0.50559D-04  0.00000D+00 -0.12199D-01
 0.19143D+00  0.11878D-28  0.76711D+00  0.76149D+00  0.12164D+01  0.84587D+00  0.23289D+00 -0.39555D-01 -0.42119D+01  0.48938D-04  0.00000D+00 -0.11810D-01
 0.19333D+00  0.11871D-28  0.76724D+00  0.76149D+00  0.12161D+01  0.84578D+00  0.23276D+00 -0.39479D-01 -0.42119D+01  0.47391D-04  0.00000D+00 -0.11439D-01
 0.19522D+00  0.11865D-28  0.76737D+00  0.76149D+00  0.12158D+01  0.84570D+00  0.23263D+00 -0.39405D-01 -0.42119D+01  0.45914D-04  0.00000D+00 -0.11084D-01
 0.19712D+00  0.11859D-28  0.76749D+00  0.76150D+00  0.12156D+01  0.84561D+00  0.23251D+00 -0.39335D-01 -0.42119D+01  0.44504D-04  0.00000D+00 -0.10745D-01
 0.19901D+00  0.11853D-28  0.76760D+00  0.76150D+00  0.12153D+01  0.84553D+00  0.23240D+00 -0.39267D-01 -0.42119D+01  0.43157D-04  0.00000D+00 -0.10421D-01
 0.20091D+00  0.11848D-28  0.76771D+00  0.76150D+00  0.12151D+01  0.84545D+00  0.23229D+00 -0.39203D-01 -0.42119D+01  0.41869D-04  0.00000D+00 -0.10112D-01
 0.20281D+00  0.11842D-28  0.76781D+00  0.76151D+00  0.12149D+01  0.84537D+00  0.23219D+00 -0.39141D-01 -0.42119D+01  0.40639D-04  0.00000D+00 -0.98155D-02
 0.20470D+00  0.11837D-28  0.76790D+00  0.76151D+00  0.12147D+01  0.84529D+00  0.23210D+00 -0.39082D-01 -0.42119D+01  0.39461D-04  0.00000D+00 -0.95323D-02
 0.20660D+00  0.11833D-28  0.76800D+00  0.76151D+00  0.12144D+01  0.84522D+00  0.23200D+00 -0.39025D-01 -0.42119D+01  0.38335D-04  0.00000D+00 -0.92613D-02
 0.20849D+00  0.11828D-28  0.76808D+00  0.76151D+00  0.12142D+01  0.84515D+00  0.23192D+00 -0.38970D-01 -0.42119D+01  0.37258D-04  0.00000D+00 -0.90018D-02
 0.21039D+00  0.11824D-28  0.76816D+00  0.76152D+00  0.12140D+01  0.84508D+00  0.23184D+00 -0.38918D-01 -0.42119D+01  0.36226D-04  0.00000D+00 -0.87534D-02
 0.21228D+00  0.11820D-28  0.76824D+00  0.76152D+00  0.12138D+01  0.84501D+00  0.23176D+00 -0.38868D-01 -0.42119D+01  0.35238D-04  0.00000D+00 -0.85155D-02
 0.21418D+00  0.11816D-28  0.76832D+00  0.76152D+00  0.12136D+01  0.84494D+00  0.23168D+00 -0.38820D-01 -0.42119D+01  0.34291D-04  0.00000D+00 -0.82875D-02
 0.21607D+00  0.11813D-28  0.76839D+00  0.76152D+00  0.12134D+01  0.84487D+00  0.23161D+00 -0.38774D-01 -0.42120D+01  0.33384D-04  0.00000D+00 -0.80689D-02
 0.21797D+00  0.11809D-28  0.76846D+00  0.76152D+00  0.12132D+01  0.84481D+00  0.23154D+00 -0.38730D-01 -0.42120D+01  0.32515D-04  0.00000D+00 -0.78595D-02
 0.21986D+00  0.11806D-28  0.76852D+00  0.76153D+00  0.12131D+01  0.84474D+00  0.23148D+00 -0.38687D-01 -0.42120D+01  0.31681D-04  0.00000D+00 -0.76586D-02
 0.22176D+00  0.11803D-28  0.76858D+00  0.76153D+00  0.12129D+01  0.84468D+00  0.23142D+00 -0.38647D-01 -0.42120D+01  0.30882D-04  0.00000D+00 -0.74659D-02
 0.22365D+00  0.11800D-28  0.76864D+00  0.76153D+00  0.12127D+01  0.84462D+00  0.23136D+00 -0.38608D-01 -0.42120D+01  0.30115D-04  0.00000D+00 -0.72810D-02
 0.22555D+00  0.11797D-28  0.76870D+00  0.76153D+00  0.12125D+01  0.84456D+00  0.23130D+00 -0.38570D-01 -0.42120D+01  0.29379D-04  0.00000D+00 -0.71035D-02
 0.22745D+00  0.11794D-28  0.76875D+00  0.76153D+00  0.12124D+01  0.84451D+00  0.23125D+00 -0.38534D-01 -0.42120D+01  0.28673D-04  0.00000D+00 -0.69332D-02
 0.22934D+00  0.11792D-28  0.76880D+00  0.76153D+00  0.12122D+01  0.84445D+00  0.23120D+00 -0.38500D-01 -0.42120D+01  0.27995D-04  0.00000D+00 -0.67696D-02
 0.23124D+00  0.11789D-28  0.76885D+00  0.76153D+00  0.12121D+01  0.84440D+00  0.23115D+00 -0.38467D-01 -0.42120D+01  0.27343D-04  0.00000D+00 -0.66125D-02
 0.23313D+00  0.11787D-28  0.76889D+00  0.76154D+00  0.12119D+01  0.84434D+00  0.23111D+00 -0.38435D-01 -0.42120D+01  0.26718D-04  0.00000D+00 -0.64616D-02
 0.23503D+00  0.11785D-28  0.76894D+00  0.76154D+00  0.12118D+01  0.84429D+00  0.23106D+00 -0.38405D-01 -0.42120D+01  0.26117D-04  0.00000D+00 -0.63166D-02
 0.23692D+00  0.11783D-28  0.76898D+00  0.76154D+00  0.12116D+01  0.84424D+00  0.23102D+00 -0.38376D-01 -0.42120D+01  0.25540D-04  0.00000D+00 -0.61772D-02
 0.23882D+00  0.11781D-28  0.76902D+00  0.76154D+00  0.12115D+01  0.84419D+00  0.23098D+00 -0.38348D-01 -0.42120D+01  0.24985D-04  0.00000D+00 -0.60432D-02
 0.24071D+00  0.11779D-28  0.76906D+00  0.76154D+00  0.12113D+01  0.84414D+00  0.23094D+00 -0.38321D-01 -0.42120D+01  0.24451D-04  0.00000D+00 -0.59145D-02
 0.24261D+00  0.11777D-28  0.76909D+00  0.76154D+00  0.12112D+01  0.84409D+00  0.23091D+00 -0.38296D-01 -0.42120D+01  0.23938D-04  0.00000D+00 -0.57906D-02
 0.24450D+00  0.11775D-28  0.76913D+00  0.76154D+00  0.12111D+01  0.84405D+00  0.23087D+00 -0.38271D-01 -0.42120D+01  0.23445D-04  0.00000D+00 -0.56715D-02
 0.24640D+00  0.11773D-28  0.76916D+00  0.76154D+00  0.12109D+01  0.84400D+00  0.23084D+00 -0.38247D-01 -0.42120D+01  0.22970D-04  0.00000D+00 -0.55569D-02
 0.24829D+00  0.11772D-28  0.76919D+00  0.76154D+00  0.12108D+01  0.84396D+00  0.23081D+00 -0.38225D-01 -0.42120D+01  0.22513D-04  0.00000D+00 -0.54467D-02
 0.25019D+00  0.11770D-28  0.76922D+00  0.76155D+00  0.12107D+01  0.84392D+00  0.23078D+00 -0.38203D-01 -0.42120D+01  0.22074D-04  0.00000D+00 -0.53406D-02
 0.25208D+00  0.11769D-28  0.76925D+00  0.76155D+00  0.12106D+01  0.84387D+00  0.23075D+00 -0.38183D-01 -0.42120D+01  0.21652D-04  0.00000D+00 -0.52385D-02
 0.25398D+00  0.11767D-28  0.76928D+00  0.76155D+00  0.12105D+01  0.84383D+00  0.23072D+00 -0.38163D-01 -0.42120D+01  0.21245D-04  0.00000D+00 -0.51402D-02
 0.25588D+00  0.11766D-28  0.76931D+00  0.76155D+00  0.12104D+01  0.84379D+00  0.23069D+00 -0.38144D-01 -0.42120D+01  0.20853D-04  0.00000D+00 -0.50456D-02
 0.25777D+00  0.11765D-28  0.76933D+00  0.76155D+00  0.12103D+01  0.84375D+00  0.23067D+00 -0.38125D-01 -0.42120D+01  0.20476D-04  0.00000D+00 -0.49546D-02
 0.25967D+00  0.11763D-28  0.76936D+00  0.76155D+00  0.12101D+01  0.84372D+00  0.23064D+00 -0.38108D-01 -0.42120D+01  0.20113D-04  0.00000D+00 -0.48669D-02
 0.26156D+00  0.11762D-28  0.76938D+00  0.76155D+00  0.12100D+01  0.84368D+00  0.23062D+00 -0.38091D-01 -0.42120D+01  0.19764D-04  0.00000D+00 -0.47825D-02
 0.26346D+00  0.11761D-28  0.76940D+00  0.76155D+00  0.12099D+01  0.84364D+00  0.23060D+00 -0.38075D-01 -0.42120D+01  0.19427D-04  0.00000D+00 -0.47011D-02
 0.26535D+00  0.11760D-28  0.76942D+00  0.76155D+00  0.12099D+01  0.84361D+00  0.23058D+00 -0.38060D-01 -0.42120D+01  0.19103D-04  0.00000D+00 -0.46228D-02
 0.26725D+00  0.11759D-28  0.76944D+00  0.76155D+00  0.12098D+01  0.84357D+00  0.23056D+00 -0.38045D-01 -0.42120D+01  0.18791D-04  0.00000D+00 -0.45474D-02
 0.26914D+00  0.11758D-28  0.76946D+00  0.76155D+00  0.12097D+01  0.84354D+00  0.23054D+00 -0.38032D-01 -0.42120D+01  0.18490D-04  0.00000D+00 -0.44748D-02
 0.27104D+00  0.11757D-28  0.76948D+00  0.76155D+00  0.12096D+01  0.84351D+00  0.23052D+00 -0.38018D-01 -0.42120D+01  0.18201D-04  0.00000D+00 -0.44048D-02
 0.27293D+00  0.11756D-28  0.76950D+00  0.76155D+00  0.12095D+01  0.84347D+00  0.23050D+00 -0.38005D-01 -0.42120D+01  0.17922D-04  0.00000D+00 -0.43374D-02
 0.27483D+00  0.11755D-28  0.76952D+00  0.76155D+00  0.12094D+01  0.84344D+00  0.23048D+00 -0.37993D-01 -0.42120D+01  0.17653D-04  0.00000D+00 -0.42725D-02
 0.27672D+00  0.11754D-28  0.76953D+00  0.76156D+00  0.12093D+01  0.84341D+00  0.23047D+00 -0.37982D-01 -0.42120D+01  0.17395D-04  0.00000D+00 -0.42100D-02
 0.27862D+00  0.11754D-28  0.76955D+00  0.76156D+00  0.12092D+01  0.84338D+00  0.23045D+00 -0.37971D-01 -0.42120D+01  0.17146D-04  0.00000D+00 -0.41497D-02
 0.28052D+00  0.11753D-28  0.76956D+00  0.76156D+00  0.12092D+01  0.84336D+00  0.23044D+00 -0.37960D-01 -0.42120D+01  0.16906D-04  0.00000D+00 -0.40917D-02
 0.28241D+00  0.11752D-28  0.76958D+00  0.76156D+00  0.12091D+01  0.84333D+00  0.23042D+00 -0.37950D-01 -0.42120D+01  0.16674D-04  0.00000D+00 -0.40358D-02
 0.28431D+00  0.11751D-28  0.76959D+00  0.76156D+00  0.12090D+01  0.84330D+00  0.23041D+00 -0.37940D-01 -0.42120D+01  0.16452D-04  0.00000D+00 -0.39820D-02
 0.28620D+00  0.11751D-28  0.76960D+00  0.76156D+00  0.12089D+01  0.84327D+00  0.23040D+00 -0.37931D-01 -0.42120D+01  0.16238D-04  0.00000D+00 -0.39302D-02
 0.28810D+00  0.11750D-28  0.76962D+00  0.76156D+00  0.12089D+01  0.84325D+00  0.23038D+00 -0.37923D-01 -0.42120D+01  0.16031D-04  0.00000D+00 -0.38803D-02
 0.28999D+00  0.11750D-28  0.76963D+00  0.76156D+00  0.12088D+01  0.84322D+00  0.23037D+00 -0.37914D-01 -0.42120D+01  0.15833D-04  0.00000D+00 -0.38323D-02
 0.29189D+00  0.11749D-28  0.76964D+00  0.76156D+00  0.12087D+01  0.84320D+00  0.23036D+00 -0.37906D-01 -0.42120D+01  0.15641D-04  0.00000D+00 -0.37860D-02
 0.29378D+00  0.11748D-28  0.76965D+00  0.76156D+00  0.12087D+01  0.84318D+00  0.23035D+00 -0.37899D-01 -0.42120D+01  0.15457D-04  0.00000D+00 -0.37415D-02
 0.29568D+00  0.11748D-28  0.76966D+00  0.76156D+00  0.12086D+01  0.84315D+00  0.23034D+00 -0.37892D-01 -0.42120D+01  0.15280D-04  0.00000D+00 -0.36987D-02
 0.29757D+00  0.11747D-28  0.76967D+00  0.76156D+00  0.12086D+01  0.84313D+00  0.23033D+00 -0.37885D-01 -0.42120D+01  0.15110D-04  0.00000D+00 -0.36575D-02
 0.29947D+00  0.11747D-28  0.76968D+00  0.76156D+00  0.12085D+01  0.84311D+00  0.23032D+00 -0.37879D-01 -0.42120D+01  0.14946D-04  0.00000D+00 -0.36179D-02
 0.30136D+00  0.11747D-28  0.76969D+00  0.76156D+00  0.12085D+01  0.84309D+00  0.23031D+00 -0.37873D-01 -0.42120D+01  0.14788D-04  0.00000D+00 -0.35798D-02
 0.30326D+00  0.11746D-28  0.76969D+00  0.76156D+00  0.12084D+01  0.84307D+00  0.23031D+00 -0.37867D-01 -0.42120D+01  0.14637D-04  0.00000D+00 -0.35431D-02
 0.30516D+00  0.11746D-28  0.76970D+00  0.76156D+00  0.12084D+01  0.84305D+00  0.23030D+00 -0.37862D-01 -0.42120D+01  0.14491D-04  0.00000D+00 -0.35079D-02
 0.30705D+00  0.11745D-28  0.76971D+00  0.76156D+00  0.12083D+01  0.84303D+00  0.23029D+00 -0.37857D-01 -0.42120D+01  0.14351D-04  0.00000D+00 -0.34741D-02
 0.30895D+00  0.11745D-28  0.76972D+00  0.76156D+00  0.12083D+01  0.84301D+00  0.23028D+00 -0.37852D-01 -0.42120D+01  0.14217D-04  0.00000D+00 -0.34416D-02
 0.31084D+00  0.11745D-28  0.76972D+00  0.76156D+00  0.12082D+01  0.84299D+00  0.23028D+00 -0.37847D-01 -0.42120D+01  0.14088D-04  0.00000D+00 -0.34104D-02
 0.31274D+00  0.11744D-28  0.76973D+00  0.76156D+00  0.12082D+01  0.84297D+00  0.23027D+00 -0.37843D-01 -0.42120D+01  0.13964D-04  0.00000D+00 -0.33805D-02
 0.31463D+00  0.11744D-28  0.76974D+00  0.76156D+00  0.12081D+01  0.84296D+00  0.23026D+00 -0.37839D-01 -0.42120D+01  0.13846D-04  0.00000D+00 -0.33518D-02
 0.31653D+00  0.11744D-28  0.76974D+00  0.76156D+00  0.12081D+01  0.84294D+00  0.23026D+00 -0.37835D-01 -0.42120D+01  0.13732D-04  0.00000D+00 -0.33244D-02
 0.31842D+00  0.11743D-28  0.76975D+00  0.76156D+00  0.12080D+01  0.84293D+00  0.23025D+00 -0.37832D-01 -0.42120D+01  0.13623D-04  0.00000D+00 -0.32980D-02
 0.32032D+00  0.11743D-28  0.76975D+00  0.76156D+00  0.12080D+01  0.84291D+00  0.23025D+00 -0.37829D-01 -0.42120D+01  0.13519D-04  0.00000D+00 -0.32728D-02
 0.32221D+00  0.11743D-28  0.76976D+00  0.76156D+00  0.12080D+01  0.84290D+00  0.23024D+00 -0.37825D-01 -0.42120D+01  0.13420D-04  0.00000D+00 -0.32487D-02
 0.32411D+00  0.11743D-28  0.76976D+00  0.76156D+00  0.12079D+01  0.84288D+00  0.23024D+00 -0.37823D-01 -0.42120D+01  0.13324D-04  0.00000D+00 -0.32257D-02
 0.32600D+00  0.11742D-28  0.76977D+00  0.76156D+00  0.12079D+01  0.84287D+00  0.23023D+00 -0.37820D-01 -0.42120D+01  0.13234D-04  0.00000D+00 -0.32037D-02
 0.32790D+00  0.11742D-28  0.76977D+00  0.76156D+00  0.12079D+01  0.84286D+00  0.23023D+00 -0.37817D-01 -0.42120D+01  0.13147D-04  0.00000D+00 -0.31827D-02
 0.32980D+00  0.11742D-28  0.76978D+00  0.76156D+00  0.12078D+01  0.84284D+00  0.23022D+00 -0.37815D-01 -0.42120D+01  0.13064D-04  0.00000D+00 -0.31628D-02
 0.33169D+00  0.11742D-28  0.76978D+00  0.76156D+00  0.12078D+01  0.84283D+00  0.23022D+00 -0.37813D-01 -0.42120D+01  0.12986D-04  0.00000D+00 -0.31437D-02
 0.33359D+00  0.11742D-28  0.76978D+00  0.76156D+00  0.12078D+01  0.84282D+00  0.23022D+00 -0.37811D-01 -0.42120D+01  0.12911D-04  0.00000D+00 -0.31257D-02
 0.33548D+00  0.11741D-28  0.76979D+00  0.76156D+00  0.12078D+01  0.84281D+00  0.23021D+00 -0.37809D-01 -0.42120D+01  0.12840D-04  0.00000D+00 -0.31085D-02
 0.33738D+00  0.11741D-28  0.76979D+00  0.76156D+00  0.12077D+01  0.84280D+00  0.23021D+00 -0.37808D-01 -0.42120D+01  0.12773D-04  0.00000D+00 -0.30923D-02
 0.33927D+00  0.11741D-28  0.76979D+00  0.76156D+00  0.12077D+01  0.84279D+00  0.23021D+00 -0.37806D-01 -0.42120D+01  0.12709D-04  0.00000D+00 -0.30769D-02
 0.34117D+00  0.11741D-28  0.76980D+00  0.76156D+00  0.12077D+01  0.84278D+00  0.23020D+00 -0.37805D-01 -0.42120D+01  0.12649D-04  0.00000D+00 -0.30623D-02
 0.34306D+00  0.11741D-28  0.76980D+00  0.76156D+00  0.12077D+01  0.84277D+00  0.23020D+00 -0.37803D-01 -0.42120D+01  0.12593D-04  0.00000D+00 -0.30487D-02
 0.34496D+00  0.11741D-28  0.76980D+00  0.76156D+00  0.12076D+01  0.84276D+00  0.23020D+00 -0.37802D-01 -0.42120D+01  0.12539D-04  0.00000D+00 -0.30358D-02
 0.34685D+00  0.11741D-28  0.76980D+00  0.76156D+00  0.12076D+01  0.84276D+00  0.23020D+00 -0.37801D-01 -0.42120D+01  0.12490D-04  0.00000D+00 -0.30237D-02
 0.34875D+00  0.11741D-28  0.76980D+00  0.76156D+00  0.12076D+01  0.84275D+00  0.23020D+00 -0.37800D-01 -0.42120D+01  0.12443D-04  0.00000D+00 -0.30125D-02
 0.35064D+00  0.11741D-28  0.76980D+00  0.76156D+00  0.12076D+01  0.84274D+00  0.23020D+00 -0.37800D-01 -0.42120D+01  0.12400D-04  0.00000D+00 -0.30020D-02
 0.35254D+00  0.11740D-28  0.76981D+00  0.76156D+00  0.12076D+01  0.84274D+00  0.23019D+00 -0.37799D-01 -0.42120D+01  0.12359D-04  0.00000D+00 -0.29922D-02
 0.35444D+00  0.11740D-28  0.76981D+00  0.76156D+00  0.12076D+01  0.84273D+00  0.23019D+00 -0.37798D-01 -0.42120D+01  0.12322D-04  0.00000D+00 -0.29832D-02
 0.35633D+00  0.11740D-28  0.76981D+00  0.76156D+00  0.12075D+01  0.84272D+00  0.23019D+00 -0.37798D-01 -0.42120D+01  0.12288D-04  0.00000D+00 -0.29750D-02
 0.35823D+00  0.11740D-28  0.76981D+00  0.76156D+00  0.12075D+01  0.84272D+00  0.23019D+00 -0.37797D-01 -0.42120D+01  0.12257D-04  0.00000D+00 -0.29674D-02
 0.36012D+00  0.11740D-28  0.76981D+00  0.76156D+00  0.12075D+01  0.84272D+00  0.23019D+00 -0.37797D-01 -0.42120D+01  0.12229D-04  0.00000D+00 -0.29606D-02
 0.36202D+00  0.11740D-28  0.76981D+00  0.76156D+00  0.12075D+01  0.84271D+00  0.23019D+00 -0.37797D-01 -0.42120D+01  0.12203D-04  0.00000D+00 -0.29544D-02
 0.36391D+00  0.11740D-28  0.76981D+00  0.76156D+00  0.12075D+01  0.84271D+00  0.23019D+00 -0.37796D-01 -0.42120D+01  0.12181D-04  0.00000D+00 -0.29490D-02
 0.36581D+00  0.11740D-28  0.76981D+00  0.76156D+00  0.12075D+01  0.84270D+00  0.23019D+00 -0.37796D-01 -0.42120D+01  0.12161D-04  0.00000D+00 -0.29442D-02
 0.36770D+00  0.11740D-28  0.76981D+00  0.76156D+00  0.12075D+01  0.84270D+00  0.23019D+00 -0.37796D-01 -0.42120D+01  0.12144D-04  0.00000D+00 -0.29401D-02
 0.36960D+00  0.11740D-28  0.76981D+00  0.76156D+00  0.12075D+01  0.84270D+00  0.23019D+00 -0.37796D-01 -0.42120D+01  0.12129D-04  0.00000D+00 -0.29366D-02
 0.37149D+00  0.11740D-28  0.76981D+00  0.76156D+00  0.12075D+01  0.84270D+00  0.23019D+00 -0.37796D-01 -0.42120D+01  0.12118D-04  0.00000D+00 -0.29338D-02
 0.37339D+00  0.11740D-28  0.76981D+00  0.76156D+00  0.12075D+01  0.84270D+00  0.23019D+00 -0.37796D-01 -0.42120D+01  0.12109D-04  0.00000D+00 -0.29316D-02
 0.37528D+00  0.11740D-28  0.76981D+00  0.76156D+00  0.12075D+01  0.84269D+00  0.23019D+00 -0.37796D-01 -0.42120D+01  0.12102D-04  0.00000D+00 -0.29300D-02
 0.37718D+00  0.11740D-28  0.76981D+00  0.76156D+00  0.12075D+01  0.84269D+00  0.23019D+00 -0.37795D-01 -0.42120D+01  0.12099D-04  0.00000D+00 -0.29291D-02
 0.37908D+00  0.11740D-28  0.76981D+00  0.76156D+00  0.12075D+01  0.84269D+00  0.23019D+00 -0.37795D-01 -0.42120D+01  0.12097D-04  0.00000D+00 -0.29288D-02
