             x            AR           CA           Po           Ca           CO           TE           U            W            OC           OA           Rp
 0.00000D+00  0.60000D+00  0.30000D+00  0.80000D+00  0.49913D+00  0.49913D+00  0.10000D+00  0.10000D+01 -0.42709D+01 -0.44830D+00  0.00000D+00  0.35479D+02
 0.18954D-02  0.71879D+00  0.16141D+00  0.79948D+00  0.53749D+00  0.51566D+00  0.11980D+00  0.98385D+00 -0.42703D+01 -0.40301D+00  0.00000D+00  0.17205D+02
 0.37908D-02  0.78513D+00  0.84016D-01  0.79695D+00  0.57074D+00  0.52982D+00  0.13085D+00  0.90655D+00 -0.42673D+01 -0.36485D+00  0.00000D+00  0.82096D+01
 0.56861D-02  0.82033D+00  0.42943D-01  0.79427D+00  0.60155D+00  0.54289D+00  0.13672D+00  0.82608D+00 -0.42639D+01 -0.33053D+00  0.00000D+00  0.38516D+01
 0.75815D-02  0.83835D+00  0.21925D-01  0.79205D+00  0.63112D+00  0.55544D+00  0.13972D+00  0.76058D+00 -0.42610D+01 -0.29863D+00  0.00000D+00  0.17959D+01
 0.94769D-02  0.84740D+00  0.11361D-01  0.79039D+00  0.66000D+00  0.56775D+00  0.14123D+00  0.71230D+00 -0.42587D+01 -0.26855D+00  0.00000D+00  0.84353D+00
 0.11372D-01  0.85195D+00  0.60531D-02  0.78921D+00  0.68841D+00  0.57992D+00  0.14199D+00  0.67845D+00 -0.42571D+01 -0.24010D+00  0.00000D+00  0.40408D+00
 0.13268D-01  0.85427D+00  0.33483D-02  0.78840D+00  0.71646D+00  0.59200D+00  0.14238D+00  0.65536D+00 -0.42560D+01 -0.21324D+00  0.00000D+00  0.19927D+00
 0.15163D-01  0.85548D+00  0.19354D-02  0.78786D+00  0.74418D+00  0.60401D+00  0.14258D+00  0.63985D+00 -0.42552D+01 -0.18799D+00  0.00000D+00  0.10181D+00
 0.17058D-01  0.85614D+00  0.11737D-02  0.78749D+00  0.77157D+00  0.61595D+00  0.14269D+00  0.62952D+00 -0.42547D+01 -0.16439D+00  0.00000D+00  0.54080D-01
 0.18954D-01  0.85650D+00  0.74820D-03  0.78725D+00  0.79865D+00  0.62782D+00  0.14275D+00  0.62268D+00 -0.42543D+01 -0.14245D+00  0.00000D+00  0.29909D-01
 0.20849D-01  0.85671D+00  0.50163D-03  0.78709D+00  0.82542D+00  0.63963D+00  0.14279D+00  0.61815D+00 -0.42541D+01 -0.12222D+00  0.00000D+00  0.17217D-01
 0.22745D-01  0.85684D+00  0.35350D-03  0.78698D+00  0.85187D+00  0.65137D+00  0.14281D+00  0.61514D+00 -0.42539D+01 -0.10368D+00  0.00000D+00  0.10298D-01
 0.24640D-01  0.85692D+00  0.26149D-03  0.78691D+00  0.87802D+00  0.66305D+00  0.14282D+00  0.61314D+00 -0.42538D+01 -0.86857D-01  0.00000D+00  0.63835D-02
 0.26535D-01  0.85697D+00  0.20264D-03  0.78686D+00  0.90385D+00  0.67466D+00  0.14283D+00  0.61178D+00 -0.42538D+01 -0.71717D-01  0.00000D+00  0.40856D-02
 0.28431D-01  0.85700D+00  0.16415D-03  0.78683D+00  0.92938D+00  0.68621D+00  0.14283D+00  0.61086D+00 -0.42537D+01 -0.58242D-01  0.00000D+00  0.26881D-02
 0.30326D-01  0.85702D+00  0.13863D-03  0.78681D+00  0.95461D+00  0.69768D+00  0.14284D+00  0.61021D+00 -0.42537D+01 -0.46391D-01  0.00000D+00  0.18084D-02
 0.32221D-01  0.85704D+00  0.12168D-03  0.78679D+00  0.97954D+00  0.70910D+00  0.14284D+00  0.60974D+00 -0.42537D+01 -0.36115D-01  0.00000D+00  0.12358D-02
 0.34117D-01  0.85705D+00  0.11060D-03  0.78678D+00  0.10042D+01  0.72044D+00  0.14284D+00  0.60939D+00 -0.42536D+01 -0.27351D-01  0.00000D+00  0.85076D-03
 0.36012D-01  0.85705D+00  0.10363D-03  0.78677D+00  0.10285D+01  0.73173D+00  0.14284D+00  0.60912D+00 -0.42536D+01 -0.20025D-01  0.00000D+00  0.58367D-03
 0.37908D-01  0.12377D+00  0.68927D-03  0.78676D+00  0.10526D+01  0.74294D+00  0.87554D+00  0.60890D+00 -0.42536D+01 -0.14051D-01  0.16480D+00  0.57373D+02
 0.39803D-01  0.11665D-01  0.82738D-03  0.77952D+00  0.10600D+01  0.74609D+00  0.98751D+00  0.41055D+00 -0.42427D+01 -0.12514D-01  0.15991D+00  0.54274D+01
 0.41698D-01  0.76180D-03  0.99229D-03  0.77422D+00  0.10658D+01  0.74849D+00  0.99825D+00  0.27199D+00 -0.42341D+01 -0.11389D-01  0.15613D+00  0.35758D+00
 0.43594D-01  0.35483D-04  0.15379D-02  0.77081D+00  0.10716D+01  0.75086D+00  0.99843D+00  0.18571D+00 -0.42284D+01 -0.10343D-01  0.15246D+00  0.21162D-01
 0.45489D-01  0.12207D-05  0.31874D-02  0.76865D+00  0.10773D+01  0.75323D+00  0.99681D+00  0.13215D+00 -0.42247D+01 -0.93600D-02  0.14884D+00  0.96583D-02
 0.47384D-01  0.32419D-07  0.68326D-02  0.76729D+00  0.10829D+01  0.75560D+00  0.99317D+00  0.98701D-01 -0.42223D+01 -0.84405D-02  0.14527D+00  0.17716D-01
 0.49280D-01  0.69851D-09  0.14361D-01  0.76642D+00  0.10886D+01  0.75796D+00  0.98564D+00  0.77704D-01 -0.42208D+01 -0.75842D-02  0.14176D+00  0.33556D-01
 0.51175D-01  0.12836D-10  0.51597D-01  0.76587D+00  0.10941D+01  0.76030D+00  0.94840D+00  0.64425D-01 -0.42198D+01 -0.67905D-02  0.13833D+00  0.10820D+00
 0.53071D-01  0.20977D-12  0.16181D+00  0.76551D+00  0.10996D+01  0.76262D+00  0.83819D+00  0.55753D-01 -0.42192D+01 -0.60602D-02  0.13499D+00  0.30330D+00
 0.54966D-01  0.31169D-14  0.33097D+00  0.76525D+00  0.11049D+01  0.76488D+00  0.66903D+00  0.49390D-01 -0.42187D+01 -0.53977D-02  0.13177D+00  0.55317D+00
 0.56861D-01  0.42015D-16  0.48726D+00  0.76501D+00  0.11099D+01  0.76705D+00  0.51274D+00  0.43733D-01 -0.42183D+01 -0.48070D-02  0.12872D+00  0.72599D+00
 0.58757D-01  0.50324D-18  0.58559D+00  0.76477D+00  0.11147D+01  0.76909D+00  0.41441D+00  0.38010D-01 -0.42178D+01 -0.42871D-02  0.12587D+00  0.77892D+00
 0.60652D-01  0.51916D-20  0.63518D+00  0.76452D+00  0.11192D+01  0.77101D+00  0.36482D+00  0.32097D-01 -0.42174D+01 -0.38321D-02  0.12322D+00  0.75602D+00
 0.62547D-01  0.44380D-22  0.66117D+00  0.76427D+00  0.11234D+01  0.77281D+00  0.33883D+00  0.26142D-01 -0.42169D+01 -0.34342D-02  0.12076D+00  0.70598D+00
 0.64443D-01  0.29907D-24  0.67829D+00  0.76403D+00  0.11274D+01  0.77449D+00  0.32171D+00  0.20317D-01 -0.42165D+01 -0.30857D-02  0.11848D+00  0.65144D+00
 0.66338D-01  0.14774D-26  0.69160D+00  0.76379D+00  0.11311D+01  0.77606D+00  0.30840D+00  0.14742D-01 -0.42161D+01 -0.27797D-02  0.11636D+00  0.59894D+00
 0.68234D-01  0.47117D-29  0.70247D+00  0.76357D+00  0.11345D+01  0.77753D+00  0.29753D+00  0.94826D-02 -0.42157D+01 -0.25104D-02  0.11439D+00  0.54993D+00
 0.70129D-01  0.71430D-32  0.71147D+00  0.76337D+00  0.11378D+01  0.77892D+00  0.28853D+00  0.45704D-02 -0.42153D+01 -0.22727D-02  0.11255D+00  0.50469D+00
 0.72024D-01  0.12802D-38  0.71898D+00  0.76317D+00  0.11409D+01  0.78022D+00  0.28102D+00  0.12351D-04 -0.42150D+01 -0.20625D-02  0.11083D+00  0.46321D+00
 0.73920D-01  0.00000D+00  0.72532D+00  0.76299D+00  0.11438D+01  0.78144D+00  0.27468D+00 -0.41991D-02 -0.42146D+01 -0.18760D-02  0.10923D+00  0.42536D+00
 0.75815D-01  0.43182D-69  0.73072D+00  0.76283D+00  0.11465D+01  0.78260D+00  0.26928D+00 -0.80799D-02 -0.42143D+01 -0.17101D-02  0.10772D+00  0.39092D+00
 0.77710D-01  0.13140D-66  0.73533D+00  0.76268D+00  0.11491D+01  0.78368D+00  0.26467D+00 -0.11651D-01 -0.42141D+01 -0.15623D-02  0.10631D+00  0.35961D+00
 0.79606D-01  0.27861D-64  0.73930D+00  0.76254D+00  0.11515D+01  0.78471D+00  0.26070D+00 -0.14934D-01 -0.42138D+01 -0.14302D-02  0.10499D+00  0.33118D+00
 0.81501D-01  0.46070D-62  0.74273D+00  0.76241D+00  0.11538D+01  0.78568D+00  0.25727D+00 -0.17952D-01 -0.42136D+01 -0.13119D-02  0.10374D+00  0.30535D+00
 0.83397D-01  0.63208D-60  0.74570D+00  0.76229D+00  0.11560D+01  0.78660D+00  0.25430D+00 -0.20728D-01 -0.42134D+01 -0.12056D-02  0.10257D+00  0.28188D+00
 0.85292D-01  0.74832D-58  0.74829D+00  0.76218D+00  0.11581D+01  0.78747D+00  0.25171D+00 -0.23283D-01 -0.42132D+01 -0.11100D-02  0.10146D+00  0.26055D+00
 0.87187D-01  0.78536D-56  0.75056D+00  0.76208D+00  0.11600D+01  0.78830D+00  0.24944D+00 -0.25635D-01 -0.42130D+01 -0.10238D-02  0.10042D+00  0.24114D+00
 0.89083D-01  0.74515D-54  0.75255D+00  0.76199D+00  0.11619D+01  0.78909D+00  0.24745D+00 -0.27804D-01 -0.42128D+01 -0.94590D-03  0.99431D-01  0.22347D+00
 0.90978D-01  0.64878D-52  0.75431D+00  0.76191D+00  0.11637D+01  0.78984D+00  0.24569D+00 -0.29806D-01 -0.42127D+01 -0.87535D-03  0.98496D-01  0.20736D+00
 0.92873D-01  0.52444D-50  0.75587D+00  0.76183D+00  0.11654D+01  0.79055D+00  0.24413D+00 -0.31655D-01 -0.42125D+01 -0.81135D-03  0.97609D-01  0.19266D+00
 0.94769D-01  0.39728D-48  0.75725D+00  0.76175D+00  0.11670D+01  0.79123D+00  0.24275D+00 -0.33366D-01 -0.42124D+01 -0.75317D-03  0.96767D-01  0.17923D+00
 0.96664D-01  0.28420D-46  0.75849D+00  0.76169D+00  0.11685D+01  0.79188D+00  0.24151D+00 -0.34950D-01 -0.42123D+01 -0.70018D-03  0.95967D-01  0.16694D+00
 0.98560D-01  0.19322D-44  0.75959D+00  0.76162D+00  0.11700D+01  0.79250D+00  0.24041D+00 -0.36420D-01 -0.42121D+01 -0.65185D-03  0.95207D-01  0.15568D+00
 0.10045D+00  0.12551D-42  0.76058D+00  0.76156D+00  0.11714D+01  0.79309D+00  0.23942D+00 -0.37784D-01 -0.42120D+01 -0.60768D-03  0.94483D-01  0.14536D+00
 0.10235D+00  0.78251D-41  0.76147D+00  0.76151D+00  0.11727D+01  0.79366D+00  0.23853D+00 -0.39052D-01 -0.42119D+01 -0.56726D-03  0.93793D-01  0.13588D+00
 0.10425D+00  0.47010D-39  0.76228D+00  0.76146D+00  0.11740D+01  0.79420D+00  0.23772D+00 -0.40231D-01 -0.42118D+01 -0.53020D-03  0.93136D-01  0.12716D+00
 0.10614D+00  0.27306D-37  0.76300D+00  0.76141D+00  0.11752D+01  0.79472D+00  0.23700D+00 -0.41331D-01 -0.42118D+01 -0.49617D-03  0.92508D-01  0.11914D+00
 0.10804D+00  0.15381D-35  0.76366D+00  0.76137D+00  0.11764D+01  0.79522D+00  0.23634D+00 -0.42356D-01 -0.42117D+01 -0.46489D-03  0.91908D-01  0.11174D+00
 0.10993D+00  0.84233D-34  0.76425D+00  0.76133D+00  0.11775D+01  0.79570D+00  0.23575D+00 -0.43313D-01 -0.42116D+01 -0.43608D-03  0.91334D-01  0.10492D+00
 0.11183D+00  0.44954D-32  0.76479D+00  0.76129D+00  0.11786D+01  0.79616D+00  0.23521D+00 -0.44207D-01 -0.42115D+01 -0.40951D-03  0.90785D-01  0.98612D-01
 0.11372D+00  0.23428D-30  0.76528D+00  0.76125D+00  0.11796D+01  0.79660D+00  0.23472D+00 -0.45044D-01 -0.42115D+01 -0.38499D-03  0.90259D-01  0.92779D-01
 0.11562D+00  0.11945D-28  0.76573D+00  0.76122D+00  0.11806D+01  0.79703D+00  0.23427D+00 -0.45828D-01 -0.42114D+01 -0.36231D-03  0.00000D+00  0.87378D-01
 0.11751D+00  0.11925D-28  0.76614D+00  0.76119D+00  0.11815D+01  0.79744D+00  0.23386D+00 -0.46563D-01 -0.42113D+01 -0.34132D-03  0.00000D+00  0.82371D-01
 0.11941D+00  0.11907D-28  0.76651D+00  0.76116D+00  0.11825D+01  0.79783D+00  0.23349D+00 -0.47253D-01 -0.42113D+01 -0.32187D-03  0.00000D+00  0.77724D-01
 0.12130D+00  0.11890D-28  0.76685D+00  0.76113D+00  0.11833D+01  0.79821D+00  0.23315D+00 -0.47900D-01 -0.42112D+01 -0.30382D-03  0.00000D+00  0.73407D-01
 0.12320D+00  0.11874D-28  0.76716D+00  0.76110D+00  0.11842D+01  0.79858D+00  0.23284D+00 -0.48509D-01 -0.42112D+01 -0.28706D-03  0.00000D+00  0.69392D-01
 0.12509D+00  0.11860D-28  0.76745D+00  0.76108D+00  0.11850D+01  0.79894D+00  0.23255D+00 -0.49082D-01 -0.42111D+01 -0.27147D-03  0.00000D+00  0.65655D-01
 0.12699D+00  0.11847D-28  0.76771D+00  0.76106D+00  0.11858D+01  0.79928D+00  0.23229D+00 -0.49621D-01 -0.42111D+01 -0.25695D-03  0.00000D+00  0.62172D-01
 0.12889D+00  0.11835D-28  0.76795D+00  0.76103D+00  0.11866D+01  0.79961D+00  0.23205D+00 -0.50129D-01 -0.42111D+01 -0.24343D-03  0.00000D+00  0.58923D-01
 0.13078D+00  0.11823D-28  0.76817D+00  0.76101D+00  0.11873D+01  0.79993D+00  0.23183D+00 -0.50608D-01 -0.42110D+01 -0.23081D-03  0.00000D+00  0.55890D-01
 0.13268D+00  0.11813D-28  0.76838D+00  0.76099D+00  0.11880D+01  0.80024D+00  0.23162D+00 -0.51061D-01 -0.42110D+01 -0.21903D-03  0.00000D+00  0.53055D-01
 0.13457D+00  0.11804D-28  0.76856D+00  0.76098D+00  0.11887D+01  0.80054D+00  0.23144D+00 -0.51488D-01 -0.42109D+01 -0.20802D-03  0.00000D+00  0.50404D-01
 0.13647D+00  0.11795D-28  0.76874D+00  0.76096D+00  0.11893D+01  0.80083D+00  0.23126D+00 -0.51891D-01 -0.42109D+01 -0.19772D-03  0.00000D+00  0.47923D-01
 0.13836D+00  0.11787D-28  0.76890D+00  0.76094D+00  0.11900D+01  0.80111D+00  0.23110D+00 -0.52273D-01 -0.42109D+01 -0.18807D-03  0.00000D+00  0.45597D-01
 0.14026D+00  0.11779D-28  0.76904D+00  0.76093D+00  0.11906D+01  0.80138D+00  0.23096D+00 -0.52634D-01 -0.42109D+01 -0.17903D-03  0.00000D+00  0.43417D-01
 0.14215D+00  0.11772D-28  0.76918D+00  0.76091D+00  0.11912D+01  0.80165D+00  0.23082D+00 -0.52976D-01 -0.42108D+01 -0.17056D-03  0.00000D+00  0.41371D-01
 0.14405D+00  0.11766D-28  0.76930D+00  0.76090D+00  0.11917D+01  0.80190D+00  0.23070D+00 -0.53300D-01 -0.42108D+01 -0.16260D-03  0.00000D+00  0.39450D-01
 0.14594D+00  0.11760D-28  0.76942D+00  0.76088D+00  0.11923D+01  0.80215D+00  0.23058D+00 -0.53607D-01 -0.42108D+01 -0.15512D-03  0.00000D+00  0.37643D-01
 0.14784D+00  0.11755D-28  0.76953D+00  0.76087D+00  0.11928D+01  0.80239D+00  0.23047D+00 -0.53899D-01 -0.42108D+01 -0.14809D-03  0.00000D+00  0.35945D-01
 0.14973D+00  0.11750D-28  0.76962D+00  0.76086D+00  0.11933D+01  0.80263D+00  0.23038D+00 -0.54175D-01 -0.42107D+01 -0.14148D-03  0.00000D+00  0.34346D-01
 0.15163D+00  0.11745D-28  0.76972D+00  0.76085D+00  0.11938D+01  0.80285D+00  0.23028D+00 -0.54438D-01 -0.42107D+01 -0.13525D-03  0.00000D+00  0.32839D-01
 0.15353D+00  0.11741D-28  0.76980D+00  0.76084D+00  0.11943D+01  0.80308D+00  0.23020D+00 -0.54687D-01 -0.42107D+01 -0.12938D-03  0.00000D+00  0.31419D-01
 0.15542D+00  0.11737D-28  0.76988D+00  0.76083D+00  0.11948D+01  0.80329D+00  0.23012D+00 -0.54925D-01 -0.42107D+01 -0.12385D-03  0.00000D+00  0.30080D-01
 0.15732D+00  0.11733D-28  0.76995D+00  0.76082D+00  0.11952D+01  0.80350D+00  0.23005D+00 -0.55150D-01 -0.42107D+01 -0.11863D-03  0.00000D+00  0.28816D-01
 0.15921D+00  0.11730D-28  0.77002D+00  0.76081D+00  0.11957D+01  0.80370D+00  0.22998D+00 -0.55365D-01 -0.42106D+01 -0.11370D-03  0.00000D+00  0.27622D-01
 0.16111D+00  0.11726D-28  0.77008D+00  0.76080D+00  0.11961D+01  0.80390D+00  0.22992D+00 -0.55569D-01 -0.42106D+01 -0.10904D-03  0.00000D+00  0.26494D-01
 0.16300D+00  0.11724D-28  0.77014D+00  0.76079D+00  0.11965D+01  0.80409D+00  0.22986D+00 -0.55764D-01 -0.42106D+01 -0.10464D-03  0.00000D+00  0.25426D-01
 0.16490D+00  0.11721D-28  0.77019D+00  0.76078D+00  0.11969D+01  0.80428D+00  0.22981D+00 -0.55949D-01 -0.42106D+01 -0.10047D-03  0.00000D+00  0.24417D-01
 0.16679D+00  0.11718D-28  0.77024D+00  0.76078D+00  0.11973D+01  0.80446D+00  0.22976D+00 -0.56126D-01 -0.42106D+01 -0.96530D-04  0.00000D+00  0.23461D-01
 0.16869D+00  0.11716D-28  0.77029D+00  0.76077D+00  0.11977D+01  0.80464D+00  0.22971D+00 -0.56294D-01 -0.42106D+01 -0.92795D-04  0.00000D+00  0.22555D-01
 0.17058D+00  0.11714D-28  0.77033D+00  0.76076D+00  0.11980D+01  0.80482D+00  0.22967D+00 -0.56455D-01 -0.42106D+01 -0.89255D-04  0.00000D+00  0.21696D-01
 0.17248D+00  0.11712D-28  0.77037D+00  0.76076D+00  0.11984D+01  0.80498D+00  0.22963D+00 -0.56608D-01 -0.42105D+01 -0.85899D-04  0.00000D+00  0.20882D-01
 0.17437D+00  0.11710D-28  0.77040D+00  0.76075D+00  0.11987D+01  0.80515D+00  0.22960D+00 -0.56754D-01 -0.42105D+01 -0.82714D-04  0.00000D+00  0.20109D-01
 0.17627D+00  0.11708D-28  0.77044D+00  0.76074D+00  0.11991D+01  0.80531D+00  0.22956D+00 -0.56894D-01 -0.42105D+01 -0.79692D-04  0.00000D+00  0.19376D-01
 0.17817D+00  0.11707D-28  0.77047D+00  0.76074D+00  0.11994D+01  0.80547D+00  0.22953D+00 -0.57028D-01 -0.42105D+01 -0.76821D-04  0.00000D+00  0.18679D-01
 0.18006D+00  0.11705D-28  0.77050D+00  0.76073D+00  0.11997D+01  0.80562D+00  0.22950D+00 -0.57155D-01 -0.42105D+01 -0.74092D-04  0.00000D+00  0.18017D-01
 0.18196D+00  0.11704D-28  0.77052D+00  0.76073D+00  0.12000D+01  0.80577D+00  0.22948D+00 -0.57277D-01 -0.42105D+01 -0.71499D-04  0.00000D+00  0.17387D-01
 0.18385D+00  0.11703D-28  0.77055D+00  0.76072D+00  0.12003D+01  0.80591D+00  0.22945D+00 -0.57393D-01 -0.42105D+01 -0.69032D-04  0.00000D+00  0.16788D-01
 0.18575D+00  0.11701D-28  0.77057D+00  0.76072D+00  0.12006D+01  0.80606D+00  0.22943D+00 -0.57505D-01 -0.42105D+01 -0.66684D-04  0.00000D+00  0.16218D-01
 0.18764D+00  0.11700D-28  0.77059D+00  0.76071D+00  0.12009D+01  0.80619D+00  0.22941D+00 -0.57611D-01 -0.42105D+01 -0.64448D-04  0.00000D+00  0.15675D-01
 0.18954D+00  0.11699D-28  0.77061D+00  0.76071D+00  0.12011D+01  0.80633D+00  0.22939D+00 -0.57713D-01 -0.42105D+01 -0.62319D-04  0.00000D+00  0.15158D-01
 0.19143D+00  0.11698D-28  0.77063D+00  0.76070D+00  0.12014D+01  0.80646D+00  0.22937D+00 -0.57810D-01 -0.42104D+01 -0.60290D-04  0.00000D+00  0.14665D-01
 0.19333D+00  0.11698D-28  0.77065D+00  0.76070D+00  0.12017D+01  0.80659D+00  0.22935D+00 -0.57904D-01 -0.42104D+01 -0.58355D-04  0.00000D+00  0.14195D-01
 0.19522D+00  0.11697D-28  0.77066D+00  0.76070D+00  0.12019D+01  0.80672D+00  0.22934D+00 -0.57993D-01 -0.42104D+01 -0.56510D-04  0.00000D+00  0.13746D-01
 0.19712D+00  0.11696D-28  0.77068D+00  0.76069D+00  0.12021D+01  0.80684D+00  0.22932D+00 -0.58078D-01 -0.42104D+01 -0.54750D-04  0.00000D+00  0.13319D-01
 0.19901D+00  0.11695D-28  0.77069D+00  0.76069D+00  0.12024D+01  0.80696D+00  0.22931D+00 -0.58160D-01 -0.42104D+01 -0.53069D-04  0.00000D+00  0.12910D-01
 0.20091D+00  0.11695D-28  0.77070D+00  0.76068D+00  0.12026D+01  0.80708D+00  0.22930D+00 -0.58239D-01 -0.42104D+01 -0.51464D-04  0.00000D+00  0.12520D-01
 0.20281D+00  0.11694D-28  0.77071D+00  0.76068D+00  0.12028D+01  0.80719D+00  0.22929D+00 -0.58314D-01 -0.42104D+01 -0.49931D-04  0.00000D+00  0.12147D-01
 0.20470D+00  0.11694D-28  0.77072D+00  0.76068D+00  0.12030D+01  0.80730D+00  0.22928D+00 -0.58386D-01 -0.42104D+01 -0.48466D-04  0.00000D+00  0.11791D-01
 0.20660D+00  0.11693D-28  0.77073D+00  0.76068D+00  0.12033D+01  0.80741D+00  0.22927D+00 -0.58455D-01 -0.42104D+01 -0.47065D-04  0.00000D+00  0.11451D-01
 0.20849D+00  0.11693D-28  0.77074D+00  0.76067D+00  0.12035D+01  0.80752D+00  0.22926D+00 -0.58521D-01 -0.42104D+01 -0.45726D-04  0.00000D+00  0.11125D-01
 0.21039D+00  0.11693D-28  0.77074D+00  0.76067D+00  0.12037D+01  0.80762D+00  0.22926D+00 -0.58584D-01 -0.42104D+01 -0.44444D-04  0.00000D+00  0.10814D-01
 0.21228D+00  0.11692D-28  0.77075D+00  0.76067D+00  0.12038D+01  0.80772D+00  0.22925D+00 -0.58645D-01 -0.42104D+01 -0.43218D-04  0.00000D+00  0.10515D-01
 0.21418D+00  0.11692D-28  0.77076D+00  0.76066D+00  0.12040D+01  0.80782D+00  0.22924D+00 -0.58703D-01 -0.42104D+01 -0.42043D-04  0.00000D+00  0.10230D-01
 0.21607D+00  0.11692D-28  0.77076D+00  0.76066D+00  0.12042D+01  0.80792D+00  0.22924D+00 -0.58759D-01 -0.42104D+01 -0.40919D-04  0.00000D+00  0.99563D-02
 0.21797D+00  0.11691D-28  0.77077D+00  0.76066D+00  0.12044D+01  0.80802D+00  0.22923D+00 -0.58813D-01 -0.42104D+01 -0.39841D-04  0.00000D+00  0.96943D-02
 0.21986D+00  0.11691D-28  0.77077D+00  0.76066D+00  0.12046D+01  0.80811D+00  0.22923D+00 -0.58864D-01 -0.42104D+01 -0.38809D-04  0.00000D+00  0.94433D-02
 0.22176D+00  0.11691D-28  0.77078D+00  0.76066D+00  0.12047D+01  0.80820D+00  0.22922D+00 -0.58913D-01 -0.42104D+01 -0.37820D-04  0.00000D+00  0.92026D-02
 0.22365D+00  0.11691D-28  0.77078D+00  0.76065D+00  0.12049D+01  0.80829D+00  0.22922D+00 -0.58961D-01 -0.42104D+01 -0.36871D-04  0.00000D+00  0.89718D-02
 0.22555D+00  0.11691D-28  0.77078D+00  0.76065D+00  0.12050D+01  0.80838D+00  0.22922D+00 -0.59006D-01 -0.42104D+01 -0.35961D-04  0.00000D+00  0.87505D-02
 0.22745D+00  0.11691D-28  0.77078D+00  0.76065D+00  0.12052D+01  0.80846D+00  0.22922D+00 -0.59049D-01 -0.42104D+01 -0.35087D-04  0.00000D+00  0.85381D-02
 0.22934D+00  0.11690D-28  0.77079D+00  0.76065D+00  0.12053D+01  0.80855D+00  0.22921D+00 -0.59091D-01 -0.42103D+01 -0.34250D-04  0.00000D+00  0.83343D-02
 0.23124D+00  0.11690D-28  0.77079D+00  0.76065D+00  0.12055D+01  0.80863D+00  0.22921D+00 -0.59131D-01 -0.42103D+01 -0.33445D-04  0.00000D+00  0.81387D-02
 0.23313D+00  0.11690D-28  0.77079D+00  0.76064D+00  0.12056D+01  0.80871D+00  0.22921D+00 -0.59169D-01 -0.42103D+01 -0.32673D-04  0.00000D+00  0.79509D-02
 0.23503D+00  0.11690D-28  0.77079D+00  0.76064D+00  0.12058D+01  0.80878D+00  0.22921D+00 -0.59206D-01 -0.42103D+01 -0.31932D-04  0.00000D+00  0.77705D-02
 0.23692D+00  0.11690D-28  0.77079D+00  0.76064D+00  0.12059D+01  0.80886D+00  0.22921D+00 -0.59241D-01 -0.42103D+01 -0.31219D-04  0.00000D+00  0.75972D-02
 0.23882D+00  0.11690D-28  0.77079D+00  0.76064D+00  0.12060D+01  0.80893D+00  0.22921D+00 -0.59275D-01 -0.42103D+01 -0.30535D-04  0.00000D+00  0.74307D-02
 0.24071D+00  0.11690D-28  0.77080D+00  0.76064D+00  0.12062D+01  0.80901D+00  0.22920D+00 -0.59307D-01 -0.42103D+01 -0.29877D-04  0.00000D+00  0.72707D-02
 0.24261D+00  0.11690D-28  0.77080D+00  0.76064D+00  0.12063D+01  0.80908D+00  0.22920D+00 -0.59338D-01 -0.42103D+01 -0.29245D-04  0.00000D+00  0.71169D-02
 0.24450D+00  0.11690D-28  0.77080D+00  0.76064D+00  0.12064D+01  0.80915D+00  0.22920D+00 -0.59368D-01 -0.42103D+01 -0.28637D-04  0.00000D+00  0.69690D-02
 0.24640D+00  0.11690D-28  0.77080D+00  0.76064D+00  0.12065D+01  0.80921D+00  0.22920D+00 -0.59396D-01 -0.42103D+01 -0.28053D-04  0.00000D+00  0.68268D-02
 0.24829D+00  0.11690D-28  0.77080D+00  0.76063D+00  0.12066D+01  0.80928D+00  0.22920D+00 -0.59424D-01 -0.42103D+01 -0.27490D-04  0.00000D+00  0.66900D-02
 0.25019D+00  0.11690D-28  0.77080D+00  0.76063D+00  0.12067D+01  0.80935D+00  0.22920D+00 -0.59450D-01 -0.42103D+01 -0.26950D-04  0.00000D+00  0.65585D-02
 0.25208D+00  0.11690D-28  0.77079D+00  0.76063D+00  0.12068D+01  0.80941D+00  0.22921D+00 -0.59475D-01 -0.42103D+01 -0.26429D-04  0.00000D+00  0.64319D-02
 0.25398D+00  0.11690D-28  0.77079D+00  0.76063D+00  0.12069D+01  0.80947D+00  0.22921D+00 -0.59499D-01 -0.42103D+01 -0.25929D-04  0.00000D+00  0.63101D-02
 0.25588D+00  0.11690D-28  0.77079D+00  0.76063D+00  0.12070D+01  0.80953D+00  0.22921D+00 -0.59522D-01 -0.42103D+01 -0.25447D-04  0.00000D+00  0.61929D-02
 0.25777D+00  0.11690D-28  0.77079D+00  0.76063D+00  0.12071D+01  0.80959D+00  0.22921D+00 -0.59544D-01 -0.42103D+01 -0.24984D-04  0.00000D+00  0.60801D-02
 0.25967D+00  0.11690D-28  0.77079D+00  0.76063D+00  0.12072D+01  0.80965D+00  0.22921D+00 -0.59565D-01 -0.42103D+01 -0.24537D-04  0.00000D+00  0.59715D-02
 0.26156D+00  0.11690D-28  0.77079D+00  0.76063D+00  0.12073D+01  0.80970D+00  0.22921D+00 -0.59585D-01 -0.42103D+01 -0.24108D-04  0.00000D+00  0.58670D-02
 0.26346D+00  0.11690D-28  0.77079D+00  0.76063D+00  0.12074D+01  0.80976D+00  0.22921D+00 -0.59605D-01 -0.42103D+01 -0.23694D-04  0.00000D+00  0.57663D-02
 0.26535D+00  0.11690D-28  0.77079D+00  0.76063D+00  0.12075D+01  0.80981D+00  0.22921D+00 -0.59623D-01 -0.42103D+01 -0.23296D-04  0.00000D+00  0.56694D-02
 0.26725D+00  0.11690D-28  0.77079D+00  0.76062D+00  0.12076D+01  0.80986D+00  0.22921D+00 -0.59641D-01 -0.42103D+01 -0.22912D-04  0.00000D+00  0.55760D-02
 0.26914D+00  0.11691D-28  0.77078D+00  0.76062D+00  0.12077D+01  0.80992D+00  0.22922D+00 -0.59658D-01 -0.42103D+01 -0.22543D-04  0.00000D+00  0.54862D-02
 0.27104D+00  0.11691D-28  0.77078D+00  0.76062D+00  0.12077D+01  0.80997D+00  0.22922D+00 -0.59674D-01 -0.42103D+01 -0.22187D-04  0.00000D+00  0.53996D-02
 0.27293D+00  0.11691D-28  0.77078D+00  0.76062D+00  0.12078D+01  0.81001D+00  0.22922D+00 -0.59689D-01 -0.42103D+01 -0.21845D-04  0.00000D+00  0.53163D-02
 0.27483D+00  0.11691D-28  0.77078D+00  0.76062D+00  0.12079D+01  0.81006D+00  0.22922D+00 -0.59704D-01 -0.42103D+01 -0.21515D-04  0.00000D+00  0.52360D-02
 0.27672D+00  0.11691D-28  0.77078D+00  0.76062D+00  0.12080D+01  0.81011D+00  0.22922D+00 -0.59718D-01 -0.42103D+01 -0.21197D-04  0.00000D+00  0.51586D-02
 0.27862D+00  0.11691D-28  0.77078D+00  0.76062D+00  0.12080D+01  0.81015D+00  0.22922D+00 -0.59732D-01 -0.42103D+01 -0.20891D-04  0.00000D+00  0.50842D-02
 0.28052D+00  0.11691D-28  0.77077D+00  0.76062D+00  0.12081D+01  0.81020D+00  0.22923D+00 -0.59744D-01 -0.42103D+01 -0.20596D-04  0.00000D+00  0.50124D-02
 0.28241D+00  0.11691D-28  0.77077D+00  0.76062D+00  0.12082D+01  0.81024D+00  0.22923D+00 -0.59757D-01 -0.42103D+01 -0.20312D-04  0.00000D+00  0.49433D-02
 0.28431D+00  0.11691D-28  0.77077D+00  0.76062D+00  0.12082D+01  0.81028D+00  0.22923D+00 -0.59768D-01 -0.42103D+01 -0.20039D-04  0.00000D+00  0.48768D-02
 0.28620D+00  0.11691D-28  0.77077D+00  0.76062D+00  0.12083D+01  0.81032D+00  0.22923D+00 -0.59779D-01 -0.42103D+01 -0.19776D-04  0.00000D+00  0.48128D-02
 0.28810D+00  0.11691D-28  0.77077D+00  0.76062D+00  0.12084D+01  0.81036D+00  0.22923D+00 -0.59790D-01 -0.42103D+01 -0.19522D-04  0.00000D+00  0.47511D-02
 0.28999D+00  0.11691D-28  0.77077D+00  0.76062D+00  0.12084D+01  0.81040D+00  0.22923D+00 -0.59800D-01 -0.42103D+01 -0.19278D-04  0.00000D+00  0.46917D-02
 0.29189D+00  0.11692D-28  0.77076D+00  0.76062D+00  0.12085D+01  0.81044D+00  0.22924D+00 -0.59809D-01 -0.42103D+01 -0.19044D-04  0.00000D+00  0.46346D-02
 0.29378D+00  0.11692D-28  0.77076D+00  0.76062D+00  0.12085D+01  0.81047D+00  0.22924D+00 -0.59819D-01 -0.42103D+01 -0.18818D-04  0.00000D+00  0.45795D-02
 0.29568D+00  0.11692D-28  0.77076D+00  0.76062D+00  0.12086D+01  0.81051D+00  0.22924D+00 -0.59827D-01 -0.42103D+01 -0.18600D-04  0.00000D+00  0.45266D-02
 0.29757D+00  0.11692D-28  0.77076D+00  0.76062D+00  0.12086D+01  0.81054D+00  0.22924D+00 -0.59835D-01 -0.42103D+01 -0.18391D-04  0.00000D+00  0.44757D-02
 0.29947D+00  0.11692D-28  0.77076D+00  0.76062D+00  0.12087D+01  0.81058D+00  0.22924D+00 -0.59843D-01 -0.42103D+01 -0.18189D-04  0.00000D+00  0.44267D-02
 0.30136D+00  0.11692D-28  0.77076D+00  0.76062D+00  0.12087D+01  0.81061D+00  0.22924D+00 -0.59850D-01 -0.42103D+01 -0.17996D-04  0.00000D+00  0.43796D-02
 0.30326D+00  0.11692D-28  0.77076D+00  0.76062D+00  0.12088D+01  0.81064D+00  0.22924D+00 -0.59857D-01 -0.42103D+01 -0.17810D-04  0.00000D+00  0.43343D-02
 0.30516D+00  0.11692D-28  0.77075D+00  0.76061D+00  0.12088D+01  0.81067D+00  0.22925D+00 -0.59864D-01 -0.42103D+01 -0.17631D-04  0.00000D+00  0.42907D-02
 0.30705D+00  0.11692D-28  0.77075D+00  0.76061D+00  0.12089D+01  0.81070D+00  0.22925D+00 -0.59870D-01 -0.42103D+01 -0.17459D-04  0.00000D+00  0.42489D-02
 0.30895D+00  0.11692D-28  0.77075D+00  0.76061D+00  0.12089D+01  0.81073D+00  0.22925D+00 -0.59876D-01 -0.42103D+01 -0.17294D-04  0.00000D+00  0.42087D-02
 0.31084D+00  0.11692D-28  0.77075D+00  0.76061D+00  0.12089D+01  0.81076D+00  0.22925D+00 -0.59881D-01 -0.42103D+01 -0.17136D-04  0.00000D+00  0.41702D-02
 0.31274D+00  0.11692D-28  0.77075D+00  0.76061D+00  0.12090D+01  0.81078D+00  0.22925D+00 -0.59887D-01 -0.42103D+01 -0.16984D-04  0.00000D+00  0.41332D-02
 0.31463D+00  0.11692D-28  0.77075D+00  0.76061D+00  0.12090D+01  0.81081D+00  0.22925D+00 -0.59891D-01 -0.42103D+01 -0.16838D-04  0.00000D+00  0.40977D-02
 0.31653D+00  0.11693D-28  0.77074D+00  0.76061D+00  0.12090D+01  0.81083D+00  0.22926D+00 -0.59896D-01 -0.42103D+01 -0.16698D-04  0.00000D+00  0.40637D-02
 0.31842D+00  0.11693D-28  0.77074D+00  0.76061D+00  0.12091D+01  0.81086D+00  0.22926D+00 -0.59900D-01 -0.42103D+01 -0.16564D-04  0.00000D+00  0.40311D-02
 0.32032D+00  0.11693D-28  0.77074D+00  0.76061D+00  0.12091D+01  0.81088D+00  0.22926D+00 -0.59904D-01 -0.42103D+01 -0.16436D-04  0.00000D+00  0.39999D-02
 0.32221D+00  0.11693D-28  0.77074D+00  0.76061D+00  0.12091D+01  0.81090D+00  0.22926D+00 -0.59908D-01 -0.42103D+01 -0.16313D-04  0.00000D+00  0.39701D-02
 0.32411D+00  0.11693D-28  0.77074D+00  0.76061D+00  0.12092D+01  0.81092D+00  0.22926D+00 -0.59912D-01 -0.42103D+01 -0.16196D-04  0.00000D+00  0.39416D-02
 0.32600D+00  0.11693D-28  0.77074D+00  0.76061D+00  0.12092D+01  0.81095D+00  0.22926D+00 -0.59915D-01 -0.42103D+01 -0.16084D-04  0.00000D+00  0.39143D-02
 0.32790D+00  0.11693D-28  0.77073D+00  0.76061D+00  0.12092D+01  0.81096D+00  0.22927D+00 -0.59918D-01 -0.42103D+01 -0.15978D-04  0.00000D+00  0.38883D-02
 0.32980D+00  0.11693D-28  0.77073D+00  0.76061D+00  0.12092D+01  0.81098D+00  0.22927D+00 -0.59921D-01 -0.42103D+01 -0.15876D-04  0.00000D+00  0.38636D-02
 0.33169D+00  0.11693D-28  0.77073D+00  0.76061D+00  0.12093D+01  0.81100D+00  0.22927D+00 -0.59923D-01 -0.42103D+01 -0.15779D-04  0.00000D+00  0.38400D-02
 0.33359D+00  0.11693D-28  0.77073D+00  0.76061D+00  0.12093D+01  0.81102D+00  0.22927D+00 -0.59926D-01 -0.42103D+01 -0.15687D-04  0.00000D+00  0.38176D-02
 0.33548D+00  0.11693D-28  0.77073D+00  0.76061D+00  0.12093D+01  0.81104D+00  0.22927D+00 -0.59928D-01 -0.42103D+01 -0.15600D-04  0.00000D+00  0.37963D-02
 0.33738D+00  0.11693D-28  0.77073D+00  0.76061D+00  0.12093D+01  0.81105D+00  0.22927D+00 -0.59930D-01 -0.42103D+01 -0.15517D-04  0.00000D+00  0.37762D-02
 0.33927D+00  0.11693D-28  0.77073D+00  0.76061D+00  0.12094D+01  0.81107D+00  0.22927D+00 -0.59932D-01 -0.42103D+01 -0.15438D-04  0.00000D+00  0.37571D-02
 0.34117D+00  0.11694D-28  0.77073D+00  0.76061D+00  0.12094D+01  0.81108D+00  0.22927D+00 -0.59933D-01 -0.42103D+01 -0.15364D-04  0.00000D+00  0.37391D-02
 0.34306D+00  0.11694D-28  0.77072D+00  0.76061D+00  0.12094D+01  0.81110D+00  0.22928D+00 -0.59935D-01 -0.42103D+01 -0.15295D-04  0.00000D+00  0.37221D-02
 0.34496D+00  0.11694D-28  0.77072D+00  0.76061D+00  0.12094D+01  0.81111D+00  0.22928D+00 -0.59936D-01 -0.42103D+01 -0.15229D-04  0.00000D+00  0.37061D-02
 0.34685D+00  0.11694D-28  0.77072D+00  0.76061D+00  0.12094D+01  0.81112D+00  0.22928D+00 -0.59938D-01 -0.42103D+01 -0.15167D-04  0.00000D+00  0.36911D-02
 0.34875D+00  0.11694D-28  0.77072D+00  0.76061D+00  0.12094D+01  0.81113D+00  0.22928D+00 -0.59939D-01 -0.42103D+01 -0.15110D-04  0.00000D+00  0.36771D-02
 0.35064D+00  0.11694D-28  0.77072D+00  0.76061D+00  0.12095D+01  0.81114D+00  0.22928D+00 -0.59940D-01 -0.42103D+01 -0.15056D-04  0.00000D+00  0.36641D-02
 0.35254D+00  0.11694D-28  0.77072D+00  0.76061D+00  0.12095D+01  0.81115D+00  0.22928D+00 -0.59941D-01 -0.42103D+01 -0.15007D-04  0.00000D+00  0.36520D-02
 0.35444D+00  0.11694D-28  0.77072D+00  0.76061D+00  0.12095D+01  0.81116D+00  0.22928D+00 -0.59941D-01 -0.42103D+01 -0.14961D-04  0.00000D+00  0.36408D-02
 0.35633D+00  0.11694D-28  0.77072D+00  0.76061D+00  0.12095D+01  0.81117D+00  0.22928D+00 -0.59942D-01 -0.42103D+01 -0.14918D-04  0.00000D+00  0.36305D-02
 0.35823D+00  0.11694D-28  0.77072D+00  0.76061D+00  0.12095D+01  0.81118D+00  0.22928D+00 -0.59943D-01 -0.42103D+01 -0.14880D-04  0.00000D+00  0.36211D-02
 0.36012D+00  0.11694D-28  0.77072D+00  0.76061D+00  0.12095D+01  0.81118D+00  0.22928D+00 -0.59943D-01 -0.42103D+01 -0.14845D-04  0.00000D+00  0.36126D-02
 0.36202D+00  0.11694D-28  0.77072D+00  0.76061D+00  0.12095D+01  0.81119D+00  0.22928D+00 -0.59943D-01 -0.42103D+01 -0.14813D-04  0.00000D+00  0.36049D-02
 0.36391D+00  0.11694D-28  0.77072D+00  0.76061D+00  0.12095D+01  0.81120D+00  0.22928D+00 -0.59944D-01 -0.42103D+01 -0.14785D-04  0.00000D+00  0.35982D-02
 0.36581D+00  0.11694D-28  0.77072D+00  0.76061D+00  0.12095D+01  0.81120D+00  0.22928D+00 -0.59944D-01 -0.42103D+01 -0.14761D-04  0.00000D+00  0.35922D-02
 0.36770D+00  0.11694D-28  0.77072D+00  0.76061D+00  0.12095D+01  0.81121D+00  0.22928D+00 -0.59944D-01 -0.42103D+01 -0.14740D-04  0.00000D+00  0.35871D-02
 0.36960D+00  0.11694D-28  0.77072D+00  0.76061D+00  0.12095D+01  0.81121D+00  0.22928D+00 -0.59944D-01 -0.42103D+01 -0.14722D-04  0.00000D+00  0.35827D-02
 0.37149D+00  0.11694D-28  0.77072D+00  0.76061D+00  0.12095D+01  0.81121D+00  0.22928D+00 -0.59945D-01 -0.42103D+01 -0.14708D-04  0.00000D+00  0.35792D-02
 0.37339D+00  0.11694D-28  0.77072D+00  0.76061D+00  0.12096D+01  0.81122D+00  0.22928D+00 -0.59945D-01 -0.42103D+01 -0.14696D-04  0.00000D+00  0.35765D-02
 0.37528D+00  0.11694D-28  0.77072D+00  0.76061D+00  0.12096D+01  0.81122D+00  0.22928D+00 -0.59945D-01 -0.42103D+01 -0.14688D-04  0.00000D+00  0.35746D-02
 0.37718D+00  0.11694D-28  0.77072D+00  0.76061D+00  0.12096D+01  0.81122D+00  0.22928D+00 -0.59945D-01 -0.42103D+01 -0.14684D-04  0.00000D+00  0.35734D-02
 0.37908D+00  0.11694D-28  0.77072D+00  0.76061D+00  0.12096D+01  0.81122D+00  0.22928D+00 -0.59945D-01 -0.42103D+01 -0.14682D-04  0.00000D+00  0.35730D-02
