# x AR CA ca co phi u v
0.00000e+00 6.00000e-01 3.00000e-01 4.99135e-01 4.99135e-01 8.00000e-01 1.00000e+00 -4.28317e+00
1.90490e-03 6.07301e-01 2.91483e-01 5.31134e-01 5.23002e-01 8.02431e-01 1.07623e+00 -4.28593e+00
3.80980e-03 6.07003e-01 2.91830e-01 5.54965e-01 5.42929e-01 8.02300e-01 1.07210e+00 -4.28579e+00
5.71470e-03 6.06740e-01 2.92136e-01 5.72434e-01 5.59823e-01 8.02217e-01 1.06947e+00 -4.28570e+00
7.61960e-03 6.06557e-01 2.92351e-01 5.84997e-01 5.74421e-01 8.02159e-01 1.06763e+00 -4.28563e+00
9.52450e-03 6.06426e-01 2.92503e-01 5.93914e-01 5.87405e-01 8.02117e-01 1.06631e+00 -4.28558e+00
1.14294e-02 6.06328e-01 2.92617e-01 6.00279e-01 5.99420e-01 8.02086e-01 1.06533e+00 -4.28555e+00
1.33343e-02 6.06249e-01 2.92709e-01 6.05070e-01 6.11081e-01 8.02061e-01 1.06452e+00 -4.28552e+00
1.52392e-02 6.06177e-01 2.92794e-01 6.09197e-01 6.22983e-01 8.02037e-01 1.06377e+00 -4.28549e+00
1.71441e-02 6.06100e-01 2.92884e-01 6.13571e-01 6.35703e-01 8.02011e-01 1.06297e+00 -4.28547e+00
1.90490e-02 6.06007e-01 2.92992e-01 6.19153e-01 6.49798e-01 8.01980e-01 1.06198e+00 -4.28543e+00
2.09539e-02 6.05884e-01 2.93135e-01 6.27017e-01 6.65807e-01 8.01939e-01 1.06069e+00 -4.28539e+00
2.28588e-02 6.05718e-01 2.93329e-01 6.38366e-01 6.84236e-01 8.01883e-01 1.05891e+00 -4.28532e+00
2.47637e-02 6.05488e-01 2.93597e-01 6.54537e-01 7.05559e-01 8.01805e-01 1.05645e+00 -4.28523e+00
2.66686e-02 6.05172e-01 2.93966e-01 6.76950e-01 7.30201e-01 8.01697e-01 1.05307e+00 -4.28511e+00
2.85735e-02 6.04744e-01 2.94465e-01 7.07006e-01 7.58524e-01 8.01551e-01 1.04848e+00 -4.28495e+00
3.04784e-02 6.04182e-01 2.95121e-01 7.45941e-01 7.90807e-01 8.01359e-01 1.04244e+00 -4.28473e+00
3.23833e-02 6.03472e-01 2.95950e-01 7.94618e-01 8.27207e-01 8.01125e-01 1.03510e+00 -4.28447e+00
3.42882e-02 6.02621e-01 2.96940e-01 8.53294e-01 8.67708e-01 8.01007e-01 1.03142e+00 -4.28433e+00
3.61931e-02 6.02318e-01 2.97552e-01 9.21191e-01 9.11934e-01 8.02976e-01 1.09350e+00 -4.28653e+00
3.80980e-02 5.55402e-01 3.33066e-01 9.94771e-01 9.58131e-01 8.20658e-01 1.69325e+00 -4.30168e+00
4.00029e-02 5.64467e-01 3.26389e-01 1.04265e+00 9.91589e-01 8.16466e-01 1.54393e+00 -4.29890e+00
4.19078e-02 5.69766e-01 3.22451e-01 1.07432e+00 1.01724e+00 8.14308e-01 1.46884e+00 -4.29726e+00
4.38127e-02 5.72580e-01 3.20356e-01 1.09469e+00 1.03730e+00 8.13139e-01 1.42869e+00 -4.29631e+00
4.57176e-02 5.74119e-01 3.19212e-01 1.10725e+00 1.05323e+00 8.12486e-01 1.40639e+00 -4.29577e+00
4.76225e-02 5.74987e-01 3.18568e-01 1.11450e+00 1.06603e+00 8.12110e-01 1.39361e+00 -4.29545e+00
4.95274e-02 5.75490e-01 3.18196e-01 1.11823e+00 1.07636e+00 8.11888e-01 1.38607e+00 -4.29526e+00
5.14323e-02 5.75790e-01 3.17976e-01 1.11973e+00 1.08471e+00 8.11754e-01 1.38152e+00 -4.29515e+00
5.33372e-02 5.75972e-01 3.17843e-01 1.11990e+00 1.09144e+00 8.11671e-01 1.37871e+00 -4.29507e+00
5.52421e-02 5.76085e-01 3.17760e-01 1.11936e+00 1.09683e+00 8.11619e-01 1.37695e+00 -4.29503e+00
5.71470e-02 5.76156e-01 3.17708e-01 1.11852e+00 1.10111e+00 8.11586e-01 1.37582e+00 -4.29500e+00
5.90519e-02 5.76202e-01 3.17675e-01 1.11762e+00 1.10446e+00 8.11564e-01 1.37509e+00 -4.29498e+00
6.09568e-02 5.76232e-01 3.17653e-01 1.11680e+00 1.10705e+00 8.11550e-01 1.37461e+00 -4.29497e+00
6.28617e-02 5.76251e-01 3.17639e-01 1.11610e+00 1.10902e+00 8.11541e-01 1.37429e+00 -4.29496e+00
6.47666e-02 5.76264e-01 3.17630e-01 1.11556e+00 1.11049e+00 8.11534e-01 1.37408e+00 -4.29495e+00
6.66715e-02 5.76272e-01 3.17624e-01 1.11515e+00 1.11157e+00 8.11530e-01 1.37394e+00 -4.29495e+00
6.85764e-02 5.76278e-01 3.17620e-01 1.11486e+00 1.11233e+00 8.11528e-01 1.37385e+00 -4.29495e+00
7.04813e-02 5.76281e-01 3.17618e-01 1.11467e+00 1.11285e+00 8.11526e-01 1.37380e+00 -4.29495e+00
7.23862e-02 5.76283e-01 3.17616e-01 1.11455e+00 1.11316e+00 8.11525e-01 1.37377e+00 -4.29495e+00
7.42911e-02 5.76284e-01 3.17616e-01 1.11450e+00 1.11330e+00 8.11525e-01 1.37375e+00 -4.29495e+00
7.61960e-02 5.76284e-01 3.17616e-01 1.11451e+00 1.11327e+00 8.11525e-01 1.37375e+00 -4.29495e+00
7.81009e-02 5.76283e-01 3.17617e-01 1.11458e+00 1.11309e+00 8.11525e-01 1.37377e+00 -4.29495e+00
8.00058e-02 5.76281e-01 3.17618e-01 1.11471e+00 1.11273e+00 8.11526e-01 1.37381e+00 -4.29495e+00
8.19107e-02 5.76277e-01 3.17621e-01 1.11493e+00 1.11216e+00 8.11528e-01 1.37388e+00 -4.29495e+00
8.38156e-02 5.76271e-01 3.17625e-01 1.11525e+00 1.11132e+00 8.11531e-01 1.37398e+00 -4.29495e+00
8.57205e-02 5.76262e-01 3.17631e-01 1.11569e+00 1.11016e+00 8.11536e-01 1.37414e+00 -4.29496e+00
8.76254e-02 5.76249e-01 3.17641e-01 1.11628e+00 1.10857e+00 8.11543e-01 1.37437e+00 -4.29496e+00
8.95303e-02 5.76228e-01 3.17656e-01 1.11701e+00 1.10647e+00 8.11554e-01 1.37473e+00 -4.29497e+00
9.14352e-02 5.76197e-01 3.17679e-01 1.11786e+00 1.10373e+00 8.11570e-01 1.37527e+00 -4.29499e+00
9.33401e-02 5.76149e-01 3.17714e-01 1.11875e+00 1.10021e+00 8.11594e-01 1.37610e+00 -4.29501e+00
9.52450e-02 5.76074e-01 3.17768e-01 1.11954e+00 1.09575e+00 8.11632e-01 1.37738e+00 -4.29504e+00
9.71499e-02 5.75956e-01 3.17854e-01 1.11995e+00 1.09016e+00 8.11691e-01 1.37939e+00 -4.29509e+00
9.90548e-02 5.75767e-01 3.17993e-01 1.11954e+00 1.08320e+00 8.11786e-01 1.38260e+00 -4.29517e+00
1.00960e-01 5.75458e-01 3.18220e-01 1.11767e+00 1.07461e+00 8.11941e-01 1.38785e+00 -4.29531e+00
1.02865e-01 5.74941e-01 3.18602e-01 1.11338e+00 1.06403e+00 8.12199e-01 1.39660e+00 -4.29553e+00
1.04769e-01 5.74055e-01 3.19259e-01 1.10538e+00 1.05097e+00 8.12639e-01 1.41158e+00 -4.29590e+00
1.06674e-01 5.72497e-01 3.20418e-01 1.09184e+00 1.03476e+00 8.13409e-01 1.43794e+00 -4.29654e+00
1.08579e-01 5.69682e-01 3.22515e-01 1.07030e+00 1.01439e+00 8.14792e-01 1.48560e+00 -4.29764e+00
1.10484e-01 5.64455e-01 3.26403e-01 1.03729e+00 9.88375e-01 8.17167e-01 1.56860e+00 -4.29940e+00
1.12389e-01 5.53147e-01 3.34770e-01 9.87831e-01 9.54356e-01 8.18920e-01 1.63079e+00 -4.30059e+00
1.14294e-01 6.01087e-01 2.98477e-01 9.11858e-01 9.07014e-01 8.00526e-01 1.01638e+00 -4.28378e+00
1.16199e-01 6.02647e-01 2.96910e-01 8.43046e-01 8.62218e-01 8.00916e-01 1.02858e+00 -4.28423e+00
1.18104e-01 6.03516e-01 2.95898e-01 7.84733e-01 8.21746e-01 8.01192e-01 1.03720e+00 -4.28454e+00
1.20009e-01 6.04232e-01 2.95063e-01 7.37103e-01 7.85760e-01 8.01419e-01 1.04434e+00 -4.28480e+00
1.21914e-01 6.04791e-01 2.94411e-01 6.99573e-01 7.54227e-01 8.01597e-01 1.04993e+00 -4.28500e+00
1.23818e-01 6.05210e-01 2.93921e-01 6.71039e-01 7.26972e-01 8.01730e-01 1.05412e+00 -4.28515e+00
1.25723e-01 6.05516e-01 2.93565e-01 6.50111e-01 7.03725e-01 8.01828e-01 1.05718e+00 -4.28526e+00
1.27628e-01 6.05734e-01 2.93311e-01 6.35321e-01 6.84162e-01 8.01897e-01 1.05937e+00 -4.28534e+00
1.29533e-01 6.05887e-01 2.93132e-01 6.25265e-01 6.67921e-01 8.01946e-01 1.06090e+00 -4.28539e+00
1.31438e-01 6.05993e-01 2.93008e-01 6.18705e-01 6.54629e-01 8.01980e-01 1.06197e+00 -4.28543e+00
1.33343e-01 6.06066e-01 2.92923e-01 6.14615e-01 6.43907e-01 8.02003e-01 1.06271e+00 -4.28546e+00
1.35248e-01 6.06116e-01 2.92865e-01 6.12194e-01 6.35389e-01 8.02019e-01 1.06321e+00 -4.28547e+00
1.37153e-01 6.06150e-01 2.92825e-01 6.10846e-01 6.28725e-01 8.02030e-01 1.06355e+00 -4.28549e+00
1.39058e-01 6.06173e-01 2.92798e-01 6.10154e-01 6.23595e-01 8.02037e-01 1.06379e+00 -4.28550e+00
1.40963e-01 6.06188e-01 2.92780e-01 6.09839e-01 6.19710e-01 8.02042e-01 1.06394e+00 -4.28550e+00
1.42867e-01 6.06198e-01 2.92769e-01 6.09726e-01 6.16816e-01 8.02045e-01 1.06404e+00 -4.28550e+00
1.44772e-01 6.06205e-01 2.92761e-01 6.09710e-01 6.14696e-01 8.02048e-01 1.06411e+00 -4.28551e+00
1.46677e-01 6.06209e-01 2.92756e-01 6.09734e-01 6.13170e-01 8.02049e-01 1.06416e+00 -4.28551e+00
1.48582e-01 6.06212e-01 2.92752e-01 6.09768e-01 6.12091e-01 8.02050e-01 1.06418e+00 -4.28551e+00
1.50487e-01 6.06214e-01 2.92750e-01 6.09800e-01 6.11340e-01 8.02050e-01 1.06420e+00 -4.28551e+00
1.52392e-01 6.06215e-01 2.92749e-01 6.09825e-01 6.10828e-01 8.02051e-01 1.06421e+00 -4.28551e+00
1.54297e-01 6.06216e-01 2.92748e-01 6.09843e-01 6.10484e-01 8.02051e-01 1.06422e+00 -4.28551e+00
1.56202e-01 6.06216e-01 2.92748e-01 6.09855e-01 6.10257e-01 8.02051e-01 1.06423e+00 -4.28551e+00
1.58107e-01 6.06217e-01 2.92747e-01 6.09863e-01 6.10111e-01 8.02051e-01 1.06423e+00 -4.28551e+00
1.60012e-01 6.06217e-01 2.92747e-01 6.09868e-01 6.10018e-01 8.02051e-01 1.06423e+00 -4.28551e+00
1.61916e-01 6.06217e-01 2.92747e-01 6.09871e-01 6.09960e-01 8.02051e-01 1.06423e+00 -4.28551e+00
1.63821e-01 6.06217e-01 2.92747e-01 6.09872e-01 6.09924e-01 8.02051e-01 1.06423e+00 -4.28551e+00
1.65726e-01 6.06217e-01 2.92747e-01 6.09873e-01 6.09903e-01 8.02051e-01 1.06423e+00 -4.28551e+00
1.67631e-01 6.06217e-01 2.92747e-01 6.09874e-01 6.09891e-01 8.02051e-01 1.06423e+00 -4.28551e+00
1.69536e-01 6.06217e-01 2.92747e-01 6.09874e-01 6.09883e-01 8.02051e-01 1.06423e+00 -4.28551e+00
1.71441e-01 6.06217e-01 2.92747e-01 6.09874e-01 6.09879e-01 8.02051e-01 1.06423e+00 -4.28551e+00
1.73346e-01 6.06217e-01 2.92747e-01 6.09874e-01 6.09877e-01 8.02051e-01 1.06423e+00 -4.28551e+00
1.75251e-01 6.06217e-01 2.92747e-01 6.09874e-01 6.09876e-01 8.02051e-01 1.06423e+00 -4.28551e+00
1.77156e-01 6.06217e-01 2.92747e-01 6.09874e-01 6.09875e-01 8.02051e-01 1.06423e+00 -4.28551e+00
1.79061e-01 6.06217e-01 2.92747e-01 6.09874e-01 6.09875e-01 8.02051e-01 1.06423e+00 -4.28551e+00
1.80965e-01 6.06217e-01 2.92747e-01 6.09875e-01 6.09875e-01 8.02051e-01 1.06423e+00 -4.28551e+00
1.82870e-01 6.06217e-01 2.92747e-01 6.09875e-01 6.09875e-01 8.02051e-01 1.06423e+00 -4.28551e+00
1.84775e-01 6.06217e-01 2.92747e-01 6.09875e-01 6.09875e-01 8.02051e-01 1.06423e+00 -4.28551e+00
1.86680e-01 6.06217e-01 2.92747e-01 6.09875e-01 6.09875e-01 8.02051e-01 1.06423e+00 -4.28551e+00
1.88585e-01 6.06217e-01 2.92747e-01 6.09875e-01 6.09875e-01 8.02051e-01 1.06423e+00 -4.28551e+00
1.90490e-01 6.06217e-01 2.92747e-01 6.09875e-01 6.09875e-01 8.02051e-01 1.06423e+00 -4.28551e+00
1.92395e-01 6.06217e-01 2.92747e-01 6.09875e-01 6.09875e-01 8.02051e-01 1.06423e+00 -4.28551e+00
1.94300e-01 6.06217e-01 2.92747e-01 6.09875e-01 6.09875e-01 8.02051e-01 1.06423e+00 -4.28551e+00
1.96205e-01 6.06217e-01 2.92747e-01 6.09875e-01 6.09875e-01 8.02051e-01 1.06423e+00 -4.28551e+00
1.98110e-01 6.06217e-01 2.92747e-01 6.09875e-01 6.09875e-01 8.02051e-01 1.06423e+00 -4.28551e+00
2.00014e-01 6.06217e-01 2.92747e-01 6.09875e-01 6.09875e-01 8.02051e-01 1.06423e+00 -4.28551e+00
2.01919e-01 6.06217e-01 2.92747e-01 6.09875e-01 6.09875e-01 8.02051e-01 1.06423e+00 -4.28551e+00
2.03824e-01 6.06217e-01 2.92747e-01 6.09875e-01 6.09875e-01 8.02051e-01 1.06423e+00 -4.28551e+00
2.05729e-01 6.06217e-01 2.92747e-01 6.09875e-01 6.09875e-01 8.02051e-01 1.06423e+00 -4.28551e+00
2.07634e-01 6.06217e-01 2.92747e-01 6.09875e-01 6.09875e-01 8.02051e-01 1.06423e+00 -4.28551e+00
2.09539e-01 6.06217e-01 2.92747e-01 6.09875e-01 6.09875e-01 8.02051e-01 1.06423e+00 -4.28551e+00
2.11444e-01 6.06217e-01 2.92747e-01 6.09875e-01 6.09875e-01 8.02051e-01 1.06423e+00 -4.28551e+00
2.13349e-01 6.06217e-01 2.92747e-01 6.09875e-01 6.09875e-01 8.02051e-01 1.06423e+00 -4.28551e+00
2.15254e-01 6.06217e-01 2.92747e-01 6.09875e-01 6.09875e-01 8.02051e-01 1.06423e+00 -4.28551e+00
2.17159e-01 6.06217e-01 2.92747e-01 6.09875e-01 6.09875e-01 8.02051e-01 1.06423e+00 -4.28551e+00
2.19063e-01 6.06217e-01 2.92747e-01 6.09875e-01 6.09875e-01 8.02051e-01 1.06423e+00 -4.28551e+00
2.20968e-01 6.06217e-01 2.92747e-01 6.09875e-01 6.09875e-01 8.02051e-01 1.06423e+00 -4.28551e+00
2.22873e-01 6.06217e-01 2.92747e-01 6.09875e-01 6.09875e-01 8.02051e-01 1.06423e+00 -4.28551e+00
2.24778e-01 6.06217e-01 2.92747e-01 6.09875e-01 6.09875e-01 8.02051e-01 1.06423e+00 -4.28551e+00
2.26683e-01 6.06217e-01 2.92747e-01 6.09875e-01 6.09875e-01 8.02051e-01 1.06423e+00 -4.28551e+00
2.28588e-01 6.06217e-01 2.92747e-01 6.09875e-01 6.09875e-01 8.02051e-01 1.06423e+00 -4.28551e+00
2.30493e-01 6.06217e-01 2.92747e-01 6.09875e-01 6.09875e-01 8.02051e-01 1.06423e+00 -4.28551e+00
2.32398e-01 6.06217e-01 2.92747e-01 6.09875e-01 6.09875e-01 8.02051e-01 1.06423e+00 -4.28551e+00
2.34303e-01 6.06217e-01 2.92747e-01 6.09875e-01 6.09875e-01 8.02051e-01 1.06423e+00 -4.28551e+00
2.36208e-01 6.06217e-01 2.92747e-01 6.09875e-01 6.09875e-01 8.02051e-01 1.06423e+00 -4.28551e+00
2.38112e-01 6.06217e-01 2.92747e-01 6.09875e-01 6.09875e-01 8.02051e-01 1.06423e+00 -4.28551e+00
2.40017e-01 6.06217e-01 2.92747e-01 6.09875e-01 6.09875e-01 8.02051e-01 1.06423e+00 -4.28551e+00
2.41922e-01 6.06217e-01 2.92747e-01 6.09875e-01 6.09875e-01 8.02051e-01 1.06423e+00 -4.28551e+00
2.43827e-01 6.06217e-01 2.92747e-01 6.09875e-01 6.09875e-01 8.02051e-01 1.06423e+00 -4.28551e+00
2.45732e-01 6.06217e-01 2.92747e-01 6.09875e-01 6.09875e-01 8.02051e-01 1.06423e+00 -4.28551e+00
2.47637e-01 6.06217e-01 2.92747e-01 6.09875e-01 6.09875e-01 8.02051e-01 1.06423e+00 -4.28551e+00
2.49542e-01 6.06217e-01 2.92747e-01 6.09875e-01 6.09875e-01 8.02051e-01 1.06423e+00 -4.28551e+00
2.51447e-01 6.06217e-01 2.92747e-01 6.09875e-01 6.09875e-01 8.02051e-01 1.06423e+00 -4.28551e+00
2.53352e-01 6.06217e-01 2.92747e-01 6.09875e-01 6.09875e-01 8.02051e-01 1.06423e+00 -4.28551e+00
2.55257e-01 6.06217e-01 2.92747e-01 6.09875e-01 6.09875e-01 8.02051e-01 1.06423e+00 -4.28551e+00
2.57161e-01 6.06217e-01 2.92747e-01 6.09875e-01 6.09875e-01 8.02051e-01 1.06423e+00 -4.28551e+00
2.59066e-01 6.06217e-01 2.92747e-01 6.09875e-01 6.09875e-01 8.02051e-01 1.06423e+00 -4.28551e+00
2.60971e-01 6.06217e-01 2.92747e-01 6.09875e-01 6.09875e-01 8.02051e-01 1.06423e+00 -4.28551e+00
2.62876e-01 6.06217e-01 2.92747e-01 6.09875e-01 6.09875e-01 8.02051e-01 1.06423e+00 -4.28551e+00
2.64781e-01 6.06217e-01 2.92747e-01 6.09875e-01 6.09875e-01 8.02051e-01 1.06423e+00 -4.28551e+00
2.66686e-01 6.06217e-01 2.92747e-01 6.09875e-01 6.09875e-01 8.02051e-01 1.06423e+00 -4.28551e+00
2.68591e-01 6.06217e-01 2.92747e-01 6.09875e-01 6.09875e-01 8.02051e-01 1.06423e+00 -4.28551e+00
2.70496e-01 6.06217e-01 2.92747e-01 6.09875e-01 6.09875e-01 8.02051e-01 1.06423e+00 -4.28551e+00
2.72401e-01 6.06217e-01 2.92747e-01 6.09875e-01 6.09875e-01 8.02051e-01 1.06423e+00 -4.28551e+00
2.74306e-01 6.06217e-01 2.92747e-01 6.09875e-01 6.09875e-01 8.02051e-01 1.06423e+00 -4.28551e+00
2.76210e-01 6.06217e-01 2.92747e-01 6.09875e-01 6.09875e-01 8.02051e-01 1.06423e+00 -4.28551e+00
2.78115e-01 6.06217e-01 2.92747e-01 6.09875e-01 6.09875e-01 8.02051e-01 1.06423e+00 -4.28551e+00
2.80020e-01 6.06217e-01 2.92747e-01 6.09875e-01 6.09875e-01 8.02051e-01 1.06423e+00 -4.28551e+00
2.81925e-01 6.06217e-01 2.92747e-01 6.09875e-01 6.09875e-01 8.02051e-01 1.06423e+00 -4.28551e+00
2.83830e-01 6.06217e-01 2.92747e-01 6.09875e-01 6.09875e-01 8.02051e-01 1.06423e+00 -4.28551e+00
2.85735e-01 6.06217e-01 2.92747e-01 6.09875e-01 6.09875e-01 8.02051e-01 1.06423e+00 -4.28551e+00
2.87640e-01 6.06217e-01 2.92747e-01 6.09875e-01 6.09875e-01 8.02051e-01 1.06423e+00 -4.28551e+00
2.89545e-01 6.06217e-01 2.92747e-01 6.09875e-01 6.09875e-01 8.02051e-01 1.06423e+00 -4.28551e+00
2.91450e-01 6.06217e-01 2.92747e-01 6.09875e-01 6.09875e-01 8.02051e-01 1.06423e+00 -4.28551e+00
2.93355e-01 6.06217e-01 2.92747e-01 6.09875e-01 6.09875e-01 8.02051e-01 1.06423e+00 -4.28551e+00
2.95259e-01 6.06217e-01 2.92747e-01 6.09875e-01 6.09875e-01 8.02051e-01 1.06423e+00 -4.28551e+00
2.97164e-01 6.06217e-01 2.92747e-01 6.09875e-01 6.09875e-01 8.02051e-01 1.06423e+00 -4.28551e+00
2.99069e-01 6.06217e-01 2.92747e-01 6.09875e-01 6.09875e-01 8.02051e-01 1.06423e+00 -4.28551e+00
3.00974e-01 6.06217e-01 2.92747e-01 6.09875e-01 6.09875e-01 8.02051e-01 1.06423e+00 -4.28551e+00
3.02879e-01 6.06217e-01 2.92747e-01 6.09875e-01 6.09875e-01 8.02051e-01 1.06423e+00 -4.28551e+00
3.04784e-01 6.06217e-01 2.92747e-01 6.09875e-01 6.09875e-01 8.02051e-01 1.06423e+00 -4.28551e+00
3.06689e-01 6.06217e-01 2.92747e-01 6.09875e-01 6.09875e-01 8.02051e-01 1.06423e+00 -4.28551e+00
3.08594e-01 6.06217e-01 2.92747e-01 6.09875e-01 6.09875e-01 8.02051e-01 1.06423e+00 -4.28551e+00
3.10499e-01 6.06217e-01 2.92747e-01 6.09875e-01 6.09875e-01 8.02051e-01 1.06423e+00 -4.28551e+00
3.12404e-01 6.06217e-01 2.92747e-01 6.09875e-01 6.09875e-01 8.02051e-01 1.06423e+00 -4.28551e+00
3.14308e-01 6.06217e-01 2.92747e-01 6.09875e-01 6.09875e-01 8.02051e-01 1.06423e+00 -4.28551e+00
3.16213e-01 6.06217e-01 2.92747e-01 6.09875e-01 6.09875e-01 8.02051e-01 1.06423e+00 -4.28551e+00
3.18118e-01 6.06217e-01 2.92747e-01 6.09875e-01 6.09875e-01 8.02051e-01 1.06423e+00 -4.28551e+00
3.20023e-01 6.06217e-01 2.92747e-01 6.09875e-01 6.09875e-01 8.02051e-01 1.06423e+00 -4.28551e+00
3.21928e-01 6.06217e-01 2.92747e-01 6.09875e-01 6.09875e-01 8.02051e-01 1.06423e+00 -4.28551e+00
3.23833e-01 6.06217e-01 2.92747e-01 6.09875e-01 6.09875e-01 8.02051e-01 1.06423e+00 -4.28551e+00
3.25738e-01 6.06217e-01 2.92747e-01 6.09875e-01 6.09875e-01 8.02051e-01 1.06423e+00 -4.28551e+00
3.27643e-01 6.06217e-01 2.92747e-01 6.09875e-01 6.09875e-01 8.02051e-01 1.06423e+00 -4.28551e+00
3.29548e-01 6.06217e-01 2.92747e-01 6.09875e-01 6.09875e-01 8.02051e-01 1.06423e+00 -4.28551e+00
3.31453e-01 6.06217e-01 2.92747e-01 6.09875e-01 6.09875e-01 8.02051e-01 1.06423e+00 -4.28551e+00
3.33357e-01 6.06217e-01 2.92747e-01 6.09875e-01 6.09875e-01 8.02051e-01 1.06423e+00 -4.28551e+00
3.35262e-01 6.06217e-01 2.92747e-01 6.09875e-01 6.09875e-01 8.02051e-01 1.06423e+00 -4.28551e+00
3.37167e-01 6.06217e-01 2.92747e-01 6.09875e-01 6.09875e-01 8.02051e-01 1.06423e+00 -4.28551e+00
3.39072e-01 6.06217e-01 2.92747e-01 6.09875e-01 6.09875e-01 8.02051e-01 1.06423e+00 -4.28551e+00
3.40977e-01 6.06217e-01 2.92747e-01 6.09875e-01 6.09875e-01 8.02051e-01 1.06423e+00 -4.28551e+00
3.42882e-01 6.06217e-01 2.92747e-01 6.09875e-01 6.09875e-01 8.02051e-01 1.06423e+00 -4.28551e+00
3.44787e-01 6.06217e-01 2.92747e-01 6.09875e-01 6.09875e-01 8.02051e-01 1.06423e+00 -4.28551e+00
3.46692e-01 6.06217e-01 2.92747e-01 6.09875e-01 6.09875e-01 8.02051e-01 1.06423e+00 -4.28551e+00
3.48597e-01 6.06217e-01 2.92747e-01 6.09875e-01 6.09875e-01 8.02051e-01 1.06423e+00 -4.28551e+00
3.50502e-01 6.06217e-01 2.92747e-01 6.09875e-01 6.09875e-01 8.02051e-01 1.06423e+00 -4.28551e+00
3.52406e-01 6.06217e-01 2.92747e-01 6.09875e-01 6.09875e-01 8.02051e-01 1.06423e+00 -4.28551e+00
3.54311e-01 6.06217e-01 2.92747e-01 6.09875e-01 6.09875e-01 8.02051e-01 1.06423e+00 -4.28551e+00
3.56216e-01 6.06217e-01 2.92747e-01 6.09875e-01 6.09875e-01 8.02051e-01 1.06423e+00 -4.28551e+00
3.58121e-01 6.06217e-01 2.92747e-01 6.09875e-01 6.09875e-01 8.02051e-01 1.06423e+00 -4.28551e+00
3.60026e-01 6.06217e-01 2.92747e-01 6.09875e-01 6.09875e-01 8.02051e-01 1.06423e+00 -4.28551e+00
3.61931e-01 6.06217e-01 2.92747e-01 6.09875e-01 6.09875e-01 8.02051e-01 1.06423e+00 -4.28551e+00
3.63836e-01 6.06217e-01 2.92747e-01 6.09875e-01 6.09875e-01 8.02051e-01 1.06423e+00 -4.28551e+00
3.65741e-01 6.06217e-01 2.92747e-01 6.09875e-01 6.09875e-01 8.02051e-01 1.06423e+00 -4.28551e+00
3.67646e-01 6.06217e-01 2.92747e-01 6.09875e-01 6.09875e-01 8.02051e-01 1.06423e+00 -4.28551e+00
3.69551e-01 6.06217e-01 2.92747e-01 6.09875e-01 6.09875e-01 8.02051e-01 1.06423e+00 -4.28551e+00
3.71455e-01 6.06217e-01 2.92747e-01 6.09875e-01 6.09875e-01 8.02051e-01 1.06423e+00 -4.28551e+00
3.73360e-01 6.06217e-01 2.92747e-01 6.09875e-01 6.09875e-01 8.02051e-01 1.06423e+00 -4.28551e+00
3.75265e-01 6.06217e-01 2.92747e-01 6.09875e-01 6.09875e-01 8.02051e-01 1.06423e+00 -4.28551e+00
3.77170e-01 6.06217e-01 2.92747e-01 6.09875e-01 6.09875e-01 8.02051e-01 1.06423e+00 -4.28551e+00
3.79075e-01 6.06217e-01 2.92747e-01 6.09875e-01 6.09875e-01 8.02051e-01 1.06423e+00 -4.28551e+00
