# x AR CA ca co phi u v
0.00000e+00 6.00000e-01 3.00000e-01 4.99135e-01 4.99135e-01 8.00000e-01 1.00000e+00 -4.28317e+00
1.00000e-06 6.00106e-01 2.99876e-01 5.01055e-01 5.01055e-01 8.00035e-01 1.00110e+00 -4.28321e+00
2.00000e-06 6.00212e-01 2.99753e-01 5.02960e-01 5.02960e-01 8.00071e-01 1.00220e+00 -4.28325e+00
3.00000e-06 6.00317e-01 2.99630e-01 5.04850e-01 5.04850e-01 8.00106e-01 1.00328e+00 -4.28329e+00
4.00000e-06 6.00421e-01 2.99509e-01 5.06726e-01 5.06726e-01 8.00140e-01 1.00436e+00 -4.28333e+00
5.00000e-06 6.00524e-01 2.99388e-01 5.08586e-01 5.08586e-01 8.00175e-01 1.00543e+00 -4.28337e+00
6.00000e-06 6.00627e-01 2.99269e-01 5.10433e-01 5.10433e-01 8.00209e-01 1.00649e+00 -4.28341e+00
7.00000e-06 6.00729e-01 2.99150e-01 5.12265e-01 5.12265e-01 8.00243e-01 1.00755e+00 -4.28345e+00
8.00000e-06 6.00830e-01 2.99032e-01 5.14083e-01 5.14083e-01 8.00276e-01 1.00860e+00 -4.28349e+00
9.00000e-06 6.00930e-01 2.98915e-01 5.15887e-01 5.15887e-01 8.00310e-01 1.00963e+00 -4.28353e+00
1.00000e-05 6.01030e-01 2.98799e-01 5.17677e-01 5.17677e-01 8.00343e-01 1.01067e+00 -4.28357e+00
1.10000e-05 6.01129e-01 2.98683e-01 5.19454e-01 5.19454e-01 8.00376e-01 1.01169e+00 -4.28361e+00
1.20000e-05 6.01227e-01 2.98569e-01 5.21217e-01 5.21217e-01 8.00408e-01 1.01270e+00 -4.28364e+00
1.30000e-05 6.01324e-01 2.98455e-01 5.22966e-01 5.22966e-01 8.00441e-01 1.01371e+00 -4.28368e+00
1.40000e-05 6.01421e-01 2.98342e-01 5.24702e-01 5.24702e-01 8.00473e-01 1.01471e+00 -4.28372e+00
1.50000e-05 6.01517e-01 2.98230e-01 5.26425e-01 5.26425e-01 8.00505e-01 1.01571e+00 -4.28376e+00
1.60000e-05 6.01613e-01 2.98119e-01 5.28135e-01 5.28135e-01 8.00536e-01 1.01670e+00 -4.28379e+00
1.70000e-05 6.01707e-01 2.98008e-01 5.29831e-01 5.29831e-01 8.00568e-01 1.01768e+00 -4.28383e+00
1.80000e-05 6.01801e-01 2.97899e-01 5.31515e-01 5.31515e-01 8.00599e-01 1.01865e+00 -4.28386e+00
1.90000e-05 6.01895e-01 2.97790e-01 5.33187e-01 5.33187e-01 8.00630e-01 1.01961e+00 -4.28390e+00
2.00000e-05 6.01987e-01 2.97681e-01 5.34845e-01 5.34845e-01 8.00660e-01 1.02057e+00 -4.28393e+00
2.10000e-05 6.02079e-01 2.97574e-01 5.36491e-01 5.36491e-01 8.00691e-01 1.02152e+00 -4.28397e+00
2.20000e-05 6.02171e-01 2.97468e-01 5.38125e-01 5.38125e-01 8.00721e-01 1.02247e+00 -4.28400e+00
2.30000e-05 6.02261e-01 2.97362e-01 5.39747e-01 5.39747e-01 8.00751e-01 1.02341e+00 -4.28404e+00
2.40000e-05 6.02351e-01 2.97257e-01 5.41357e-01 5.41357e-01 8.00781e-01 1.02434e+00 -4.28407e+00
2.50000e-05 6.02441e-01 2.97152e-01 5.42954e-01 5.42954e-01 8.00810e-01 1.02526e+00 -4.28411e+00
2.60000e-05 6.02530e-01 2.97049e-01 5.44540e-01 5.44540e-01 8.00840e-01 1.02618e+00 -4.28414e+00
2.70000e-05 6.02618e-01 2.96946e-01 5.46114e-01 5.46114e-01 8.00869e-01 1.02709e+00 -4.28417e+00
2.80000e-05 6.02705e-01 2.96844e-01 5.47677e-01 5.47677e-01 8.00898e-01 1.02800e+00 -4.28421e+00
2.90000e-05 6.02792e-01 2.96742e-01 5.49228e-01 5.49228e-01 8.00927e-01 1.02889e+00 -4.28424e+00
3.00000e-05 6.02879e-01 2.96642e-01 5.50767e-01 5.50767e-01 8.00955e-01 1.02979e+00 -4.28427e+00
3.10000e-05 6.02964e-01 2.96542e-01 5.52295e-01 5.52295e-01 8.00983e-01 1.03067e+00 -4.28431e+00
3.20000e-05 6.03050e-01 2.96442e-01 5.53813e-01 5.53813e-01 8.01012e-01 1.03155e+00 -4.28434e+00
3.30000e-05 6.03134e-01 2.96344e-01 5.55319e-01 5.55319e-01 8.01039e-01 1.03243e+00 -4.28437e+00
3.40000e-05 6.03218e-01 2.96246e-01 5.56814e-01 5.56814e-01 8.01067e-01 1.03329e+00 -4.28440e+00
3.50000e-05 6.03301e-01 2.96148e-01 5.58298e-01 5.58298e-01 8.01095e-01 1.03415e+00 -4.28443e+00
3.60000e-05 6.03384e-01 2.96052e-01 5.59772e-01 5.59772e-01 8.01122e-01 1.03501e+00 -4.28446e+00
3.70000e-05 6.03466e-01 2.95956e-01 5.61234e-01 5.61234e-01 8.01149e-01 1.03586e+00 -4.28449e+00
3.80000e-05 6.03548e-01 2.95860e-01 5.62687e-01 5.62687e-01 8.01176e-01 1.03670e+00 -4.28452e+00
3.90000e-05 6.03629e-01 2.95766e-01 5.64129e-01 5.64129e-01 8.01203e-01 1.03754e+00 -4.28455e+00
4.00000e-05 6.03710e-01 2.95672e-01 5.65560e-01 5.65560e-01 8.01229e-01 1.03837e+00 -4.28459e+00
4.10000e-05 6.03790e-01 2.95579e-01 5.66982e-01 5.66982e-01 8.01256e-01 1.03920e+00 -4.28461e+00
4.20000e-05 6.03869e-01 2.95486e-01 5.68393e-01 5.68393e-01 8.01282e-01 1.04002e+00 -4.28464e+00
4.30000e-05 6.03948e-01 2.95394e-01 5.69794e-01 5.69794e-01 8.01308e-01 1.04083e+00 -4.28467e+00
4.40000e-05 6.04027e-01 2.95302e-01 5.71186e-01 5.71186e-01 8.01333e-01 1.04164e+00 -4.28470e+00
4.50000e-05 6.04105e-01 2.95211e-01 5.72567e-01 5.72567e-01 8.01359e-01 1.04245e+00 -4.28473e+00
4.60000e-05 6.04182e-01 2.95121e-01 5.73939e-01 5.73939e-01 8.01385e-01 1.04325e+00 -4.28476e+00
4.70000e-05 6.04259e-01 2.95032e-01 5.75301e-01 5.75301e-01 8.01410e-01 1.04404e+00 -4.28479e+00
4.80000e-05 6.04335e-01 2.94943e-01 5.76653e-01 5.76653e-01 8.01435e-01 1.04483e+00 -4.28482e+00
4.90000e-05 6.04411e-01 2.94854e-01 5.77996e-01 5.77996e-01 8.01460e-01 1.04561e+00 -4.28485e+00
5.00000e-05 6.04486e-01 2.94766e-01 5.79330e-01 5.79330e-01 8.01484e-01 1.04639e+00 -4.28487e+00
5.10000e-05 6.04561e-01 2.94679e-01 5.80655e-01 5.80655e-01 8.01509e-01 1.04716e+00 -4.28490e+00
5.20000e-05 6.04635e-01 2.94592e-01 5.81970e-01 5.81970e-01 8.01533e-01 1.04792e+00 -4.28493e+00
5.30000e-05 6.04709e-01 2.94506e-01 5.83276e-01 5.83276e-01 8.01558e-01 1.04869e+00 -4.28496e+00
5.40000e-05 6.04782e-01 2.94421e-01 5.84573e-01 5.84573e-01 8.01582e-01 1.04944e+00 -4.28498e+00
5.50000e-05 6.04855e-01 2.94336e-01 5.85861e-01 5.85861e-01 8.01606e-01 1.05019e+00 -4.28501e+00
5.60000e-05 6.04928e-01 2.94251e-01 5.87141e-01 5.87141e-01 8.01629e-01 1.05094e+00 -4.28504e+00
5.70000e-05 6.04999e-01 2.94167e-01 5.88411e-01 5.88411e-01 8.01653e-01 1.05168e+00 -4.28506e+00
5.80000e-05 6.05071e-01 2.94084e-01 5.89673e-01 5.89673e-01 8.01676e-01 1.05242e+00 -4.28509e+00
5.90000e-05 6.05142e-01 2.94001e-01 5.90926e-01 5.90926e-01 8.01700e-01 1.05315e+00 -4.28512e+00
6.00000e-05 6.05212e-01 2.93919e-01 5.92171e-01 5.92171e-01 8.01723e-01 1.05388e+00 -4.28514e+00
6.10000e-05 6.05282e-01 2.93837e-01 5.93408e-01 5.93408e-01 8.01746e-01 1.05460e+00 -4.28517e+00
6.20000e-05 6.05352e-01 2.93756e-01 5.94636e-01 5.94636e-01 8.01768e-01 1.05532e+00 -4.28519e+00
6.30000e-05 6.05421e-01 2.93676e-01 5.95855e-01 5.95855e-01 8.01791e-01 1.05603e+00 -4.28522e+00
6.40000e-05 6.05490e-01 2.93595e-01 5.97067e-01 5.97067e-01 8.01814e-01 1.05674e+00 -4.28524e+00
6.50000e-05 6.05558e-01 2.93516e-01 5.98270e-01 5.98270e-01 8.01836e-01 1.05744e+00 -4.28527e+00
6.60000e-05 6.05626e-01 2.93437e-01 5.99466e-01 5.99466e-01 8.01858e-01 1.05814e+00 -4.28529e+00
6.70000e-05 6.05693e-01 2.93358e-01 6.00653e-01 6.00653e-01 8.01880e-01 1.05883e+00 -4.28532e+00
6.80000e-05 6.05760e-01 2.93280e-01 6.01833e-01 6.01833e-01 8.01902e-01 1.05952e+00 -4.28534e+00
6.90000e-05 6.05827e-01 2.93202e-01 6.03004e-01 6.03004e-01 8.01924e-01 1.06021e+00 -4.28537e+00
7.00000e-05 6.05893e-01 2.93125e-01 6.04168e-01 6.04168e-01 8.01945e-01 1.06089e+00 -4.28539e+00
7.10000e-05 6.05958e-01 2.93049e-01 6.05325e-01 6.05325e-01 8.01967e-01 1.06157e+00 -4.28542e+00
7.20000e-05 6.06024e-01 2.92972e-01 6.06473e-01 6.06473e-01 8.01988e-01 1.06224e+00 -4.28544e+00
7.30000e-05 6.06088e-01 2.92897e-01 6.07615e-01 6.07615e-01 8.02009e-01 1.06291e+00 -4.28546e+00
7.40000e-05 6.06153e-01 2.92822e-01 6.08748e-01 6.08748e-01 8.02030e-01 1.06357e+00 -4.28549e+00
7.50000e-05 6.06217e-01 2.92747e-01 6.09875e-01 6.09875e-01 8.02051e-01 1.06423e+00 -4.28551e+00
7.60000e-05 6.06281e-01 2.92673e-01 6.10993e-01 6.10993e-01 8.02072e-01 1.06489e+00 -4.28553e+00
7.70000e-05 6.06344e-01 2.92599e-01 6.12105e-01 6.12105e-01 8.02093e-01 1.06554e+00 -4.28556e+00
7.80000e-05 6.06407e-01 2.92526e-01 6.13210e-01 6.13210e-01 8.02113e-01 1.06619e+00 -4.28558e+00
7.90000e-05 6.06469e-01 2.92453e-01 6.14307e-01 6.14307e-01 8.02134e-01 1.06683e+00 -4.28560e+00
8.00000e-05 6.06531e-01 2.92380e-01 6.15397e-01 6.15397e-01 8.02154e-01 1.06747e+00 -4.28563e+00
8.10000e-05 6.06593e-01 2.92308e-01 6.16481e-01 6.16481e-01 8.02174e-01 1.06811e+00 -4.28565e+00
8.20000e-05 6.06654e-01 2.92237e-01 6.17557e-01 6.17557e-01 8.02194e-01 1.06874e+00 -4.28567e+00
8.30000e-05 6.06715e-01 2.92166e-01 6.18627e-01 6.18627e-01 8.02214e-01 1.06936e+00 -4.28569e+00
8.40000e-05 6.06776e-01 2.92095e-01 6.19689e-01 6.19689e-01 8.02234e-01 1.06999e+00 -4.28571e+00
8.50000e-05 6.06836e-01 2.92025e-01 6.20745e-01 6.20745e-01 8.02253e-01 1.07061e+00 -4.28574e+00
8.60000e-05 6.06896e-01 2.91955e-01 6.21795e-01 6.21795e-01 8.02273e-01 1.07122e+00 -4.28576e+00
8.70000e-05 6.06955e-01 2.91886e-01 6.22837e-01 6.22837e-01 8.02292e-01 1.07184e+00 -4.28578e+00
8.80000e-05 6.07014e-01 2.91817e-01 6.23874e-01 6.23874e-01 8.02311e-01 1.07244e+00 -4.28580e+00
8.90000e-05 6.07073e-01 2.91748e-01 6.24903e-01 6.24903e-01 8.02331e-01 1.07305e+00 -4.28582e+00
9.00000e-05 6.07132e-01 2.91680e-01 6.25926e-01 6.25926e-01 8.02350e-01 1.07365e+00 -4.28584e+00
9.10000e-05 6.07190e-01 2.91612e-01 6.26943e-01 6.26943e-01 8.02368e-01 1.07425e+00 -4.28586e+00
9.20000e-05 6.07247e-01 2.91545e-01 6.27954e-01 6.27954e-01 8.02387e-01 1.07484e+00 -4.28588e+00
9.30000e-05 6.07305e-01 2.91478e-01 6.28958e-01 6.28958e-01 8.02406e-01 1.07543e+00 -4.28591e+00
9.40000e-05 6.07362e-01 2.91411e-01 6.29956e-01 6.29956e-01 8.02424e-01 1.07602e+00 -4.28593e+00
9.50000e-05 6.07418e-01 2.91345e-01 6.30947e-01 6.30947e-01 8.02443e-01 1.07660e+00 -4.28595e+00
9.60000e-05 6.07475e-01 2.91280e-01 6.31933e-01 6.31933e-01 8.02461e-01 1.07718e+00 -4.28597e+00
9.70000e-05 6.07531e-01 2.91214e-01 6.32913e-01 6.32913e-01 8.02479e-01 1.07776e+00 -4.28599e+00
9.80000e-05 6.07586e-01 2.91149e-01 6.33886e-01 6.33886e-01 8.02498e-01 1.07833e+00 -4.28601e+00
9.90000e-05 6.07642e-01 2.91085e-01 6.34854e-01 6.34854e-01 8.02516e-01 1.07890e+00 -4.28603e+00
1.00000e-04 6.07697e-01 2.91021e-01 6.35816e-01 6.35816e-01 8.02533e-01 1.07947e+00 -4.28605e+00
