# x AR CA ca co phi u v
0.00000e+00 6.00000e-01 3.00000e-01 4.99135e-01 4.99135e-01 8.00000e-01 1.00000e+00 -4.28317e+00
1.90490e-03 6.01038e-01 2.98789e-01 5.10024e-01 5.07495e-01 8.00346e-01 1.01078e+00 -4.28357e+00
3.80980e-03 6.01032e-01 2.98796e-01 5.14877e-01 5.12528e-01 8.00343e-01 1.01068e+00 -4.28357e+00
5.71470e-03 6.01028e-01 2.98801e-01 5.16742e-01 5.15117e-01 8.00342e-01 1.01065e+00 -4.28357e+00
7.61960e-03 6.01027e-01 2.98802e-01 5.17367e-01 5.16550e-01 8.00342e-01 1.01063e+00 -4.28357e+00
9.52450e-03 6.01026e-01 2.98802e-01 5.17550e-01 5.17160e-01 8.00342e-01 1.01063e+00 -4.28357e+00
1.14294e-02 6.01026e-01 2.98803e-01 5.17596e-01 5.17423e-01 8.00342e-01 1.01063e+00 -4.28357e+00
1.33343e-02 6.01026e-01 2.98803e-01 5.17606e-01 5.17562e-01 8.00341e-01 1.01063e+00 -4.28357e+00
1.52392e-02 6.01026e-01 2.98803e-01 5.17608e-01 5.17583e-01 8.00341e-01 1.01063e+00 -4.28357e+00
1.71441e-02 6.01026e-01 2.98803e-01 5.17608e-01 5.17607e-01 8.00341e-01 1.01063e+00 -4.28357e+00
1.90490e-02 6.01026e-01 2.98803e-01 5.17608e-01 5.17683e-01 8.00341e-01 1.01063e+00 -4.28357e+00
2.09539e-02 6.01026e-01 2.98803e-01 5.17609e-01 5.17580e-01 8.00341e-01 1.01063e+00 -4.28357e+00
2.28588e-02 6.01026e-01 2.98803e-01 5.17618e-01 5.18432e-01 8.00341e-01 1.01062e+00 -4.28357e+00
2.47637e-02 6.01026e-01 2.98803e-01 5.17658e-01 5.17856e-01 8.00341e-01 1.01062e+00 -4.28357e+00
2.66686e-02 6.01025e-01 2.98804e-01 5.17892e-01 5.22087e-01 8.00341e-01 1.01061e+00 -4.28357e+00
2.85735e-02 6.01022e-01 2.98808e-01 5.18829e-01 5.23700e-01 8.00340e-01 1.01058e+00 -4.28357e+00
3.04784e-02 6.01014e-01 2.98817e-01 5.22316e-01 5.35784e-01 8.00338e-01 1.01050e+00 -4.28356e+00
3.23833e-02 6.00993e-01 2.98842e-01 5.33178e-01 5.54584e-01 8.00330e-01 1.01028e+00 -4.28355e+00
3.42882e-02 6.00937e-01 2.98906e-01 5.62443e-01 5.87032e-01 8.00312e-01 1.00972e+00 -4.28353e+00
3.61931e-02 6.00806e-01 2.99060e-01 6.29240e-01 6.49214e-01 8.00366e-01 1.01138e+00 -4.28360e+00
3.80980e-02 5.86384e-01 3.09983e-01 7.52738e-01 7.27688e-01 8.07033e-01 1.22432e+00 -4.29076e+00
4.00029e-02 5.87460e-01 3.09211e-01 8.04499e-01 7.78600e-01 8.06440e-01 1.20496e+00 -4.29017e+00
4.19078e-02 5.87856e-01 3.08925e-01 8.22574e-01 8.04889e-01 8.06236e-01 1.19832e+00 -4.28997e+00
4.38127e-02 5.87997e-01 3.08823e-01 8.27333e-01 8.13899e-01 8.06164e-01 1.19596e+00 -4.28989e+00
4.57176e-02 5.88036e-01 3.08795e-01 8.28751e-01 8.26851e-01 8.06144e-01 1.19532e+00 -4.28987e+00
4.76225e-02 5.88059e-01 3.08778e-01 8.28403e-01 8.23746e-01 8.06133e-01 1.19495e+00 -4.28986e+00
4.95274e-02 5.88059e-01 3.08778e-01 8.28564e-01 8.29189e-01 8.06132e-01 1.19494e+00 -4.28986e+00
5.14323e-02 5.88063e-01 3.08775e-01 8.28396e-01 8.27479e-01 8.06130e-01 1.19487e+00 -4.28986e+00
5.33372e-02 5.88063e-01 3.08775e-01 8.28418e-01 8.28538e-01 8.06131e-01 1.19488e+00 -4.28986e+00
5.52421e-02 5.88063e-01 3.08775e-01 8.28400e-01 8.28322e-01 8.06130e-01 1.19487e+00 -4.28986e+00
5.71470e-02 5.88063e-01 3.08775e-01 8.28401e-01 8.28403e-01 8.06130e-01 1.19487e+00 -4.28986e+00
5.90519e-02 5.88063e-01 3.08775e-01 8.28400e-01 8.28398e-01 8.06130e-01 1.19487e+00 -4.28986e+00
6.09568e-02 5.88063e-01 3.08775e-01 8.28400e-01 8.28400e-01 8.06130e-01 1.19487e+00 -4.28986e+00
6.28617e-02 5.88063e-01 3.08775e-01 8.28400e-01 8.28400e-01 8.06130e-01 1.19487e+00 -4.28986e+00
6.47666e-02 5.88063e-01 3.08775e-01 8.28400e-01 8.28400e-01 8.06130e-01 1.19487e+00 -4.28986e+00
6.66715e-02 5.88063e-01 3.08775e-01 8.28400e-01 8.28400e-01 8.06130e-01 1.19487e+00 -4.28986e+00
6.85764e-02 5.88063e-01 3.08775e-01 8.28400e-01 8.28400e-01 8.06130e-01 1.19487e+00 -4.28986e+00
7.04813e-02 5.88063e-01 3.08775e-01 8.28400e-01 8.28400e-01 8.06130e-01 1.19487e+00 -4.28986e+00
7.23862e-02 5.88063e-01 3.08775e-01 8.28400e-01 8.28400e-01 8.06130e-01 1.19487e+00 -4.28986e+00
7.42911e-02 5.88063e-01 3.08775e-01 8.28400e-01 8.28400e-01 8.06130e-01 1.19487e+00 -4.28986e+00
7.61960e-02 5.88063e-01 3.08775e-01 8.28400e-01 8.28400e-01 8.06130e-01 1.19487e+00 -4.28986e+00
7.81009e-02 5.88063e-01 3.08775e-01 8.28400e-01 8.28400e-01 8.06130e-01 1.19487e+00 -4.28986e+00
8.00058e-02 5.88063e-01 3.08775e-01 8.28400e-01 8.28400e-01 8.06130e-01 1.19487e+00 -4.28986e+00
8.19107e-02 5.88063e-01 3.08775e-01 8.28400e-01 8.28400e-01 8.06130e-01 1.19487e+00 -4.28986e+00
8.38156e-02 5.88063e-01 3.08775e-01 8.28400e-01 8.28400e-01 8.06130e-01 1.19487e+00 -4.28986e+00
8.57205e-02 5.88063e-01 3.08775e-01 8.28400e-01 8.28400e-01 8.06130e-01 1.19487e+00 -4.28986e+00
8.76254e-02 5.88063e-01 3.08775e-01 8.28400e-01 8.28400e-01 8.06130e-01 1.19487e+00 -4.28986e+00
8.95303e-02 5.88063e-01 3.08775e-01 8.28400e-01 8.28399e-01 8.06130e-01 1.19487e+00 -4.28986e+00
9.14352e-02 5.88063e-01 3.08775e-01 8.28400e-01 8.28397e-01 8.06130e-01 1.19487e+00 -4.28986e+00
9.33401e-02 5.88063e-01 3.08775e-01 8.28401e-01 8.28403e-01 8.06130e-01 1.19487e+00 -4.28986e+00
9.52450e-02 5.88063e-01 3.08775e-01 8.28400e-01 8.28318e-01 8.06130e-01 1.19487e+00 -4.28986e+00
9.71499e-02 5.88063e-01 3.08775e-01 8.28419e-01 8.28545e-01 8.06131e-01 1.19488e+00 -4.28986e+00
9.90548e-02 5.88063e-01 3.08775e-01 8.28396e-01 8.27436e-01 8.06130e-01 1.19487e+00 -4.28986e+00
1.00960e-01 5.88059e-01 3.08778e-01 8.28570e-01 8.29217e-01 8.06133e-01 1.19494e+00 -4.28986e+00
1.02865e-01 5.88059e-01 3.08778e-01 8.28398e-01 8.23586e-01 8.06133e-01 1.19495e+00 -4.28986e+00
1.04769e-01 5.88035e-01 3.08795e-01 8.28739e-01 8.26789e-01 8.06145e-01 1.19535e+00 -4.28987e+00
1.06674e-01 5.87996e-01 3.08824e-01 8.27231e-01 8.13544e-01 8.06166e-01 1.19602e+00 -4.28989e+00
1.08579e-01 5.87852e-01 3.08928e-01 8.22243e-01 8.04401e-01 8.06241e-01 1.19848e+00 -4.28997e+00
1.10484e-01 5.87451e-01 3.09218e-01 8.03661e-01 7.77818e-01 8.06453e-01 1.20538e+00 -4.29018e+00
1.12389e-01 5.86315e-01 3.10034e-01 7.51168e-01 7.26586e-01 8.06950e-01 1.22160e+00 -4.29068e+00
1.14294e-01 6.00766e-01 2.99089e-01 6.27314e-01 6.47889e-01 8.00265e-01 1.00824e+00 -4.28348e+00
1.16199e-01 6.00939e-01 2.98905e-01 5.61179e-01 5.85954e-01 8.00313e-01 1.00973e+00 -4.28353e+00
1.18104e-01 6.00994e-01 2.98841e-01 5.32567e-01 5.53823e-01 8.00331e-01 1.01029e+00 -4.28355e+00
1.20009e-01 6.01015e-01 2.98816e-01 5.22078e-01 5.35323e-01 8.00338e-01 1.01051e+00 -4.28356e+00
1.21914e-01 6.01022e-01 2.98808e-01 5.18753e-01 5.23502e-01 8.00340e-01 1.01058e+00 -4.28357e+00
1.23818e-01 6.01025e-01 2.98804e-01 5.17871e-01 5.21932e-01 8.00341e-01 1.01061e+00 -4.28357e+00
1.25723e-01 6.01026e-01 2.98803e-01 5.17653e-01 5.17842e-01 8.00341e-01 1.01062e+00 -4.28357e+00
1.27628e-01 6.01026e-01 2.98803e-01 5.17617e-01 5.18395e-01 8.00341e-01 1.01062e+00 -4.28357e+00
1.29533e-01 6.01026e-01 2.98803e-01 5.17609e-01 5.17582e-01 8.00341e-01 1.01063e+00 -4.28357e+00
1.31438e-01 6.01026e-01 2.98803e-01 5.17608e-01 5.17681e-01 8.00341e-01 1.01063e+00 -4.28357e+00
1.33343e-01 6.01026e-01 2.98803e-01 5.17608e-01 5.17610e-01 8.00341e-01 1.01063e+00 -4.28357e+00
1.35248e-01 6.01026e-01 2.98803e-01 5.17608e-01 5.17611e-01 8.00341e-01 1.01063e+00 -4.28357e+00
1.37153e-01 6.01026e-01 2.98803e-01 5.17608e-01 5.17609e-01 8.00341e-01 1.01063e+00 -4.28357e+00
1.39058e-01 6.01026e-01 2.98803e-01 5.17608e-01 5.17608e-01 8.00341e-01 1.01063e+00 -4.28357e+00
1.40963e-01 6.01026e-01 2.98803e-01 5.17608e-01 5.17608e-01 8.00341e-01 1.01063e+00 -4.28357e+00
1.42867e-01 6.01026e-01 2.98803e-01 5.17608e-01 5.17608e-01 8.00341e-01 1.01063e+00 -4.28357e+00
1.44772e-01 6.01026e-01 2.98803e-01 5.17608e-01 5.17608e-01 8.00341e-01 1.01063e+00 -4.28357e+00
1.46677e-01 6.01026e-01 2.98803e-01 5.17608e-01 5.17608e-01 8.00341e-01 1.01063e+00 -4.28357e+00
1.48582e-01 6.01026e-01 2.98803e-01 5.17608e-01 5.17608e-01 8.00341e-01 1.01063e+00 -4.28357e+00
1.50487e-01 6.01026e-01 2.98803e-01 5.17608e-01 5.17608e-01 8.00341e-01 1.01063e+00 -4.28357e+00
1.52392e-01 6.01026e-01 2.98803e-01 5.17608e-01 5.17608e-01 8.00341e-01 1.01063e+00 -4.28357e+00
1.54297e-01 6.01026e-01 2.98803e-01 5.17608e-01 5.17608e-01 8.00341e-01 1.01063e+00 -4.28357e+00
1.56202e-01 6.01026e-01 2.98803e-01 5.17608e-01 5.17608e-01 8.00341e-01 1.01063e+00 -4.28357e+00
1.58107e-01 6.01026e-01 2.98803e-01 5.17608e-01 5.17608e-01 8.00341e-01 1.01063e+00 -4.28357e+00
1.60012e-01 6.01026e-01 2.98803e-01 5.17608e-01 5.17608e-01 8.00341e-01 1.01063e+00 -4.28357e+00
1.61916e-01 6.01026e-01 2.98803e-01 5.17608e-01 5.17608e-01 8.00341e-01 1.01063e+00 -4.28357e+00
1.63821e-01 6.01026e-01 2.98803e-01 5.17608e-01 5.17608e-01 8.00341e-01 1.01063e+00 -4.28357e+00
1.65726e-01 6.01026e-01 2.98803e-01 5.17608e-01 5.17608e-01 8.00341e-01 1.01063e+00 -4.28357e+00
1.67631e-01 6.01026e-01 2.98803e-01 5.17608e-01 5.17608e-01 8.00341e-01 1.01063e+00 -4.28357e+00
1.69536e-01 6.01026e-01 2.98803e-01 5.17608e-01 5.17608e-01 8.00341e-01 1.01063e+00 -4.28357e+00
1.71441e-01 6.01026e-01 2.98803e-01 5.17608e-01 5.17608e-01 8.00341e-01 1.01063e+00 -4.28357e+00
1.73346e-01 6.01026e-01 2.98803e-01 5.17608e-01 5.17608e-01 8.00341e-01 1.01063e+00 -4.28357e+00
1.75251e-01 6.01026e-01 2.98803e-01 5.17608e-01 5.17608e-01 8.00341e-01 1.01063e+00 -4.28357e+00
1.77156e-01 6.01026e-01 2.98803e-01 5.17608e-01 5.17608e-01 8.00341e-01 1.01063e+00 -4.28357e+00
1.79061e-01 6.01026e-01 2.98803e-01 5.17608e-01 5.17608e-01 8.00341e-01 1.01063e+00 -4.28357e+00
1.80965e-01 6.01026e-01 2.98803e-01 5.17608e-01 5.17608e-01 8.00341e-01 1.01063e+00 -4.28357e+00
1.82870e-01 6.01026e-01 2.98803e-01 5.17608e-01 5.17608e-01 8.00341e-01 1.01063e+00 -4.28357e+00
1.84775e-01 6.01026e-01 2.98803e-01 5.17608e-01 5.17608e-01 8.00341e-01 1.01063e+00 -4.28357e+00
1.86680e-01 6.01026e-01 2.98803e-01 5.17608e-01 5.17608e-01 8.00341e-01 1.01063e+00 -4.28357e+00
1.88585e-01 6.01026e-01 2.98803e-01 5.17608e-01 5.17608e-01 8.00341e-01 1.01063e+00 -4.28357e+00
1.90490e-01 6.01026e-01 2.98803e-01 5.17608e-01 5.17608e-01 8.00341e-01 1.01063e+00 -4.28357e+00
1.92395e-01 6.01026e-01 2.98803e-01 5.17608e-01 5.17608e-01 8.00341e-01 1.01063e+00 -4.28357e+00
1.94300e-01 6.01026e-01 2.98803e-01 5.17608e-01 5.17608e-01 8.00341e-01 1.01063e+00 -4.28357e+00
1.96205e-01 6.01026e-01 2.98803e-01 5.17608e-01 5.17608e-01 8.00341e-01 1.01063e+00 -4.28357e+00
1.98110e-01 6.01026e-01 2.98803e-01 5.17608e-01 5.17608e-01 8.00341e-01 1.01063e+00 -4.28357e+00
2.00014e-01 6.01026e-01 2.98803e-01 5.17608e-01 5.17608e-01 8.00341e-01 1.01063e+00 -4.28357e+00
2.01919e-01 6.01026e-01 2.98803e-01 5.17608e-01 5.17608e-01 8.00341e-01 1.01063e+00 -4.28357e+00
2.03824e-01 6.01026e-01 2.98803e-01 5.17608e-01 5.17608e-01 8.00341e-01 1.01063e+00 -4.28357e+00
2.05729e-01 6.01026e-01 2.98803e-01 5.17608e-01 5.17608e-01 8.00341e-01 1.01063e+00 -4.28357e+00
2.07634e-01 6.01026e-01 2.98803e-01 5.17608e-01 5.17608e-01 8.00341e-01 1.01063e+00 -4.28357e+00
2.09539e-01 6.01026e-01 2.98803e-01 5.17608e-01 5.17608e-01 8.00341e-01 1.01063e+00 -4.28357e+00
2.11444e-01 6.01026e-01 2.98803e-01 5.17608e-01 5.17608e-01 8.00341e-01 1.01063e+00 -4.28357e+00
2.13349e-01 6.01026e-01 2.98803e-01 5.17608e-01 5.17608e-01 8.00341e-01 1.01063e+00 -4.28357e+00
2.15254e-01 6.01026e-01 2.98803e-01 5.17608e-01 5.17608e-01 8.00341e-01 1.01063e+00 -4.28357e+00
2.17159e-01 6.01026e-01 2.98803e-01 5.17608e-01 5.17608e-01 8.00341e-01 1.01063e+00 -4.28357e+00
2.19063e-01 6.01026e-01 2.98803e-01 5.17608e-01 5.17608e-01 8.00341e-01 1.01063e+00 -4.28357e+00
2.20968e-01 6.01026e-01 2.98803e-01 5.17608e-01 5.17608e-01 8.00341e-01 1.01063e+00 -4.28357e+00
2.22873e-01 6.01026e-01 2.98803e-01 5.17608e-01 5.17608e-01 8.00341e-01 1.01063e+00 -4.28357e+00
2.24778e-01 6.01026e-01 2.98803e-01 5.17608e-01 5.17608e-01 8.00341e-01 1.01063e+00 -4.28357e+00
2.26683e-01 6.01026e-01 2.98803e-01 5.17608e-01 5.17608e-01 8.00341e-01 1.01063e+00 -4.28357e+00
2.28588e-01 6.01026e-01 2.98803e-01 5.17608e-01 5.17608e-01 8.00341e-01 1.01063e+00 -4.28357e+00
2.30493e-01 6.01026e-01 2.98803e-01 5.17608e-01 5.17608e-01 8.00341e-01 1.01063e+00 -4.28357e+00
2.32398e-01 6.01026e-01 2.98803e-01 5.17608e-01 5.17608e-01 8.00341e-01 1.01063e+00 -4.28357e+00
2.34303e-01 6.01026e-01 2.98803e-01 5.17608e-01 5.17608e-01 8.00341e-01 1.01063e+00 -4.28357e+00
2.36208e-01 6.01026e-01 2.98803e-01 5.17608e-01 5.17608e-01 8.00341e-01 1.01063e+00 -4.28357e+00
2.38112e-01 6.01026e-01 2.98803e-01 5.17608e-01 5.17608e-01 8.00341e-01 1.01063e+00 -4.28357e+00
2.40017e-01 6.01026e-01 2.98803e-01 5.17608e-01 5.17608e-01 8.00341e-01 1.01063e+00 -4.28357e+00
2.41922e-01 6.01026e-01 2.98803e-01 5.17608e-01 5.17608e-01 8.00341e-01 1.01063e+00 -4.28357e+00
2.43827e-01 6.01026e-01 2.98803e-01 5.17608e-01 5.17608e-01 8.00341e-01 1.01063e+00 -4.28357e+00
2.45732e-01 6.01026e-01 2.98803e-01 5.17608e-01 5.17608e-01 8.00341e-01 1.01063e+00 -4.28357e+00
2.47637e-01 6.01026e-01 2.98803e-01 5.17608e-01 5.17608e-01 8.00341e-01 1.01063e+00 -4.28357e+00
2.49542e-01 6.01026e-01 2.98803e-01 5.17608e-01 5.17608e-01 8.00341e-01 1.01063e+00 -4.28357e+00
2.51447e-01 6.01026e-01 2.98803e-01 5.17608e-01 5.17608e-01 8.00341e-01 1.01063e+00 -4.28357e+00
2.53352e-01 6.01026e-01 2.98803e-01 5.17608e-01 5.17608e-01 8.00341e-01 1.01063e+00 -4.28357e+00
2.55257e-01 6.01026e-01 2.98803e-01 5.17608e-01 5.17608e-01 8.00341e-01 1.01063e+00 -4.28357e+00
2.57161e-01 6.01026e-01 2.98803e-01 5.17608e-01 5.17608e-01 8.00341e-01 1.01063e+00 -4.28357e+00
2.59066e-01 6.01026e-01 2.98803e-01 5.17608e-01 5.17608e-01 8.00341e-01 1.01063e+00 -4.28357e+00
2.60971e-01 6.01026e-01 2.98803e-01 5.17608e-01 5.17608e-01 8.00341e-01 1.01063e+00 -4.28357e+00
2.62876e-01 6.01026e-01 2.98803e-01 5.17608e-01 5.17608e-01 8.00341e-01 1.01063e+00 -4.28357e+00
2.64781e-01 6.01026e-01 2.98803e-01 5.17608e-01 5.17608e-01 8.00341e-01 1.01063e+00 -4.28357e+00
2.66686e-01 6.01026e-01 2.98803e-01 5.17608e-01 5.17608e-01 8.00341e-01 1.01063e+00 -4.28357e+00
2.68591e-01 6.01026e-01 2.98803e-01 5.17608e-01 5.17608e-01 8.00341e-01 1.01063e+00 -4.28357e+00
2.70496e-01 6.01026e-01 2.98803e-01 5.17608e-01 5.17608e-01 8.00341e-01 1.01063e+00 -4.28357e+00
2.72401e-01 6.01026e-01 2.98803e-01 5.17608e-01 5.17608e-01 8.00341e-01 1.01063e+00 -4.28357e+00
2.74306e-01 6.01026e-01 2.98803e-01 5.17608e-01 5.17608e-01 8.00341e-01 1.01063e+00 -4.28357e+00
2.76210e-01 6.01026e-01 2.98803e-01 5.17608e-01 5.17608e-01 8.00341e-01 1.01063e+00 -4.28357e+00
2.78115e-01 6.01026e-01 2.98803e-01 5.17608e-01 5.17608e-01 8.00341e-01 1.01063e+00 -4.28357e+00
2.80020e-01 6.01026e-01 2.98803e-01 5.17608e-01 5.17608e-01 8.00341e-01 1.01063e+00 -4.28357e+00
2.81925e-01 6.01026e-01 2.98803e-01 5.17608e-01 5.17608e-01 8.00341e-01 1.01063e+00 -4.28357e+00
2.83830e-01 6.01026e-01 2.98803e-01 5.17608e-01 5.17608e-01 8.00341e-01 1.01063e+00 -4.28357e+00
2.85735e-01 6.01026e-01 2.98803e-01 5.17608e-01 5.17608e-01 8.00341e-01 1.01063e+00 -4.28357e+00
2.87640e-01 6.01026e-01 2.98803e-01 5.17608e-01 5.17608e-01 8.00341e-01 1.01063e+00 -4.28357e+00
2.89545e-01 6.01026e-01 2.98803e-01 5.17608e-01 5.17608e-01 8.00341e-01 1.01063e+00 -4.28357e+00
2.91450e-01 6.01026e-01 2.98803e-01 5.17608e-01 5.17608e-01 8.00341e-01 1.01063e+00 -4.28357e+00
2.93355e-01 6.01026e-01 2.98803e-01 5.17608e-01 5.17608e-01 8.00341e-01 1.01063e+00 -4.28357e+00
2.95259e-01 6.01026e-01 2.98803e-01 5.17608e-01 5.17608e-01 8.00341e-01 1.01063e+00 -4.28357e+00
2.97164e-01 6.01026e-01 2.98803e-01 5.17608e-01 5.17608e-01 8.00341e-01 1.01063e+00 -4.28357e+00
2.99069e-01 6.01026e-01 2.98803e-01 5.17608e-01 5.17608e-01 8.00341e-01 1.01063e+00 -4.28357e+00
3.00974e-01 6.01026e-01 2.98803e-01 5.17608e-01 5.17608e-01 8.00341e-01 1.01063e+00 -4.28357e+00
3.02879e-01 6.01026e-01 2.98803e-01 5.17608e-01 5.17608e-01 8.00341e-01 1.01063e+00 -4.28357e+00
3.04784e-01 6.01026e-01 2.98803e-01 5.17608e-01 5.17608e-01 8.00341e-01 1.01063e+00 -4.28357e+00
3.06689e-01 6.01026e-01 2.98803e-01 5.17608e-01 5.17608e-01 8.00341e-01 1.01063e+00 -4.28357e+00
3.08594e-01 6.01026e-01 2.98803e-01 5.17608e-01 5.17608e-01 8.00341e-01 1.01063e+00 -4.28357e+00
3.10499e-01 6.01026e-01 2.98803e-01 5.17608e-01 5.17608e-01 8.00341e-01 1.01063e+00 -4.28357e+00
3.12404e-01 6.01026e-01 2.98803e-01 5.17608e-01 5.17608e-01 8.00341e-01 1.01063e+00 -4.28357e+00
3.14308e-01 6.01026e-01 2.98803e-01 5.17608e-01 5.17608e-01 8.00341e-01 1.01063e+00 -4.28357e+00
3.16213e-01 6.01026e-01 2.98803e-01 5.17608e-01 5.17608e-01 8.00341e-01 1.01063e+00 -4.28357e+00
3.18118e-01 6.01026e-01 2.98803e-01 5.17608e-01 5.17608e-01 8.00341e-01 1.01063e+00 -4.28357e+00
3.20023e-01 6.01026e-01 2.98803e-01 5.17608e-01 5.17608e-01 8.00341e-01 1.01063e+00 -4.28357e+00
3.21928e-01 6.01026e-01 2.98803e-01 5.17608e-01 5.17608e-01 8.00341e-01 1.01063e+00 -4.28357e+00
3.23833e-01 6.01026e-01 2.98803e-01 5.17608e-01 5.17608e-01 8.00341e-01 1.01063e+00 -4.28357e+00
3.25738e-01 6.01026e-01 2.98803e-01 5.17608e-01 5.17608e-01 8.00341e-01 1.01063e+00 -4.28357e+00
3.27643e-01 6.01026e-01 2.98803e-01 5.17608e-01 5.17608e-01 8.00341e-01 1.01063e+00 -4.28357e+00
3.29548e-01 6.01026e-01 2.98803e-01 5.17608e-01 5.17608e-01 8.00341e-01 1.01063e+00 -4.28357e+00
3.31453e-01 6.01026e-01 2.98803e-01 5.17608e-01 5.17608e-01 8.00341e-01 1.01063e+00 -4.28357e+00
3.33357e-01 6.01026e-01 2.98803e-01 5.17608e-01 5.17608e-01 8.00341e-01 1.01063e+00 -4.28357e+00
3.35262e-01 6.01026e-01 2.98803e-01 5.17608e-01 5.17608e-01 8.00341e-01 1.01063e+00 -4.28357e+00
3.37167e-01 6.01026e-01 2.98803e-01 5.17608e-01 5.17608e-01 8.00341e-01 1.01063e+00 -4.28357e+00
3.39072e-01 6.01026e-01 2.98803e-01 5.17608e-01 5.17608e-01 8.00341e-01 1.01063e+00 -4.28357e+00
3.40977e-01 6.01026e-01 2.98803e-01 5.17608e-01 5.17608e-01 8.00341e-01 1.01063e+00 -4.28357e+00
3.42882e-01 6.01026e-01 2.98803e-01 5.17608e-01 5.17608e-01 8.00341e-01 1.01063e+00 -4.28357e+00
3.44787e-01 6.01026e-01 2.98803e-01 5.17608e-01 5.17608e-01 8.00341e-01 1.01063e+00 -4.28357e+00
3.46692e-01 6.01026e-01 2.98803e-01 5.17608e-01 5.17608e-01 8.00341e-01 1.01063e+00 -4.28357e+00
3.48597e-01 6.01026e-01 2.98803e-01 5.17608e-01 5.17608e-01 8.00341e-01 1.01063e+00 -4.28357e+00
3.50502e-01 6.01026e-01 2.98803e-01 5.17608e-01 5.17608e-01 8.00341e-01 1.01063e+00 -4.28357e+00
3.52406e-01 6.01026e-01 2.98803e-01 5.17608e-01 5.17608e-01 8.00341e-01 1.01063e+00 -4.28357e+00
3.54311e-01 6.01026e-01 2.98803e-01 5.17608e-01 5.17608e-01 8.00341e-01 1.01063e+00 -4.28357e+00
3.56216e-01 6.01026e-01 2.98803e-01 5.17608e-01 5.17608e-01 8.00341e-01 1.01063e+00 -4.28357e+00
3.58121e-01 6.01026e-01 2.98803e-01 5.17608e-01 5.17608e-01 8.00341e-01 1.01063e+00 -4.28357e+00
3.60026e-01 6.01026e-01 2.98803e-01 5.17608e-01 5.17608e-01 8.00341e-01 1.01063e+00 -4.28357e+00
3.61931e-01 6.01026e-01 2.98803e-01 5.17608e-01 5.17608e-01 8.00341e-01 1.01063e+00 -4.28357e+00
3.63836e-01 6.01026e-01 2.98803e-01 5.17608e-01 5.17608e-01 8.00341e-01 1.01063e+00 -4.28357e+00
3.65741e-01 6.01026e-01 2.98803e-01 5.17608e-01 5.17608e-01 8.00341e-01 1.01063e+00 -4.28357e+00
3.67646e-01 6.01026e-01 2.98803e-01 5.17608e-01 5.17608e-01 8.00341e-01 1.01063e+00 -4.28357e+00
3.69551e-01 6.01026e-01 2.98803e-01 5.17608e-01 5.17608e-01 8.00341e-01 1.01063e+00 -4.28357e+00
3.71455e-01 6.01026e-01 2.98803e-01 5.17608e-01 5.17608e-01 8.00341e-01 1.01063e+00 -4.28357e+00
3.73360e-01 6.01026e-01 2.98803e-01 5.17608e-01 5.17608e-01 8.00341e-01 1.01063e+00 -4.28357e+00
3.75265e-01 6.01026e-01 2.98803e-01 5.17608e-01 5.17608e-01 8.00341e-01 1.01063e+00 -4.28357e+00
3.77170e-01 6.01026e-01 2.98803e-01 5.17608e-01 5.17608e-01 8.00341e-01 1.01063e+00 -4.28357e+00
3.79075e-01 6.01026e-01 2.98803e-01 5.17608e-01 5.17608e-01 8.00341e-01 1.01063e+00 -4.28357e+00
