# x AR CA ca co phi u v
0.00000e+00 6.00000e-01 3.00000e-01 4.99135e-01 4.99135e-01 8.00000e-01 1.00000e+00 -4.28317e+00
1.00000e-06 5.98177e-01 3.01327e-01 5.52469e-01 5.52469e-01 8.00987e-01 1.03077e+00 -4.28431e+00
3.67624e-06 5.94150e-01 3.04274e-01 6.66394e-01 6.66394e-01 8.03102e-01 1.09752e+00 -4.28667e+00
5.79057e-06 5.91684e-01 3.06091e-01 7.33485e-01 7.33485e-01 8.04354e-01 1.13749e+00 -4.28802e+00
7.90491e-06 5.89687e-01 3.07568e-01 7.86336e-01 7.86350e-01 8.05342e-01 1.16932e+00 -4.28905e+00
9.52806e-06 5.88403e-01 3.08522e-01 8.19664e-01 8.19457e-01 8.05967e-01 1.18955e+00 -4.28969e+00
1.11512e-05 5.87290e-01 3.09351e-01 8.48174e-01 8.48746e-01 8.06501e-01 1.20694e+00 -4.29023e+00
1.30871e-05 5.86148e-01 3.10202e-01 8.76946e-01 8.74357e-01 8.07043e-01 1.22464e+00 -4.29077e+00
1.45692e-05 5.85377e-01 3.10778e-01 8.96351e-01 8.98952e-01 8.07406e-01 1.23653e+00 -4.29113e+00
1.60514e-05 5.84696e-01 3.11287e-01 9.13119e-01 9.09945e-01 8.07724e-01 1.24697e+00 -4.29144e+00
1.78779e-05 5.83936e-01 3.11856e-01 9.32069e-01 9.37383e-01 8.08077e-01 1.25861e+00 -4.29178e+00
1.93653e-05 5.83397e-01 3.12259e-01 9.45045e-01 9.38934e-01 8.08326e-01 1.26681e+00 -4.29202e+00
2.08527e-05 5.82890e-01 3.12639e-01 9.57642e-01 9.61206e-01 8.08559e-01 1.27454e+00 -4.29225e+00
2.26114e-05 5.82366e-01 3.13032e-01 9.70188e-01 9.60909e-01 8.08800e-01 1.28251e+00 -4.29247e+00
2.40948e-05 5.81944e-01 3.13348e-01 9.80699e-01 9.85451e-01 8.08993e-01 1.28891e+00 -4.29266e+00
2.55783e-05 5.81574e-01 3.13625e-01 9.89452e-01 9.81704e-01 8.09162e-01 1.29452e+00 -4.29281e+00
2.72923e-05 5.81163e-01 3.13934e-01 9.99646e-01 1.00510e+00 8.09349e-01 1.30076e+00 -4.29299e+00
2.87894e-05 5.80849e-01 3.14169e-01 1.00698e+00 9.96615e-01 8.09492e-01 1.30551e+00 -4.29312e+00
3.02865e-05 5.80539e-01 3.14401e-01 1.01467e+00 1.01697e+00 8.09633e-01 1.31020e+00 -4.29325e+00
3.19692e-05 5.80234e-01 3.14630e-01 1.02182e+00 1.00894e+00 8.09771e-01 1.31482e+00 -4.29338e+00
3.36314e-05 5.79933e-01 3.14856e-01 1.02934e+00 1.03537e+00 8.09908e-01 1.31938e+00 -4.29350e+00
3.51359e-05 5.79700e-01 3.15030e-01 1.03464e+00 1.01919e+00 8.10012e-01 1.32289e+00 -4.29360e+00
3.65864e-05 5.79469e-01 3.15204e-01 1.04043e+00 1.04138e+00 8.10117e-01 1.32639e+00 -4.29369e+00
3.81335e-05 5.79253e-01 3.15365e-01 1.04540e+00 1.03123e+00 8.10214e-01 1.32964e+00 -4.29378e+00
3.97760e-05 5.79021e-01 3.15540e-01 1.05114e+00 1.05239e+00 8.10319e-01 1.33314e+00 -4.29388e+00
4.13747e-05 5.78825e-01 3.15687e-01 1.05556e+00 1.03698e+00 8.10406e-01 1.33608e+00 -4.29396e+00
4.28797e-05 5.78632e-01 3.15831e-01 1.06036e+00 1.06007e+00 8.10493e-01 1.33898e+00 -4.29403e+00
4.43758e-05 5.78467e-01 3.15956e-01 1.06408e+00 1.04666e+00 8.10566e-01 1.34145e+00 -4.29410e+00
4.59436e-05 5.78286e-01 3.16092e-01 1.06850e+00 1.06578e+00 8.10647e-01 1.34415e+00 -4.29417e+00
4.75529e-05 5.78125e-01 3.16213e-01 1.07209e+00 1.05166e+00 8.10718e-01 1.34655e+00 -4.29424e+00
4.91197e-05 5.77959e-01 3.16338e-01 1.07615e+00 1.07349e+00 8.10791e-01 1.34902e+00 -4.29430e+00
5.06353e-05 5.77821e-01 3.16443e-01 1.07915e+00 1.05786e+00 8.10852e-01 1.35105e+00 -4.29435e+00
5.21610e-05 5.77673e-01 3.16554e-01 1.08272e+00 1.07709e+00 8.10917e-01 1.35324e+00 -4.29441e+00
5.37335e-05 5.77540e-01 3.16655e-01 1.08558e+00 1.06305e+00 8.10974e-01 1.35518e+00 -4.29446e+00
5.53190e-05 5.77398e-01 3.16762e-01 1.08898e+00 1.08301e+00 8.11037e-01 1.35727e+00 -4.29452e+00
5.68716e-05 5.77278e-01 3.16854e-01 1.09150e+00 1.06681e+00 8.11088e-01 1.35901e+00 -4.29456e+00
5.83992e-05 5.77150e-01 3.16951e-01 1.09453e+00 1.08651e+00 8.11143e-01 1.36087e+00 -4.29461e+00
5.99418e-05 5.77038e-01 3.17036e-01 1.09683e+00 1.07159e+00 8.11191e-01 1.36248e+00 -4.29465e+00
6.15121e-05 5.76916e-01 3.17130e-01 1.09968e+00 1.09039e+00 8.11243e-01 1.36424e+00 -4.29470e+00
6.30823e-05 5.76809e-01 3.17211e-01 1.10181e+00 1.07442e+00 8.11288e-01 1.36575e+00 -4.29474e+00
6.46299e-05 5.76695e-01 3.17298e-01 1.10442e+00 1.09400e+00 8.11336e-01 1.36738e+00 -4.29478e+00
6.61674e-05 5.76597e-01 3.17374e-01 1.10633e+00 1.07810e+00 8.11376e-01 1.36874e+00 -4.29482e+00
6.77187e-05 5.76490e-01 3.17456e-01 1.10875e+00 1.09657e+00 8.11421e-01 1.37026e+00 -4.29486e+00
6.92845e-05 5.76395e-01 3.17529e-01 1.11053e+00 1.08077e+00 8.11460e-01 1.37156e+00 -4.29489e+00
7.08455e-05 5.76293e-01 3.17608e-01 1.11281e+00 1.09978e+00 8.11502e-01 1.37299e+00 -4.29493e+00
7.23926e-05 5.76204e-01 3.17676e-01 1.11442e+00 1.08336e+00 8.11537e-01 1.37418e+00 -4.29496e+00
7.39372e-05 5.76108e-01 3.17751e-01 1.11652e+00 1.10188e+00 8.11577e-01 1.37552e+00 -4.29499e+00
7.54920e-05 5.76023e-01 3.17817e-01 1.11802e+00 1.08590e+00 8.11610e-01 1.37665e+00 -4.29502e+00
7.70536e-05 5.75929e-01 3.17889e-01 1.12000e+00 1.10434e+00 8.11648e-01 1.37792e+00 -4.29505e+00
7.86097e-05 5.75848e-01 3.17953e-01 1.12138e+00 1.08782e+00 8.11679e-01 1.37898e+00 -4.29508e+00
8.01578e-05 5.75760e-01 3.18022e-01 1.12323e+00 1.10632e+00 8.11714e-01 1.38017e+00 -4.29511e+00
8.17068e-05 5.75682e-01 3.18083e-01 1.12450e+00 1.09002e+00 8.11744e-01 1.38116e+00 -4.29514e+00
8.32626e-05 5.75597e-01 3.18150e-01 1.12624e+00 1.10814e+00 8.11777e-01 1.38230e+00 -4.29517e+00
8.48208e-05 5.75522e-01 3.18209e-01 1.12742e+00 1.09166e+00 8.11805e-01 1.38324e+00 -4.29519e+00
8.63745e-05 5.75439e-01 3.18274e-01 1.12906e+00 1.10997e+00 8.11837e-01 1.38432e+00 -4.29522e+00
8.79241e-05 5.75367e-01 3.18331e-01 1.13014e+00 1.09340e+00 8.11863e-01 1.38521e+00 -4.29524e+00
8.94756e-05 5.75288e-01 3.18394e-01 1.13168e+00 1.11140e+00 8.11893e-01 1.38623e+00 -4.29526e+00
9.10311e-05 5.75218e-01 3.18450e-01 1.13269e+00 1.09491e+00 8.11918e-01 1.38708e+00 -4.29529e+00
9.25870e-05 5.75141e-01 3.18511e-01 1.13415e+00 1.11295e+00 8.11947e-01 1.38806e+00 -4.29531e+00
9.41396e-05 5.75073e-01 3.18565e-01 1.13509e+00 1.09627e+00 8.11971e-01 1.38886e+00 -4.29533e+00
9.56904e-05 5.74999e-01 3.18625e-01 1.13646e+00 1.11420e+00 8.11998e-01 1.38980e+00 -4.29536e+00
9.72431e-05 5.74933e-01 3.18678e-01 1.13733e+00 1.09763e+00 8.12021e-01 1.39056e+00 -4.29537e+00
9.87980e-05 5.74860e-01 3.18736e-01 1.13864e+00 1.11545e+00 8.12047e-01 1.39146e+00 -4.29540e+00
1.00000e-04 5.74810e-01 3.18776e-01 1.13930e+00 1.10487e+00 8.12064e-01 1.39203e+00 -4.29541e+00
