# x AR CA ca co phi u v
0.00000e+00 6.00000e-01 3.00000e-01 4.99135e-01 4.99135e-01 8.00000e-01 1.00000e+00 -4.28317e+00
1.90490e-03 6.05129e-01 2.94016e-01 5.26460e-01 5.18941e-01 8.01722e-01 1.05385e+00 -4.28514e+00
3.80980e-03 6.04998e-01 2.94169e-01 5.45806e-01 5.34721e-01 8.01650e-01 1.05158e+00 -4.28506e+00
5.71470e-03 6.04863e-01 2.94326e-01 5.59128e-01 5.47456e-01 8.01606e-01 1.05022e+00 -4.28501e+00
7.61960e-03 6.04775e-01 2.94429e-01 5.68007e-01 5.57624e-01 8.01578e-01 1.04933e+00 -4.28498e+00
9.52450e-03 6.04718e-01 2.94496e-01 5.73736e-01 5.66232e-01 8.01560e-01 1.04875e+00 -4.28496e+00
1.14294e-02 6.04679e-01 2.94541e-01 5.77339e-01 5.73453e-01 8.01547e-01 1.04836e+00 -4.28495e+00
1.33343e-02 6.04650e-01 2.94575e-01 5.79631e-01 5.80520e-01 8.01538e-01 1.04806e+00 -4.28493e+00
1.52392e-02 6.04625e-01 2.94604e-01 5.81277e-01 5.87278e-01 8.01530e-01 1.04781e+00 -4.28493e+00
1.71441e-02 6.04599e-01 2.94635e-01 5.82900e-01 5.95417e-01 8.01521e-01 1.04753e+00 -4.28492e+00
1.90490e-02 6.04564e-01 2.94675e-01 5.85170e-01 6.04249e-01 8.01509e-01 1.04717e+00 -4.28490e+00
2.09539e-02 6.04515e-01 2.94732e-01 5.88943e-01 6.16326e-01 8.01493e-01 1.04665e+00 -4.28488e+00
2.28588e-02 6.04442e-01 2.94818e-01 5.95342e-01 6.29887e-01 8.01468e-01 1.04587e+00 -4.28486e+00
2.47637e-02 6.04331e-01 2.94947e-01 6.05887e-01 6.49096e-01 8.01431e-01 1.04469e+00 -4.28481e+00
2.66686e-02 6.04163e-01 2.95143e-01 6.22464e-01 6.69947e-01 8.01374e-01 1.04291e+00 -4.28475e+00
2.85735e-02 6.03914e-01 2.95433e-01 6.47327e-01 6.99669e-01 8.01289e-01 1.04026e+00 -4.28465e+00
3.04784e-02 6.03554e-01 2.95854e-01 6.82805e-01 7.29731e-01 8.01167e-01 1.03642e+00 -4.28451e+00
3.23833e-02 6.03054e-01 2.96437e-01 7.31077e-01 7.73203e-01 8.00999e-01 1.03117e+00 -4.28432e+00
3.42882e-02 6.02397e-01 2.97204e-01 7.93536e-01 8.12733e-01 8.00848e-01 1.02643e+00 -4.28415e+00
3.61931e-02 6.01610e-01 2.98122e-01 8.70326e-01 8.72397e-01 8.01969e-01 1.06163e+00 -4.28542e+00
3.80980e-02 5.62927e-01 3.27439e-01 9.57421e-01 9.16924e-01 8.17797e-01 1.59085e+00 -4.29984e+00
4.00029e-02 5.69487e-01 3.22635e-01 1.01183e+00 9.69753e-01 8.14428e-01 1.47301e+00 -4.29735e+00
4.19078e-02 5.73400e-01 3.19735e-01 1.04480e+00 9.82725e-01 8.12761e-01 1.41575e+00 -4.29600e+00
4.38127e-02 5.75393e-01 3.18253e-01 1.06507e+00 1.02180e+00 8.11908e-01 1.38673e+00 -4.29528e+00
4.57176e-02 5.76455e-01 3.17461e-01 1.07560e+00 1.02059e+00 8.11449e-01 1.37118e+00 -4.29488e+00
4.76225e-02 5.77016e-01 3.17043e-01 1.08142e+00 1.05154e+00 8.11205e-01 1.36294e+00 -4.29467e+00
4.95274e-02 5.77340e-01 3.16802e-01 1.08316e+00 1.04343e+00 8.11062e-01 1.35813e+00 -4.29454e+00
5.14323e-02 5.77512e-01 3.16674e-01 1.08387e+00 1.06839e+00 8.10986e-01 1.35558e+00 -4.29447e+00
5.33372e-02 5.77623e-01 3.16591e-01 1.08304e+00 1.05734e+00 8.10937e-01 1.35390e+00 -4.29443e+00
5.52421e-02 5.77679e-01 3.16550e-01 1.08256e+00 1.07722e+00 8.10912e-01 1.35308e+00 -4.29441e+00
5.71470e-02 5.77722e-01 3.16518e-01 1.08148e+00 1.06578e+00 8.10893e-01 1.35242e+00 -4.29439e+00
5.90519e-02 5.77739e-01 3.16505e-01 1.08107e+00 1.08113e+00 8.10885e-01 1.35216e+00 -4.29438e+00
6.09568e-02 5.77758e-01 3.16492e-01 1.08034e+00 1.07095e+00 8.10876e-01 1.35188e+00 -4.29438e+00
6.28617e-02 5.77762e-01 3.16488e-01 1.08017e+00 1.08220e+00 8.10875e-01 1.35182e+00 -4.29437e+00
6.47666e-02 5.77771e-01 3.16482e-01 1.07976e+00 1.07426e+00 8.10871e-01 1.35168e+00 -4.29437e+00
6.66715e-02 5.77771e-01 3.16482e-01 1.07973e+00 1.08182e+00 8.10870e-01 1.35168e+00 -4.29437e+00
6.85764e-02 5.77775e-01 3.16479e-01 1.07953e+00 1.07655e+00 8.10869e-01 1.35162e+00 -4.29437e+00
7.04813e-02 5.77775e-01 3.16479e-01 1.07955e+00 1.08079e+00 8.10869e-01 1.35162e+00 -4.29437e+00
7.23862e-02 5.77776e-01 3.16478e-01 1.07947e+00 1.07831e+00 8.10868e-01 1.35160e+00 -4.29437e+00
7.42911e-02 5.77776e-01 3.16478e-01 1.07948e+00 1.07948e+00 8.10868e-01 1.35160e+00 -4.29437e+00
7.61960e-02 5.77776e-01 3.16478e-01 1.07948e+00 1.07979e+00 8.10868e-01 1.35161e+00 -4.29437e+00
7.81009e-02 5.77776e-01 3.16478e-01 1.07947e+00 1.07796e+00 8.10868e-01 1.35160e+00 -4.29437e+00
8.00058e-02 5.77774e-01 3.16479e-01 1.07956e+00 1.08110e+00 8.10869e-01 1.35163e+00 -4.29437e+00
8.19107e-02 5.77775e-01 3.16479e-01 1.07954e+00 1.07614e+00 8.10869e-01 1.35162e+00 -4.29437e+00
8.38156e-02 5.77770e-01 3.16482e-01 1.07977e+00 1.08213e+00 8.10871e-01 1.35169e+00 -4.29437e+00
8.57205e-02 5.77770e-01 3.16482e-01 1.07979e+00 1.07373e+00 8.10871e-01 1.35169e+00 -4.29437e+00
8.76254e-02 5.77761e-01 3.16489e-01 1.08024e+00 1.08246e+00 8.10875e-01 1.35184e+00 -4.29438e+00
8.95303e-02 5.77756e-01 3.16493e-01 1.08042e+00 1.07026e+00 8.10877e-01 1.35191e+00 -4.29438e+00
9.14352e-02 5.77737e-01 3.16507e-01 1.08120e+00 1.08126e+00 8.10887e-01 1.35223e+00 -4.29439e+00
9.33401e-02 5.77718e-01 3.16521e-01 1.08162e+00 1.06485e+00 8.10895e-01 1.35252e+00 -4.29439e+00
9.52450e-02 5.77673e-01 3.16554e-01 1.08272e+00 1.07709e+00 8.10917e-01 1.35324e+00 -4.29441e+00
9.71499e-02 5.77616e-01 3.16597e-01 1.08315e+00 1.05610e+00 8.10944e-01 1.35416e+00 -4.29444e+00
9.90548e-02 5.77500e-01 3.16683e-01 1.08390e+00 1.06784e+00 8.10999e-01 1.35602e+00 -4.29449e+00
1.00960e-01 5.77322e-01 3.16816e-01 1.08296e+00 1.04180e+00 8.11085e-01 1.35889e+00 -4.29456e+00
1.02865e-01 5.76988e-01 3.17064e-01 1.08087e+00 1.05043e+00 8.11245e-01 1.36429e+00 -4.29470e+00
1.04769e-01 5.76414e-01 3.17492e-01 1.07444e+00 1.01849e+00 8.11521e-01 1.37361e+00 -4.29494e+00
1.06674e-01 5.75333e-01 3.18298e-01 1.06312e+00 1.01999e+00 8.12042e-01 1.39127e+00 -4.29539e+00
1.08579e-01 5.73324e-01 3.19793e-01 1.04176e+00 9.80102e-01 8.13013e-01 1.42435e+00 -4.29621e+00
1.10484e-01 5.69405e-01 3.22699e-01 1.00756e+00 9.67043e-01 8.14834e-01 1.48704e+00 -4.29767e+00
1.12389e-01 5.61648e-01 3.28403e-01 9.51695e-01 9.13531e-01 8.16750e-01 1.55390e+00 -4.29910e+00
1.14294e-01 6.00935e-01 2.98625e-01 8.62634e-01 8.67977e-01 8.00509e-01 1.01583e+00 -4.28376e+00
1.16199e-01 6.02413e-01 2.97181e-01 7.85426e-01 8.07932e-01 8.00822e-01 1.02563e+00 -4.28412e+00
1.18104e-01 6.03084e-01 2.96401e-01 7.23698e-01 7.68358e-01 8.01035e-01 1.03230e+00 -4.28436e+00
1.20009e-01 6.03584e-01 2.95819e-01 6.76676e-01 7.25329e-01 8.01195e-01 1.03731e+00 -4.28455e+00
1.21914e-01 6.03939e-01 2.95404e-01 6.42599e-01 6.95765e-01 8.01309e-01 1.04089e+00 -4.28468e+00
1.23818e-01 6.04182e-01 2.95121e-01 6.19051e-01 6.66855e-01 8.01387e-01 1.04333e+00 -4.28476e+00
1.25723e-01 6.04344e-01 2.94932e-01 6.03576e-01 6.46840e-01 8.01439e-01 1.04497e+00 -4.28482e+00
1.27628e-01 6.04450e-01 2.94809e-01 5.93894e-01 6.28721e-01 8.01473e-01 1.04604e+00 -4.28486e+00
1.29533e-01 6.04518e-01 2.94729e-01 5.88155e-01 6.16365e-01 8.01495e-01 1.04673e+00 -4.28489e+00
1.31438e-01 6.04561e-01 2.94678e-01 5.84934e-01 6.05830e-01 8.01509e-01 1.04717e+00 -4.28490e+00
1.33343e-01 6.04589e-01 2.94646e-01 5.83241e-01 5.98878e-01 8.01518e-01 1.04745e+00 -4.28491e+00
1.35248e-01 6.04606e-01 2.94626e-01 5.82412e-01 5.93212e-01 8.01524e-01 1.04762e+00 -4.28492e+00
1.37153e-01 6.04617e-01 2.94613e-01 5.82047e-01 5.89659e-01 8.01527e-01 1.04773e+00 -4.28492e+00
1.39058e-01 6.04624e-01 2.94606e-01 5.81907e-01 5.86839e-01 8.01530e-01 1.04780e+00 -4.28493e+00
1.40963e-01 6.04628e-01 2.94601e-01 5.81871e-01 5.85197e-01 8.01531e-01 1.04784e+00 -4.28493e+00
1.42867e-01 6.04630e-01 2.94598e-01 5.81873e-01 5.83892e-01 8.01532e-01 1.04787e+00 -4.28493e+00
1.44772e-01 6.04632e-01 2.94596e-01 5.81887e-01 5.83214e-01 8.01532e-01 1.04788e+00 -4.28493e+00
1.46677e-01 6.04633e-01 2.94595e-01 5.81901e-01 5.82646e-01 8.01532e-01 1.04789e+00 -4.28493e+00
1.48582e-01 6.04633e-01 2.94595e-01 5.81911e-01 5.82401e-01 8.01533e-01 1.04790e+00 -4.28493e+00
1.50487e-01 6.04633e-01 2.94594e-01 5.81918e-01 5.82165e-01 8.01533e-01 1.04790e+00 -4.28493e+00
1.52392e-01 6.04634e-01 2.94594e-01 5.81922e-01 5.82093e-01 8.01533e-01 1.04790e+00 -4.28493e+00
1.54297e-01 6.04634e-01 2.94594e-01 5.81925e-01 5.81997e-01 8.01533e-01 1.04790e+00 -4.28493e+00
1.56202e-01 6.04634e-01 2.94594e-01 5.81926e-01 5.81983e-01 8.01533e-01 1.04790e+00 -4.28493e+00
1.58107e-01 6.04634e-01 2.94594e-01 5.81927e-01 5.81945e-01 8.01533e-01 1.04790e+00 -4.28493e+00
1.60012e-01 6.04634e-01 2.94594e-01 5.81928e-01 5.81946e-01 8.01533e-01 1.04790e+00 -4.28493e+00
1.61916e-01 6.04634e-01 2.94594e-01 5.81928e-01 5.81930e-01 8.01533e-01 1.04790e+00 -4.28493e+00
1.63821e-01 6.04634e-01 2.94594e-01 5.81928e-01 5.81934e-01 8.01533e-01 1.04790e+00 -4.28493e+00
1.65726e-01 6.04634e-01 2.94594e-01 5.81928e-01 5.81928e-01 8.01533e-01 1.04790e+00 -4.28493e+00
1.67631e-01 6.04634e-01 2.94594e-01 5.81928e-01 5.81930e-01 8.01533e-01 1.04790e+00 -4.28493e+00
1.69536e-01 6.04634e-01 2.94594e-01 5.81928e-01 5.81927e-01 8.01533e-01 1.04790e+00 -4.28493e+00
1.71441e-01 6.04634e-01 2.94594e-01 5.81928e-01 5.81929e-01 8.01533e-01 1.04790e+00 -4.28493e+00
1.73346e-01 6.04634e-01 2.94594e-01 5.81928e-01 5.81928e-01 8.01533e-01 1.04790e+00 -4.28493e+00
1.75251e-01 6.04634e-01 2.94594e-01 5.81928e-01 5.81928e-01 8.01533e-01 1.04790e+00 -4.28493e+00
1.77156e-01 6.04634e-01 2.94594e-01 5.81928e-01 5.81928e-01 8.01533e-01 1.04790e+00 -4.28493e+00
1.79061e-01 6.04634e-01 2.94594e-01 5.81928e-01 5.81928e-01 8.01533e-01 1.04790e+00 -4.28493e+00
1.80965e-01 6.04634e-01 2.94594e-01 5.81928e-01 5.81928e-01 8.01533e-01 1.04790e+00 -4.28493e+00
1.82870e-01 6.04634e-01 2.94594e-01 5.81928e-01 5.81928e-01 8.01533e-01 1.04790e+00 -4.28493e+00
1.84775e-01 6.04634e-01 2.94594e-01 5.81928e-01 5.81928e-01 8.01533e-01 1.04790e+00 -4.28493e+00
1.86680e-01 6.04634e-01 2.94594e-01 5.81928e-01 5.81928e-01 8.01533e-01 1.04790e+00 -4.28493e+00
1.88585e-01 6.04634e-01 2.94594e-01 5.81928e-01 5.81928e-01 8.01533e-01 1.04790e+00 -4.28493e+00
1.90490e-01 6.04634e-01 2.94594e-01 5.81928e-01 5.81928e-01 8.01533e-01 1.04790e+00 -4.28493e+00
1.92395e-01 6.04634e-01 2.94594e-01 5.81928e-01 5.81928e-01 8.01533e-01 1.04790e+00 -4.28493e+00
1.94300e-01 6.04634e-01 2.94594e-01 5.81928e-01 5.81928e-01 8.01533e-01 1.04790e+00 -4.28493e+00
1.96205e-01 6.04634e-01 2.94594e-01 5.81928e-01 5.81928e-01 8.01533e-01 1.04790e+00 -4.28493e+00
1.98110e-01 6.04634e-01 2.94594e-01 5.81928e-01 5.81928e-01 8.01533e-01 1.04790e+00 -4.28493e+00
2.00014e-01 6.04634e-01 2.94594e-01 5.81928e-01 5.81928e-01 8.01533e-01 1.04790e+00 -4.28493e+00
2.01919e-01 6.04634e-01 2.94594e-01 5.81928e-01 5.81928e-01 8.01533e-01 1.04790e+00 -4.28493e+00
2.03824e-01 6.04634e-01 2.94594e-01 5.81928e-01 5.81928e-01 8.01533e-01 1.04790e+00 -4.28493e+00
2.05729e-01 6.04634e-01 2.94594e-01 5.81928e-01 5.81928e-01 8.01533e-01 1.04790e+00 -4.28493e+00
2.07634e-01 6.04634e-01 2.94594e-01 5.81928e-01 5.81928e-01 8.01533e-01 1.04790e+00 -4.28493e+00
2.09539e-01 6.04634e-01 2.94594e-01 5.81928e-01 5.81928e-01 8.01533e-01 1.04790e+00 -4.28493e+00
2.11444e-01 6.04634e-01 2.94594e-01 5.81928e-01 5.81928e-01 8.01533e-01 1.04790e+00 -4.28493e+00
2.13349e-01 6.04634e-01 2.94594e-01 5.81928e-01 5.81928e-01 8.01533e-01 1.04790e+00 -4.28493e+00
2.15254e-01 6.04634e-01 2.94594e-01 5.81928e-01 5.81928e-01 8.01533e-01 1.04790e+00 -4.28493e+00
2.17159e-01 6.04634e-01 2.94594e-01 5.81928e-01 5.81928e-01 8.01533e-01 1.04790e+00 -4.28493e+00
2.19063e-01 6.04634e-01 2.94594e-01 5.81928e-01 5.81928e-01 8.01533e-01 1.04790e+00 -4.28493e+00
2.20968e-01 6.04634e-01 2.94594e-01 5.81928e-01 5.81928e-01 8.01533e-01 1.04790e+00 -4.28493e+00
2.22873e-01 6.04634e-01 2.94594e-01 5.81928e-01 5.81928e-01 8.01533e-01 1.04790e+00 -4.28493e+00
2.24778e-01 6.04634e-01 2.94594e-01 5.81928e-01 5.81928e-01 8.01533e-01 1.04790e+00 -4.28493e+00
2.26683e-01 6.04634e-01 2.94594e-01 5.81928e-01 5.81928e-01 8.01533e-01 1.04790e+00 -4.28493e+00
2.28588e-01 6.04634e-01 2.94594e-01 5.81928e-01 5.81928e-01 8.01533e-01 1.04790e+00 -4.28493e+00
2.30493e-01 6.04634e-01 2.94594e-01 5.81928e-01 5.81928e-01 8.01533e-01 1.04790e+00 -4.28493e+00
2.32398e-01 6.04634e-01 2.94594e-01 5.81928e-01 5.81928e-01 8.01533e-01 1.04790e+00 -4.28493e+00
2.34303e-01 6.04634e-01 2.94594e-01 5.81928e-01 5.81928e-01 8.01533e-01 1.04790e+00 -4.28493e+00
2.36208e-01 6.04634e-01 2.94594e-01 5.81928e-01 5.81928e-01 8.01533e-01 1.04790e+00 -4.28493e+00
2.38112e-01 6.04634e-01 2.94594e-01 5.81928e-01 5.81928e-01 8.01533e-01 1.04790e+00 -4.28493e+00
2.40017e-01 6.04634e-01 2.94594e-01 5.81928e-01 5.81928e-01 8.01533e-01 1.04790e+00 -4.28493e+00
2.41922e-01 6.04634e-01 2.94594e-01 5.81928e-01 5.81928e-01 8.01533e-01 1.04790e+00 -4.28493e+00
2.43827e-01 6.04634e-01 2.94594e-01 5.81928e-01 5.81928e-01 8.01533e-01 1.04790e+00 -4.28493e+00
2.45732e-01 6.04634e-01 2.94594e-01 5.81928e-01 5.81928e-01 8.01533e-01 1.04790e+00 -4.28493e+00
2.47637e-01 6.04634e-01 2.94594e-01 5.81928e-01 5.81928e-01 8.01533e-01 1.04790e+00 -4.28493e+00
2.49542e-01 6.04634e-01 2.94594e-01 5.81928e-01 5.81928e-01 8.01533e-01 1.04790e+00 -4.28493e+00
2.51447e-01 6.04634e-01 2.94594e-01 5.81928e-01 5.81928e-01 8.01533e-01 1.04790e+00 -4.28493e+00
2.53352e-01 6.04634e-01 2.94594e-01 5.81928e-01 5.81928e-01 8.01533e-01 1.04790e+00 -4.28493e+00
2.55257e-01 6.04634e-01 2.94594e-01 5.81928e-01 5.81928e-01 8.01533e-01 1.04790e+00 -4.28493e+00
2.57161e-01 6.04634e-01 2.94594e-01 5.81928e-01 5.81928e-01 8.01533e-01 1.04790e+00 -4.28493e+00
2.59066e-01 6.04634e-01 2.94594e-01 5.81928e-01 5.81928e-01 8.01533e-01 1.04790e+00 -4.28493e+00
2.60971e-01 6.04634e-01 2.94594e-01 5.81928e-01 5.81928e-01 8.01533e-01 1.04790e+00 -4.28493e+00
2.62876e-01 6.04634e-01 2.94594e-01 5.81928e-01 5.81928e-01 8.01533e-01 1.04790e+00 -4.28493e+00
2.64781e-01 6.04634e-01 2.94594e-01 5.81928e-01 5.81928e-01 8.01533e-01 1.04790e+00 -4.28493e+00
2.66686e-01 6.04634e-01 2.94594e-01 5.81928e-01 5.81928e-01 8.01533e-01 1.04790e+00 -4.28493e+00
2.68591e-01 6.04634e-01 2.94594e-01 5.81928e-01 5.81928e-01 8.01533e-01 1.04790e+00 -4.28493e+00
2.70496e-01 6.04634e-01 2.94594e-01 5.81928e-01 5.81928e-01 8.01533e-01 1.04790e+00 -4.28493e+00
2.72401e-01 6.04634e-01 2.94594e-01 5.81928e-01 5.81928e-01 8.01533e-01 1.04790e+00 -4.28493e+00
2.74306e-01 6.04634e-01 2.94594e-01 5.81928e-01 5.81928e-01 8.01533e-01 1.04790e+00 -4.28493e+00
2.76210e-01 6.04634e-01 2.94594e-01 5.81928e-01 5.81928e-01 8.01533e-01 1.04790e+00 -4.28493e+00
2.78115e-01 6.04634e-01 2.94594e-01 5.81928e-01 5.81928e-01 8.01533e-01 1.04790e+00 -4.28493e+00
2.80020e-01 6.04634e-01 2.94594e-01 5.81928e-01 5.81928e-01 8.01533e-01 1.04790e+00 -4.28493e+00
2.81925e-01 6.04634e-01 2.94594e-01 5.81928e-01 5.81928e-01 8.01533e-01 1.04790e+00 -4.28493e+00
2.83830e-01 6.04634e-01 2.94594e-01 5.81928e-01 5.81928e-01 8.01533e-01 1.04790e+00 -4.28493e+00
2.85735e-01 6.04634e-01 2.94594e-01 5.81928e-01 5.81928e-01 8.01533e-01 1.04790e+00 -4.28493e+00
2.87640e-01 6.04634e-01 2.94594e-01 5.81928e-01 5.81928e-01 8.01533e-01 1.04790e+00 -4.28493e+00
2.89545e-01 6.04634e-01 2.94594e-01 5.81928e-01 5.81928e-01 8.01533e-01 1.04790e+00 -4.28493e+00
2.91450e-01 6.04634e-01 2.94594e-01 5.81928e-01 5.81928e-01 8.01533e-01 1.04790e+00 -4.28493e+00
2.93355e-01 6.04634e-01 2.94594e-01 5.81928e-01 5.81928e-01 8.01533e-01 1.04790e+00 -4.28493e+00
2.95259e-01 6.04634e-01 2.94594e-01 5.81928e-01 5.81928e-01 8.01533e-01 1.04790e+00 -4.28493e+00
2.97164e-01 6.04634e-01 2.94594e-01 5.81928e-01 5.81928e-01 8.01533e-01 1.04790e+00 -4.28493e+00
2.99069e-01 6.04634e-01 2.94594e-01 5.81928e-01 5.81928e-01 8.01533e-01 1.04790e+00 -4.28493e+00
3.00974e-01 6.04634e-01 2.94594e-01 5.81928e-01 5.81928e-01 8.01533e-01 1.04790e+00 -4.28493e+00
3.02879e-01 6.04634e-01 2.94594e-01 5.81928e-01 5.81928e-01 8.01533e-01 1.04790e+00 -4.28493e+00
3.04784e-01 6.04634e-01 2.94594e-01 5.81928e-01 5.81928e-01 8.01533e-01 1.04790e+00 -4.28493e+00
3.06689e-01 6.04634e-01 2.94594e-01 5.81928e-01 5.81928e-01 8.01533e-01 1.04790e+00 -4.28493e+00
3.08594e-01 6.04634e-01 2.94594e-01 5.81928e-01 5.81928e-01 8.01533e-01 1.04790e+00 -4.28493e+00
3.10499e-01 6.04634e-01 2.94594e-01 5.81928e-01 5.81928e-01 8.01533e-01 1.04790e+00 -4.28493e+00
3.12404e-01 6.04634e-01 2.94594e-01 5.81928e-01 5.81928e-01 8.01533e-01 1.04790e+00 -4.28493e+00
3.14308e-01 6.04634e-01 2.94594e-01 5.81928e-01 5.81928e-01 8.01533e-01 1.04790e+00 -4.28493e+00
3.16213e-01 6.04634e-01 2.94594e-01 5.81928e-01 5.81928e-01 8.01533e-01 1.04790e+00 -4.28493e+00
3.18118e-01 6.04634e-01 2.94594e-01 5.81928e-01 5.81928e-01 8.01533e-01 1.04790e+00 -4.28493e+00
3.20023e-01 6.04634e-01 2.94594e-01 5.81928e-01 5.81928e-01 8.01533e-01 1.04790e+00 -4.28493e+00
3.21928e-01 6.04634e-01 2.94594e-01 5.81928e-01 5.81928e-01 8.01533e-01 1.04790e+00 -4.28493e+00
3.23833e-01 6.04634e-01 2.94594e-01 5.81928e-01 5.81928e-01 8.01533e-01 1.04790e+00 -4.28493e+00
3.25738e-01 6.04634e-01 2.94594e-01 5.81928e-01 5.81928e-01 8.01533e-01 1.04790e+00 -4.28493e+00
3.27643e-01 6.04634e-01 2.94594e-01 5.81928e-01 5.81928e-01 8.01533e-01 1.04790e+00 -4.28493e+00
3.29548e-01 6.04634e-01 2.94594e-01 5.81928e-01 5.81928e-01 8.01533e-01 1.04790e+00 -4.28493e+00
3.31453e-01 6.04634e-01 2.94594e-01 5.81928e-01 5.81928e-01 8.01533e-01 1.04790e+00 -4.28493e+00
3.33357e-01 6.04634e-01 2.94594e-01 5.81928e-01 5.81928e-01 8.01533e-01 1.04790e+00 -4.28493e+00
3.35262e-01 6.04634e-01 2.94594e-01 5.81928e-01 5.81928e-01 8.01533e-01 1.04790e+00 -4.28493e+00
3.37167e-01 6.04634e-01 2.94594e-01 5.81928e-01 5.81928e-01 8.01533e-01 1.04790e+00 -4.28493e+00
3.39072e-01 6.04634e-01 2.94594e-01 5.81928e-01 5.81928e-01 8.01533e-01 1.04790e+00 -4.28493e+00
3.40977e-01 6.04634e-01 2.94594e-01 5.81928e-01 5.81928e-01 8.01533e-01 1.04790e+00 -4.28493e+00
3.42882e-01 6.04634e-01 2.94594e-01 5.81928e-01 5.81928e-01 8.01533e-01 1.04790e+00 -4.28493e+00
3.44787e-01 6.04634e-01 2.94594e-01 5.81928e-01 5.81928e-01 8.01533e-01 1.04790e+00 -4.28493e+00
3.46692e-01 6.04634e-01 2.94594e-01 5.81928e-01 5.81928e-01 8.01533e-01 1.04790e+00 -4.28493e+00
3.48597e-01 6.04634e-01 2.94594e-01 5.81928e-01 5.81928e-01 8.01533e-01 1.04790e+00 -4.28493e+00
3.50502e-01 6.04634e-01 2.94594e-01 5.81928e-01 5.81928e-01 8.01533e-01 1.04790e+00 -4.28493e+00
3.52406e-01 6.04634e-01 2.94594e-01 5.81928e-01 5.81928e-01 8.01533e-01 1.04790e+00 -4.28493e+00
3.54311e-01 6.04634e-01 2.94594e-01 5.81928e-01 5.81928e-01 8.01533e-01 1.04790e+00 -4.28493e+00
3.56216e-01 6.04634e-01 2.94594e-01 5.81928e-01 5.81928e-01 8.01533e-01 1.04790e+00 -4.28493e+00
3.58121e-01 6.04634e-01 2.94594e-01 5.81928e-01 5.81928e-01 8.01533e-01 1.04790e+00 -4.28493e+00
3.60026e-01 6.04634e-01 2.94594e-01 5.81928e-01 5.81928e-01 8.01533e-01 1.04790e+00 -4.28493e+00
3.61931e-01 6.04634e-01 2.94594e-01 5.81928e-01 5.81928e-01 8.01533e-01 1.04790e+00 -4.28493e+00
3.63836e-01 6.04634e-01 2.94594e-01 5.81928e-01 5.81928e-01 8.01533e-01 1.04790e+00 -4.28493e+00
3.65741e-01 6.04634e-01 2.94594e-01 5.81928e-01 5.81928e-01 8.01533e-01 1.04790e+00 -4.28493e+00
3.67646e-01 6.04634e-01 2.94594e-01 5.81928e-01 5.81928e-01 8.01533e-01 1.04790e+00 -4.28493e+00
3.69551e-01 6.04634e-01 2.94594e-01 5.81928e-01 5.81928e-01 8.01533e-01 1.04790e+00 -4.28493e+00
3.71455e-01 6.04634e-01 2.94594e-01 5.81928e-01 5.81928e-01 8.01533e-01 1.04790e+00 -4.28493e+00
3.73360e-01 6.04634e-01 2.94594e-01 5.81928e-01 5.81928e-01 8.01533e-01 1.04790e+00 -4.28493e+00
3.75265e-01 6.04634e-01 2.94594e-01 5.81928e-01 5.81928e-01 8.01533e-01 1.04790e+00 -4.28493e+00
3.77170e-01 6.04634e-01 2.94594e-01 5.81928e-01 5.81928e-01 8.01533e-01 1.04790e+00 -4.28493e+00
3.79075e-01 6.04634e-01 2.94594e-01 5.81928e-01 5.81928e-01 8.01533e-01 1.04790e+00 -4.28493e+00
