# x AR CA ca co phi u v
0.00000e+00 6.00000e-01 3.00000e-01 4.99135e-01 4.99135e-01 8.00000e-01 1.00000e+00 -4.28317e+00
1.90490e-03 6.02759e-01 2.96781e-01 5.18915e-01 5.13657e-01 8.00923e-01 1.02879e+00 -4.28424e+00
3.80980e-03 6.02714e-01 2.96834e-01 5.31262e-01 5.24140e-01 8.00900e-01 1.02807e+00 -4.28421e+00
5.71470e-03 6.02677e-01 2.96876e-01 5.38539e-01 5.31885e-01 8.00888e-01 1.02769e+00 -4.28420e+00
7.61960e-03 6.02657e-01 2.96900e-01 5.42564e-01 5.36885e-01 8.00882e-01 1.02749e+00 -4.28419e+00
9.52450e-03 6.02646e-01 2.96912e-01 5.44650e-01 5.40905e-01 8.00878e-01 1.02738e+00 -4.28418e+00
1.14294e-02 6.02641e-01 2.96919e-01 5.45655e-01 5.42860e-01 8.00876e-01 1.02732e+00 -4.28418e+00
1.33343e-02 6.02637e-01 2.96923e-01 5.46110e-01 5.45365e-01 8.00875e-01 1.02729e+00 -4.28418e+00
1.52392e-02 6.02635e-01 2.96926e-01 5.46303e-01 5.46085e-01 8.00875e-01 1.02727e+00 -4.28418e+00
1.71441e-02 6.02633e-01 2.96928e-01 5.46419e-01 5.48804e-01 8.00874e-01 1.02724e+00 -4.28418e+00
1.90490e-02 6.02630e-01 2.96932e-01 5.46583e-01 5.50174e-01 8.00873e-01 1.02721e+00 -4.28418e+00
2.09539e-02 6.02625e-01 2.96938e-01 5.47026e-01 5.55068e-01 8.00871e-01 1.02716e+00 -4.28418e+00
2.28588e-02 6.02615e-01 2.96950e-01 5.48161e-01 5.60001e-01 8.00868e-01 1.02705e+00 -4.28417e+00
2.47637e-02 6.02596e-01 2.96972e-01 5.50889e-01 5.70341e-01 8.00861e-01 1.02685e+00 -4.28417e+00
2.66686e-02 6.02560e-01 2.97013e-01 5.56852e-01 5.83498e-01 8.00849e-01 1.02647e+00 -4.28415e+00
2.85735e-02 6.02495e-01 2.97089e-01 5.68863e-01 6.04818e-01 8.00827e-01 1.02579e+00 -4.28413e+00
3.04784e-02 6.02379e-01 2.97224e-01 5.91103e-01 6.32212e-01 8.00788e-01 1.02456e+00 -4.28408e+00
3.23833e-02 6.02179e-01 2.97458e-01 6.29020e-01 6.72125e-01 8.00721e-01 1.02246e+00 -4.28400e+00
3.42882e-02 6.01852e-01 2.97839e-01 6.88386e-01 7.18771e-01 8.00624e-01 1.01943e+00 -4.28389e+00
3.61931e-02 6.01364e-01 2.98409e-01 7.73684e-01 7.84762e-01 8.00984e-01 1.03068e+00 -4.28431e+00
3.80980e-02 5.73597e-01 3.19473e-01 8.83381e-01 8.48936e-01 8.13055e-01 1.42581e+00 -4.29624e+00
4.00029e-02 5.77487e-01 3.16645e-01 9.44589e-01 9.06965e-01 8.11041e-01 1.35742e+00 -4.29452e+00
4.19078e-02 5.79454e-01 3.15199e-01 9.76245e-01 9.24985e-01 8.10132e-01 1.32690e+00 -4.29371e+00
4.38127e-02 5.80344e-01 3.14541e-01 9.92432e-01 9.64463e-01 8.09723e-01 1.31323e+00 -4.29333e+00
4.57176e-02 5.80785e-01 3.14215e-01 9.98204e-01 9.60331e-01 8.09522e-01 1.30651e+00 -4.29315e+00
4.76225e-02 5.80974e-01 3.14074e-01 1.00092e+00 9.91681e-01 8.09435e-01 1.30363e+00 -4.29307e+00
4.95274e-02 5.81089e-01 3.13989e-01 1.00033e+00 9.77148e-01 8.09383e-01 1.30188e+00 -4.29302e+00
5.14323e-02 5.81124e-01 3.13962e-01 1.00056e+00 1.00249e+00 8.09367e-01 1.30134e+00 -4.29300e+00
5.33372e-02 5.81163e-01 3.13934e-01 9.99423e-01 9.85801e-01 8.09349e-01 1.30075e+00 -4.29299e+00
5.52421e-02 5.81164e-01 3.13933e-01 9.99598e-01 1.00477e+00 8.09349e-01 1.30074e+00 -4.29299e+00
5.71470e-02 5.81180e-01 3.13921e-01 9.98885e-01 9.91030e-01 8.09341e-01 1.30049e+00 -4.29298e+00
5.90519e-02 5.81175e-01 3.13924e-01 9.99124e-01 1.00351e+00 8.09343e-01 1.30056e+00 -4.29298e+00
6.09568e-02 5.81183e-01 3.13919e-01 9.98757e-01 9.94525e-01 8.09340e-01 1.30044e+00 -4.29298e+00
6.28617e-02 5.81179e-01 3.13921e-01 9.98935e-01 1.00156e+00 8.09342e-01 1.30050e+00 -4.29298e+00
6.47666e-02 5.81183e-01 3.13919e-01 9.98766e-01 9.96748e-01 8.09340e-01 1.30045e+00 -4.29298e+00
6.66715e-02 5.81181e-01 3.13920e-01 9.98860e-01 1.00010e+00 8.09341e-01 1.30048e+00 -4.29298e+00
6.85764e-02 5.81182e-01 3.13919e-01 9.98791e-01 9.97977e-01 8.09340e-01 1.30046e+00 -4.29298e+00
7.04813e-02 5.81181e-01 3.13920e-01 9.98829e-01 9.99288e-01 8.09341e-01 1.30047e+00 -4.29298e+00
7.23862e-02 5.81182e-01 3.13919e-01 9.98807e-01 9.98569e-01 8.09340e-01 1.30046e+00 -4.29298e+00
7.42911e-02 5.81182e-01 3.13920e-01 9.98816e-01 9.98878e-01 8.09340e-01 1.30047e+00 -4.29298e+00
7.61960e-02 5.81182e-01 3.13920e-01 9.98817e-01 9.98907e-01 8.09340e-01 1.30047e+00 -4.29298e+00
7.81009e-02 5.81182e-01 3.13919e-01 9.98806e-01 9.98531e-01 8.09340e-01 1.30046e+00 -4.29298e+00
8.00058e-02 5.81181e-01 3.13920e-01 9.98831e-01 9.99343e-01 8.09341e-01 1.30047e+00 -4.29298e+00
8.19107e-02 5.81182e-01 3.13919e-01 9.98789e-01 9.97891e-01 8.09340e-01 1.30046e+00 -4.29298e+00
8.38156e-02 5.81181e-01 3.13920e-01 9.98865e-01 1.00022e+00 8.09341e-01 1.30048e+00 -4.29298e+00
8.57205e-02 5.81183e-01 3.13919e-01 9.98762e-01 9.96568e-01 8.09340e-01 1.30045e+00 -4.29298e+00
8.76254e-02 5.81179e-01 3.13922e-01 9.98946e-01 1.00179e+00 8.09342e-01 1.30051e+00 -4.29298e+00
8.95303e-02 5.81183e-01 3.13918e-01 9.98754e-01 9.94203e-01 8.09340e-01 1.30044e+00 -4.29298e+00
9.14352e-02 5.81175e-01 3.13925e-01 9.99147e-01 1.00383e+00 8.09344e-01 1.30057e+00 -4.29298e+00
9.33401e-02 5.81180e-01 3.13921e-01 9.98893e-01 9.90536e-01 8.09341e-01 1.30049e+00 -4.29298e+00
9.52450e-02 5.81163e-01 3.13934e-01 9.99646e-01 1.00510e+00 8.09349e-01 1.30076e+00 -4.29299e+00
9.71499e-02 5.81162e-01 3.13934e-01 9.99454e-01 9.85120e-01 8.09350e-01 1.30078e+00 -4.29299e+00
9.90548e-02 5.81121e-01 3.13964e-01 1.00062e+00 1.00264e+00 8.09369e-01 1.30141e+00 -4.29301e+00
1.00960e-01 5.81085e-01 3.13992e-01 1.00034e+00 9.76240e-01 8.09386e-01 1.30199e+00 -4.29302e+00
1.02865e-01 5.80966e-01 3.14080e-01 1.00084e+00 9.91372e-01 8.09443e-01 1.30388e+00 -4.29308e+00
1.04769e-01 5.80772e-01 3.14224e-01 9.97845e-01 9.59091e-01 8.09537e-01 1.30701e+00 -4.29316e+00
1.06674e-01 5.80322e-01 3.14558e-01 9.91613e-01 9.63454e-01 8.09755e-01 1.31429e+00 -4.29336e+00
1.08579e-01 5.79418e-01 3.15226e-01 9.74639e-01 9.23249e-01 8.10199e-01 1.32913e+00 -4.29377e+00
1.10484e-01 5.77435e-01 3.16684e-01 9.41957e-01 9.05087e-01 8.11168e-01 1.36169e+00 -4.29463e+00
1.12389e-01 5.73156e-01 3.19803e-01 8.79557e-01 8.46477e-01 8.12649e-01 1.41195e+00 -4.29591e+00
1.14294e-01 6.01133e-01 2.98579e-01 7.68640e-01 7.81668e-01 8.00441e-01 1.01373e+00 -4.28368e+00
1.16199e-01 6.01862e-01 2.97827e-01 6.83657e-01 7.15563e-01 8.00623e-01 1.01942e+00 -4.28389e+00
1.18104e-01 6.02189e-01 2.97446e-01 6.25365e-01 6.69189e-01 8.00729e-01 1.02273e+00 -4.28401e+00
1.20009e-01 6.02386e-01 2.97216e-01 5.88628e-01 6.29748e-01 8.00793e-01 1.02473e+00 -4.28409e+00
1.21914e-01 6.02500e-01 2.97083e-01 5.67363e-01 6.02869e-01 8.00830e-01 1.02589e+00 -4.28413e+00
1.23818e-01 6.02563e-01 2.97010e-01 5.56028e-01 5.82070e-01 8.00851e-01 1.02653e+00 -4.28415e+00
1.25723e-01 6.02597e-01 2.96970e-01 5.50478e-01 5.69340e-01 8.00862e-01 1.02688e+00 -4.28417e+00
1.27628e-01 6.02615e-01 2.96949e-01 5.47974e-01 5.59416e-01 8.00868e-01 1.02706e+00 -4.28417e+00
1.29533e-01 6.02625e-01 2.96937e-01 5.46950e-01 5.54779e-01 8.00871e-01 1.02716e+00 -4.28418e+00
1.31438e-01 6.02630e-01 2.96932e-01 5.46564e-01 5.50285e-01 8.00873e-01 1.02721e+00 -4.28418e+00
1.33343e-01 6.02633e-01 2.96929e-01 5.46443e-01 5.49272e-01 8.00874e-01 1.02724e+00 -4.28418e+00
1.35248e-01 6.02634e-01 2.96927e-01 5.46407e-01 5.47231e-01 8.00874e-01 1.02725e+00 -4.28418e+00
1.37153e-01 6.02634e-01 2.96926e-01 5.46405e-01 5.47386e-01 8.00874e-01 1.02726e+00 -4.28418e+00
1.39058e-01 6.02635e-01 2.96926e-01 5.46404e-01 5.46444e-01 8.00874e-01 1.02726e+00 -4.28418e+00
1.40963e-01 6.02635e-01 2.96926e-01 5.46408e-01 5.46756e-01 8.00874e-01 1.02726e+00 -4.28418e+00
1.42867e-01 6.02635e-01 2.96926e-01 5.46408e-01 5.46334e-01 8.00874e-01 1.02726e+00 -4.28418e+00
1.44772e-01 6.02635e-01 2.96926e-01 5.46409e-01 5.46533e-01 8.00874e-01 1.02726e+00 -4.28418e+00
1.46677e-01 6.02635e-01 2.96926e-01 5.46409e-01 5.46362e-01 8.00874e-01 1.02726e+00 -4.28418e+00
1.48582e-01 6.02635e-01 2.96926e-01 5.46409e-01 5.46451e-01 8.00874e-01 1.02726e+00 -4.28418e+00
1.50487e-01 6.02635e-01 2.96926e-01 5.46409e-01 5.46390e-01 8.00874e-01 1.02726e+00 -4.28418e+00
1.52392e-01 6.02635e-01 2.96926e-01 5.46409e-01 5.46422e-01 8.00874e-01 1.02726e+00 -4.28418e+00
1.54297e-01 6.02635e-01 2.96926e-01 5.46409e-01 5.46404e-01 8.00874e-01 1.02726e+00 -4.28418e+00
1.56202e-01 6.02635e-01 2.96926e-01 5.46409e-01 5.46412e-01 8.00874e-01 1.02726e+00 -4.28418e+00
1.58107e-01 6.02635e-01 2.96926e-01 5.46409e-01 5.46408e-01 8.00874e-01 1.02726e+00 -4.28418e+00
1.60012e-01 6.02635e-01 2.96926e-01 5.46409e-01 5.46410e-01 8.00874e-01 1.02726e+00 -4.28418e+00
1.61916e-01 6.02635e-01 2.96926e-01 5.46409e-01 5.46409e-01 8.00874e-01 1.02726e+00 -4.28418e+00
1.63821e-01 6.02635e-01 2.96926e-01 5.46409e-01 5.46409e-01 8.00874e-01 1.02726e+00 -4.28418e+00
1.65726e-01 6.02635e-01 2.96926e-01 5.46409e-01 5.46409e-01 8.00874e-01 1.02726e+00 -4.28418e+00
1.67631e-01 6.02635e-01 2.96926e-01 5.46409e-01 5.46409e-01 8.00874e-01 1.02726e+00 -4.28418e+00
1.69536e-01 6.02635e-01 2.96926e-01 5.46409e-01 5.46409e-01 8.00874e-01 1.02726e+00 -4.28418e+00
1.71441e-01 6.02635e-01 2.96926e-01 5.46409e-01 5.46409e-01 8.00874e-01 1.02726e+00 -4.28418e+00
1.73346e-01 6.02635e-01 2.96926e-01 5.46409e-01 5.46409e-01 8.00874e-01 1.02726e+00 -4.28418e+00
1.75251e-01 6.02635e-01 2.96926e-01 5.46409e-01 5.46409e-01 8.00874e-01 1.02726e+00 -4.28418e+00
1.77156e-01 6.02635e-01 2.96926e-01 5.46409e-01 5.46409e-01 8.00874e-01 1.02726e+00 -4.28418e+00
1.79061e-01 6.02635e-01 2.96926e-01 5.46409e-01 5.46409e-01 8.00874e-01 1.02726e+00 -4.28418e+00
1.80965e-01 6.02635e-01 2.96926e-01 5.46409e-01 5.46409e-01 8.00874e-01 1.02726e+00 -4.28418e+00
1.82870e-01 6.02635e-01 2.96926e-01 5.46409e-01 5.46409e-01 8.00874e-01 1.02726e+00 -4.28418e+00
1.84775e-01 6.02635e-01 2.96926e-01 5.46409e-01 5.46409e-01 8.00874e-01 1.02726e+00 -4.28418e+00
1.86680e-01 6.02635e-01 2.96926e-01 5.46409e-01 5.46409e-01 8.00874e-01 1.02726e+00 -4.28418e+00
1.88585e-01 6.02635e-01 2.96926e-01 5.46409e-01 5.46409e-01 8.00874e-01 1.02726e+00 -4.28418e+00
1.90490e-01 6.02635e-01 2.96926e-01 5.46409e-01 5.46409e-01 8.00874e-01 1.02726e+00 -4.28418e+00
1.92395e-01 6.02635e-01 2.96926e-01 5.46409e-01 5.46409e-01 8.00874e-01 1.02726e+00 -4.28418e+00
1.94300e-01 6.02635e-01 2.96926e-01 5.46409e-01 5.46409e-01 8.00874e-01 1.02726e+00 -4.28418e+00
1.96205e-01 6.02635e-01 2.96926e-01 5.46409e-01 5.46409e-01 8.00874e-01 1.02726e+00 -4.28418e+00
1.98110e-01 6.02635e-01 2.96926e-01 5.46409e-01 5.46409e-01 8.00874e-01 1.02726e+00 -4.28418e+00
2.00014e-01 6.02635e-01 2.96926e-01 5.46409e-01 5.46409e-01 8.00874e-01 1.02726e+00 -4.28418e+00
2.01919e-01 6.02635e-01 2.96926e-01 5.46409e-01 5.46409e-01 8.00874e-01 1.02726e+00 -4.28418e+00
2.03824e-01 6.02635e-01 2.96926e-01 5.46409e-01 5.46409e-01 8.00874e-01 1.02726e+00 -4.28418e+00
2.05729e-01 6.02635e-01 2.96926e-01 5.46409e-01 5.46409e-01 8.00874e-01 1.02726e+00 -4.28418e+00
2.07634e-01 6.02635e-01 2.96926e-01 5.46409e-01 5.46409e-01 8.00874e-01 1.02726e+00 -4.28418e+00
2.09539e-01 6.02635e-01 2.96926e-01 5.46409e-01 5.46409e-01 8.00874e-01 1.02726e+00 -4.28418e+00
2.11444e-01 6.02635e-01 2.96926e-01 5.46409e-01 5.46409e-01 8.00874e-01 1.02726e+00 -4.28418e+00
2.13349e-01 6.02635e-01 2.96926e-01 5.46409e-01 5.46409e-01 8.00874e-01 1.02726e+00 -4.28418e+00
2.15254e-01 6.02635e-01 2.96926e-01 5.46409e-01 5.46409e-01 8.00874e-01 1.02726e+00 -4.28418e+00
2.17159e-01 6.02635e-01 2.96926e-01 5.46409e-01 5.46409e-01 8.00874e-01 1.02726e+00 -4.28418e+00
2.19063e-01 6.02635e-01 2.96926e-01 5.46409e-01 5.46409e-01 8.00874e-01 1.02726e+00 -4.28418e+00
2.20968e-01 6.02635e-01 2.96926e-01 5.46409e-01 5.46409e-01 8.00874e-01 1.02726e+00 -4.28418e+00
2.22873e-01 6.02635e-01 2.96926e-01 5.46409e-01 5.46409e-01 8.00874e-01 1.02726e+00 -4.28418e+00
2.24778e-01 6.02635e-01 2.96926e-01 5.46409e-01 5.46409e-01 8.00874e-01 1.02726e+00 -4.28418e+00
2.26683e-01 6.02635e-01 2.96926e-01 5.46409e-01 5.46409e-01 8.00874e-01 1.02726e+00 -4.28418e+00
2.28588e-01 6.02635e-01 2.96926e-01 5.46409e-01 5.46409e-01 8.00874e-01 1.02726e+00 -4.28418e+00
2.30493e-01 6.02635e-01 2.96926e-01 5.46409e-01 5.46409e-01 8.00874e-01 1.02726e+00 -4.28418e+00
2.32398e-01 6.02635e-01 2.96926e-01 5.46409e-01 5.46409e-01 8.00874e-01 1.02726e+00 -4.28418e+00
2.34303e-01 6.02635e-01 2.96926e-01 5.46409e-01 5.46409e-01 8.00874e-01 1.02726e+00 -4.28418e+00
2.36208e-01 6.02635e-01 2.96926e-01 5.46409e-01 5.46409e-01 8.00874e-01 1.02726e+00 -4.28418e+00
2.38112e-01 6.02635e-01 2.96926e-01 5.46409e-01 5.46409e-01 8.00874e-01 1.02726e+00 -4.28418e+00
2.40017e-01 6.02635e-01 2.96926e-01 5.46409e-01 5.46409e-01 8.00874e-01 1.02726e+00 -4.28418e+00
2.41922e-01 6.02635e-01 2.96926e-01 5.46409e-01 5.46409e-01 8.00874e-01 1.02726e+00 -4.28418e+00
2.43827e-01 6.02635e-01 2.96926e-01 5.46409e-01 5.46409e-01 8.00874e-01 1.02726e+00 -4.28418e+00
2.45732e-01 6.02635e-01 2.96926e-01 5.46409e-01 5.46409e-01 8.00874e-01 1.02726e+00 -4.28418e+00
2.47637e-01 6.02635e-01 2.96926e-01 5.46409e-01 5.46409e-01 8.00874e-01 1.02726e+00 -4.28418e+00
2.49542e-01 6.02635e-01 2.96926e-01 5.46409e-01 5.46409e-01 8.00874e-01 1.02726e+00 -4.28418e+00
2.51447e-01 6.02635e-01 2.96926e-01 5.46409e-01 5.46409e-01 8.00874e-01 1.02726e+00 -4.28418e+00
2.53352e-01 6.02635e-01 2.96926e-01 5.46409e-01 5.46409e-01 8.00874e-01 1.02726e+00 -4.28418e+00
2.55257e-01 6.02635e-01 2.96926e-01 5.46409e-01 5.46409e-01 8.00874e-01 1.02726e+00 -4.28418e+00
2.57161e-01 6.02635e-01 2.96926e-01 5.46409e-01 5.46409e-01 8.00874e-01 1.02726e+00 -4.28418e+00
2.59066e-01 6.02635e-01 2.96926e-01 5.46409e-01 5.46409e-01 8.00874e-01 1.02726e+00 -4.28418e+00
2.60971e-01 6.02635e-01 2.96926e-01 5.46409e-01 5.46409e-01 8.00874e-01 1.02726e+00 -4.28418e+00
2.62876e-01 6.02635e-01 2.96926e-01 5.46409e-01 5.46409e-01 8.00874e-01 1.02726e+00 -4.28418e+00
2.64781e-01 6.02635e-01 2.96926e-01 5.46409e-01 5.46409e-01 8.00874e-01 1.02726e+00 -4.28418e+00
2.66686e-01 6.02635e-01 2.96926e-01 5.46409e-01 5.46409e-01 8.00874e-01 1.02726e+00 -4.28418e+00
2.68591e-01 6.02635e-01 2.96926e-01 5.46409e-01 5.46409e-01 8.00874e-01 1.02726e+00 -4.28418e+00
2.70496e-01 6.02635e-01 2.96926e-01 5.46409e-01 5.46409e-01 8.00874e-01 1.02726e+00 -4.28418e+00
2.72401e-01 6.02635e-01 2.96926e-01 5.46409e-01 5.46409e-01 8.00874e-01 1.02726e+00 -4.28418e+00
2.74306e-01 6.02635e-01 2.96926e-01 5.46409e-01 5.46409e-01 8.00874e-01 1.02726e+00 -4.28418e+00
2.76210e-01 6.02635e-01 2.96926e-01 5.46409e-01 5.46409e-01 8.00874e-01 1.02726e+00 -4.28418e+00
2.78115e-01 6.02635e-01 2.96926e-01 5.46409e-01 5.46409e-01 8.00874e-01 1.02726e+00 -4.28418e+00
2.80020e-01 6.02635e-01 2.96926e-01 5.46409e-01 5.46409e-01 8.00874e-01 1.02726e+00 -4.28418e+00
2.81925e-01 6.02635e-01 2.96926e-01 5.46409e-01 5.46409e-01 8.00874e-01 1.02726e+00 -4.28418e+00
2.83830e-01 6.02635e-01 2.96926e-01 5.46409e-01 5.46409e-01 8.00874e-01 1.02726e+00 -4.28418e+00
2.85735e-01 6.02635e-01 2.96926e-01 5.46409e-01 5.46409e-01 8.00874e-01 1.02726e+00 -4.28418e+00
2.87640e-01 6.02635e-01 2.96926e-01 5.46409e-01 5.46409e-01 8.00874e-01 1.02726e+00 -4.28418e+00
2.89545e-01 6.02635e-01 2.96926e-01 5.46409e-01 5.46409e-01 8.00874e-01 1.02726e+00 -4.28418e+00
2.91450e-01 6.02635e-01 2.96926e-01 5.46409e-01 5.46409e-01 8.00874e-01 1.02726e+00 -4.28418e+00
2.93355e-01 6.02635e-01 2.96926e-01 5.46409e-01 5.46409e-01 8.00874e-01 1.02726e+00 -4.28418e+00
2.95259e-01 6.02635e-01 2.96926e-01 5.46409e-01 5.46409e-01 8.00874e-01 1.02726e+00 -4.28418e+00
2.97164e-01 6.02635e-01 2.96926e-01 5.46409e-01 5.46409e-01 8.00874e-01 1.02726e+00 -4.28418e+00
2.99069e-01 6.02635e-01 2.96926e-01 5.46409e-01 5.46409e-01 8.00874e-01 1.02726e+00 -4.28418e+00
3.00974e-01 6.02635e-01 2.96926e-01 5.46409e-01 5.46409e-01 8.00874e-01 1.02726e+00 -4.28418e+00
3.02879e-01 6.02635e-01 2.96926e-01 5.46409e-01 5.46409e-01 8.00874e-01 1.02726e+00 -4.28418e+00
3.04784e-01 6.02635e-01 2.96926e-01 5.46409e-01 5.46409e-01 8.00874e-01 1.02726e+00 -4.28418e+00
3.06689e-01 6.02635e-01 2.96926e-01 5.46409e-01 5.46409e-01 8.00874e-01 1.02726e+00 -4.28418e+00
3.08594e-01 6.02635e-01 2.96926e-01 5.46409e-01 5.46409e-01 8.00874e-01 1.02726e+00 -4.28418e+00
3.10499e-01 6.02635e-01 2.96926e-01 5.46409e-01 5.46409e-01 8.00874e-01 1.02726e+00 -4.28418e+00
3.12404e-01 6.02635e-01 2.96926e-01 5.46409e-01 5.46409e-01 8.00874e-01 1.02726e+00 -4.28418e+00
3.14308e-01 6.02635e-01 2.96926e-01 5.46409e-01 5.46409e-01 8.00874e-01 1.02726e+00 -4.28418e+00
3.16213e-01 6.02635e-01 2.96926e-01 5.46409e-01 5.46409e-01 8.00874e-01 1.02726e+00 -4.28418e+00
3.18118e-01 6.02635e-01 2.96926e-01 5.46409e-01 5.46409e-01 8.00874e-01 1.02726e+00 -4.28418e+00
3.20023e-01 6.02635e-01 2.96926e-01 5.46409e-01 5.46409e-01 8.00874e-01 1.02726e+00 -4.28418e+00
3.21928e-01 6.02635e-01 2.96926e-01 5.46409e-01 5.46409e-01 8.00874e-01 1.02726e+00 -4.28418e+00
3.23833e-01 6.02635e-01 2.96926e-01 5.46409e-01 5.46409e-01 8.00874e-01 1.02726e+00 -4.28418e+00
3.25738e-01 6.02635e-01 2.96926e-01 5.46409e-01 5.46409e-01 8.00874e-01 1.02726e+00 -4.28418e+00
3.27643e-01 6.02635e-01 2.96926e-01 5.46409e-01 5.46409e-01 8.00874e-01 1.02726e+00 -4.28418e+00
3.29548e-01 6.02635e-01 2.96926e-01 5.46409e-01 5.46409e-01 8.00874e-01 1.02726e+00 -4.28418e+00
3.31453e-01 6.02635e-01 2.96926e-01 5.46409e-01 5.46409e-01 8.00874e-01 1.02726e+00 -4.28418e+00
3.33357e-01 6.02635e-01 2.96926e-01 5.46409e-01 5.46409e-01 8.00874e-01 1.02726e+00 -4.28418e+00
3.35262e-01 6.02635e-01 2.96926e-01 5.46409e-01 5.46409e-01 8.00874e-01 1.02726e+00 -4.28418e+00
3.37167e-01 6.02635e-01 2.96926e-01 5.46409e-01 5.46409e-01 8.00874e-01 1.02726e+00 -4.28418e+00
3.39072e-01 6.02635e-01 2.96926e-01 5.46409e-01 5.46409e-01 8.00874e-01 1.02726e+00 -4.28418e+00
3.40977e-01 6.02635e-01 2.96926e-01 5.46409e-01 5.46409e-01 8.00874e-01 1.02726e+00 -4.28418e+00
3.42882e-01 6.02635e-01 2.96926e-01 5.46409e-01 5.46409e-01 8.00874e-01 1.02726e+00 -4.28418e+00
3.44787e-01 6.02635e-01 2.96926e-01 5.46409e-01 5.46409e-01 8.00874e-01 1.02726e+00 -4.28418e+00
3.46692e-01 6.02635e-01 2.96926e-01 5.46409e-01 5.46409e-01 8.00874e-01 1.02726e+00 -4.28418e+00
3.48597e-01 6.02635e-01 2.96926e-01 5.46409e-01 5.46409e-01 8.00874e-01 1.02726e+00 -4.28418e+00
3.50502e-01 6.02635e-01 2.96926e-01 5.46409e-01 5.46409e-01 8.00874e-01 1.02726e+00 -4.28418e+00
3.52406e-01 6.02635e-01 2.96926e-01 5.46409e-01 5.46409e-01 8.00874e-01 1.02726e+00 -4.28418e+00
3.54311e-01 6.02635e-01 2.96926e-01 5.46409e-01 5.46409e-01 8.00874e-01 1.02726e+00 -4.28418e+00
3.56216e-01 6.02635e-01 2.96926e-01 5.46409e-01 5.46409e-01 8.00874e-01 1.02726e+00 -4.28418e+00
3.58121e-01 6.02635e-01 2.96926e-01 5.46409e-01 5.46409e-01 8.00874e-01 1.02726e+00 -4.28418e+00
3.60026e-01 6.02635e-01 2.96926e-01 5.46409e-01 5.46409e-01 8.00874e-01 1.02726e+00 -4.28418e+00
3.61931e-01 6.02635e-01 2.96926e-01 5.46409e-01 5.46409e-01 8.00874e-01 1.02726e+00 -4.28418e+00
3.63836e-01 6.02635e-01 2.96926e-01 5.46409e-01 5.46409e-01 8.00874e-01 1.02726e+00 -4.28418e+00
3.65741e-01 6.02635e-01 2.96926e-01 5.46409e-01 5.46409e-01 8.00874e-01 1.02726e+00 -4.28418e+00
3.67646e-01 6.02635e-01 2.96926e-01 5.46409e-01 5.46409e-01 8.00874e-01 1.02726e+00 -4.28418e+00
3.69551e-01 6.02635e-01 2.96926e-01 5.46409e-01 5.46409e-01 8.00874e-01 1.02726e+00 -4.28418e+00
3.71455e-01 6.02635e-01 2.96926e-01 5.46409e-01 5.46409e-01 8.00874e-01 1.02726e+00 -4.28418e+00
3.73360e-01 6.02635e-01 2.96926e-01 5.46409e-01 5.46409e-01 8.00874e-01 1.02726e+00 -4.28418e+00
3.75265e-01 6.02635e-01 2.96926e-01 5.46409e-01 5.46409e-01 8.00874e-01 1.02726e+00 -4.28418e+00
3.77170e-01 6.02635e-01 2.96926e-01 5.46409e-01 5.46409e-01 8.00874e-01 1.02726e+00 -4.28418e+00
3.79075e-01 6.02635e-01 2.96926e-01 5.46409e-01 5.46409e-01 8.00874e-01 1.02726e+00 -4.28418e+00
